Unique_ID,Study_ID,Location_ID,Survey_ID,Day_of_Week,Time_of_Day,Date,Start_time,End_time,Conditions,Weather,Temperature,Surveyor,Row_ID,Row_Total,Group_Size,Male,Female,Gender_Unknown,White,BlackAfricanAmerican,AmericanIndian_AlaskanNative,Asian,NativeHawaiian_PacificIslander,Latino,Multiple_Races,Race_Unknown,Age_0-4,Age_5-14,Age_15-24,Age_25-44,Age_45-64,Age_65+,Standing,Leaning,SittingFormal_Public,SittingFormal_Commercial,SittingFormal_Private,SittingInformal,Lying,Mobility_Assistance_Device,CommercialActivity_Providing,CommercialActivity_Buying,CommercialActivity_Observing,Eating/Drinking,Talking,CulturalActivity,UsingElectronics,ActiveRecreation,PassiveRecreation,WaitingTransportation,CivicWork,Smoking,DisruptiveActivity_Aggressive,DisruptiveActivity_Intoxicated,LivingActivities,Soliciting,Notes
0,2018 People Staying Counts,MAP1,Weekday1_Morning,Weekday,Morning,20180802,0820,0830,,Heavy Clouds,58,UD4H,1,1,3,,1,,,,,,,1,,,,,,,1,,,,1,,,,,,,1,,1,1,,,,,,,,,,,,
1,2018 People Staying Counts,MAP1,Weekday1_Morning,Weekday,Morning,20180802,0820,0830,,Heavy Clouds,58,UD4H,2,1,3,,1,,,,,,,1,,,,,,,1,,,,1,,,,,,,1,,1,1,,,,,,,,,,,,
2,2018 People Staying Counts,MAP1,Weekday1_Morning,Weekday,Morning,20180802,0820,0830,,Heavy Clouds,58,UD4H,3,1,3,,,1,,,,,,,,1,1,,,,,,,,,,,1,,,,,,,,,,,1,,,,,,,,
3,2018 People Staying Counts,MAP1,Weekday1_Morning,Weekday,Morning,20180802,0820,0830,,Heavy Clouds,58,UD4H,4,1,1,1,,,1,,,,,,,,,,,1,,,1,,,,,,,,,,,,,,1,,,,,,,,,,
4,2018 People Staying Counts,MAP1,Weekday1_Morning,Weekday,Morning,20180802,0820,0830,,Heavy Clouds,58,UD4H,5,1,2,1,,,1,,,,,,,,,,,1,,,1,,,,,,,,,,,1,,,1,,,,,,,,,,
5,2018 People Staying Counts,MAP1,Weekday1_Morning,Weekday,Morning,20180802,0820,0830,,Heavy Clouds,58,UD4H,6,1,2,,,1,1,,,,,,,,1,,,,,,,,,,,1,,,,,,,,,,,1,,,,,,,,
6,2018 People Staying Counts,MAP1,Weekday1_Midday,Weekday,Midday,20180802,1220,1230,,Heavy Clouds,60,UD4H,1,1,1,1,,,1,,,,,,,,,,,,1,,,,1,,,,,,,1,,1,,,1,,,,,,,,,,
7,2018 People Staying Counts,MAP1,Weekday1_Midday,Weekday,Midday,20180802,1220,1230,,Heavy Clouds,60,UD4H,2,1,1,,1,,1,,,,,,,,,,,,,1,,,1,,,,,,,,,1,,,1,,1,,,,,,,,
8,2018 People Staying Counts,MAP1,Weekday1_Midday,Weekday,Midday,20180802,1220,1230,,Heavy Clouds,60,UD4H,3,1,2,1,,,,,,,,1,,,,,,,1,,,,1,,,,,,,1,,1,1,,,,,,,,,,,,
9,2018 People Staying Counts,MAP1,Weekday1_Midday,Weekday,Midday,20180802,1220,1230,,Heavy Clouds,60,UD4H,4,1,2,1,,,1,,,,,,,,,,,1,,,,,1,,,,,,,1,,1,1,,,,,,,,,,,,
10,2018 People Staying Counts,MAP1,Weekday1_Midday,Weekday,Midday,20180802,1220,1230,,Heavy Clouds,60,UD4H,5,1,2,1,,,1,,,,,,,,,,,1,,,,,1,,,,,,,1,,,1,,,,,,,,,,,,
11,2018 People Staying Counts,MAP1,Weekday1_Midday,Weekday,Midday,20180802,1220,1230,,Heavy Clouds,60,UD4H,6,1,2,,1,,1,,,,,,,,,,,1,,,,,1,,,,,,,1,,1,1,,,,,,,,,,,,
12,2018 People Staying Counts,MAP1,Weekday1_Midday,Weekday,Midday,20180802,1220,1230,,Heavy Clouds,60,UD4H,7,1,1,,1,,1,,,,,,,,,,,1,,,1,,,,,,,,,1,,,,,,1,,,,,,,,,
13,2018 People Staying Counts,MAP1,Weekday1_Midday,Weekday,Midday,20180802,1220,1230,,Heavy Clouds,60,UD4H,8,1,2,1,,,1,,,,,,,,,,,1,,,,,1,,,,,,,1,,,1,,,,,,,,,,,,
14,2018 People Staying Counts,MAP1,Weekday1_Midday,Weekday,Midday,20180802,1220,1230,,Heavy Clouds,60,UD4H,9,1,2,,1,,1,,,,,,,,,,,1,,,,,1,,,,,,,1,,1,1,,1,,,,,,,,,,
15,2018 People Staying Counts,MAP1,Weekday1_Midday,Weekday,Midday,20180802,1220,1230,,Heavy Clouds,60,UD4H,10,1,1,,1,,1,,,,,,,,,,,1,,,,1,,,,,,,,,,,,,1,,,,,,,,,,
16,2018 People Staying Counts,MAP1,Weekday1_Midday,Weekday,Midday,20180802,1220,1230,,Heavy Clouds,60,UD4H,11,1,1,,1,,1,,,,,,,,,,,1,,,1,,,,,,,,,,,,,,,1,,,,,,,,,
17,2018 People Staying Counts,MAP1,Weekday1_Midday,Weekday,Midday,20180802,1220,1230,,Heavy Clouds,60,UD4H,12,1,2,,1,,1,,,,,,,,,,,,,1,,,1,,,,,,,1,,1,,,1,,,,,,,,1,,
18,2018 People Staying Counts,MAP1,Weekday1_Midday,Weekday,Midday,20180802,1220,1230,,Heavy Clouds,60,UD4H,13,1,2,1,,,1,,,,,,,,,,,1,,,,,1,,,,,,,,,1,,,1,,,,,,,,,,
19,2018 People Staying Counts,MAP1,Weekday1_Evening,Weekday,Evening,20180802,1622,1632,,Heavy Clouds,67,UD4H,1,1,2,,1,,1,,,,,,,,,,,,1,,,,1,,,,,,,1,,1,1,,,,,,,,,,,,
20,2018 People Staying Counts,MAP1,Weekday1_Evening,Weekday,Evening,20180802,1622,1632,,Heavy Clouds,67,UD4H,2,1,2,,1,,1,,,,,,,,,,,1,,,,,1,,,,,,,1,,1,1,,1,,,,,,,,,,
21,2018 People Staying Counts,MAP1,Weekday1_Evening,Weekday,Evening,20180802,1622,1632,,Heavy Clouds,67,UD4H,3,1,1,1,,,1,,,,,,,,,,,,1,,,,1,,,,,,,1,1,1,,,,,1,,,,,,,,
22,2018 People Staying Counts,MAP1,Weekday1_Evening,Weekday,Evening,20180802,1622,1632,,Heavy Clouds,67,UD4H,4,1,1,1,,,1,,,,,,,,,,,,1,,1,,,,,,,,,1,,1,,,,,1,,,,,,,,
23,2018 People Staying Counts,MAP1,Weekday2_Morning,Weekday,Morning,20180803,0822,0832,,Heavy Clouds,59,UD4H,1,1,4,,1,,1,,,,,,,,,,,,1,,,,1,,,,,,,1,,1,1,,,,,,,,,,,,
24,2018 People Staying Counts,MAP1,Weekday2_Morning,Weekday,Morning,20180803,0822,0832,,Heavy Clouds,59,UD4H,2,1,4,1,,,1,,,,,,,,,,,,1,,,,1,,,,,,,1,,1,1,,,,,,,,,,,,
25,2018 People Staying Counts,MAP1,Weekday2_Morning,Weekday,Morning,20180803,0822,0832,,Heavy Clouds,59,UD4H,3,1,4,1,,,1,,,,,,,,1,,,,,,,,1,,,,,,,,,1,1,,,,,,,,,,,,
26,2018 People Staying Counts,MAP1,Weekday2_Morning,Weekday,Morning,20180803,0822,0832,,Heavy Clouds,59,UD4H,4,1,4,,,1,1,,,,,,,,1,,,,,,,,,,,1,,,,,,,,,,,1,,,,,,,,
27,2018 People Staying Counts,MAP1,Weekday2_Morning,Weekday,Morning,20180803,0822,0832,,Heavy Clouds,59,UD4H,5,1,1,,1,,1,,,,,,,,,,,,1,,1,,,,,,,,,,,,,,,,,,1,,,,,,
28,2018 People Staying Counts,MAP1,Weekday2_Morning,Weekday,Morning,20180803,0822,0832,,Heavy Clouds,59,UD4H,6,1,1,1,,,1,,,,,,,,,,,1,,,1,,,,,,,,,,,,,,,,,,1,,,,,,
29,2018 People Staying Counts,MAP1,Weekday2_Morning,Weekday,Morning,20180803,0822,0832,,Heavy Clouds,59,UD4H,7,1,2,1,,,1,,,,,,,,,,1,,,,,,1,,,,,,,,,,1,,1,,,,,,,,,,
30,2018 People Staying Counts,MAP1,Weekday2_Morning,Weekday,Morning,20180803,0822,0832,,Heavy Clouds,59,UD4H,8,1,2,,1,,1,,,,,,,,,,1,,,,,,1,,,,,,,1,,1,1,,,,,,,,,,,,
31,2018 People Staying Counts,MAP1,Weekday2_Morning,Weekday,Morning,20180803,0822,0832,,Heavy Clouds,59,UD4H,9,1,1,1,,,1,,,,,,,,,,,1,,,1,,,,,,,,,1,,1,,,,1,,,,,,,,,
32,2018 People Staying Counts,MAP1,Weekday2_Morning,Weekday,Morning,20180803,0822,0832,,Heavy Clouds,59,UD4H,10,1,1,1,,,1,,,,,,,,,,,,1,,,,1,,,,,,,1,,,,,1,,,,,,,,,,
33,2018 People Staying Counts,MAP1,Weekday2_Midday,Weekday,Midday,20180803,1222,1232,,Light Clouds,68,UD4H,1,1,4,1,,,1,,,,,,,,,,,,,1,,,1,,,,,,,1,,1,,,,,,,,,,,,,
34,2018 People Staying Counts,MAP1,Weekday2_Midday,Weekday,Midday,20180803,1222,1232,,Light Clouds,68,UD4H,2,1,4,,1,,1,,,,,,,,,,,,1,,,,1,,,,,,,1,,1,1,,,,,,,,,,,,
35,2018 People Staying Counts,MAP1,Weekday2_Midday,Weekday,Midday,20180803,1222,1232,,Light Clouds,68,UD4H,3,1,4,1,,,1,,,,,,,,,,,,1,,,,1,,,,,,,1,,1,1,,1,,,,,,,,,,
36,2018 People Staying Counts,MAP1,Weekday2_Midday,Weekday,Midday,20180803,1222,1232,,Light Clouds,68,UD4H,4,1,4,,1,,1,,,,,,,,,,,,1,,,,1,,,,,,,1,,1,1,,,,,,,,,,,,
37,2018 People Staying Counts,MAP1,Weekday2_Midday,Weekday,Midday,20180803,1222,1232,,Light Clouds,68,UD4H,5,1,2,,1,,1,,,,,,,,,,,,,1,,,1,,,,,,,1,,1,,,1,,,,,,,,,,
38,2018 People Staying Counts,MAP1,Weekday2_Midday,Weekday,Midday,20180803,1222,1232,,Light Clouds,68,UD4H,6,1,2,,1,,1,,,,,,,,,,,,1,,,,1,,,,,,,1,,1,1,,,,,,,,,,,,
39,2018 People Staying Counts,MAP1,Weekday2_Midday,Weekday,Midday,20180803,1222,1232,,Light Clouds,68,UD4H,7,1,2,,1,,1,,,,,,,,,,,,,1,,,1,,,,,,,1,,1,1,,,,,,,,,,,,
40,2018 People Staying Counts,MAP1,Weekday2_Midday,Weekday,Midday,20180803,1222,1232,,Light Clouds,68,UD4H,8,1,2,,1,,1,,,,,,,,,,,,,1,,,1,,,,,,,1,,1,1,,,,,,,,,,,,
41,2018 People Staying Counts,MAP1,Weekday2_Midday,Weekday,Midday,20180803,1222,1232,,Light Clouds,68,UD4H,9,1,2,1,,,1,,,,,,,,,,,1,,,,,1,,,,,,,,,,1,,,,,,,,,,,,
42,2018 People Staying Counts,MAP1,Weekday2_Midday,Weekday,Midday,20180803,1222,1232,,Light Clouds,68,UD4H,10,1,2,1,,,1,,,,,,,,,,,,1,,,,1,,,,,,,1,,1,1,,,,,,,,,,,,
43,2018 People Staying Counts,MAP1,Weekday2_Midday,Weekday,Midday,20180803,1222,1232,,Light Clouds,68,UD4H,11,1,1,,1,,1,,,,,,,,,,,,1,,,,1,,,,,,,1,,1,1,,,,,,,,,,,,
44,2018 People Staying Counts,MAP1,Weekday2_Evening,Weekday,Evening,20180803,1637,1647,,Sun-Shaded,73,UD4H,1,1,6,1,,,,,,1,,,,,,,,,1,,,,1,,,,,,,1,,1,1,,1,,,,,,,,,,
45,2018 People Staying Counts,MAP1,Weekday2_Evening,Weekday,Evening,20180803,1637,1647,,Sun-Shaded,73,UD4H,2,1,6,,1,,,,,1,,,,,,1,,,,,,,1,,,,,,,,,1,1,,,,,,,,,,,,
46,2018 People Staying Counts,MAP1,Weekday2_Evening,Weekday,Evening,20180803,1637,1647,,Sun-Shaded,73,UD4H,3,1,6,,1,,,,,1,,,,,,1,,,,,,,,,,1,,,,,,1,1,,,,,,,,,,,,
47,2018 People Staying Counts,MAP1,Weekday2_Evening,Weekday,Evening,20180803,1637,1647,,Sun-Shaded,73,UD4H,4,1,6,,1,,,,,1,,,,,,,,1,,,,1,,,,,,,,,,,1,,,,,,,,,,,,
48,2018 People Staying Counts,MAP1,Weekday2_Evening,Weekday,Evening,20180803,1637,1647,,Sun-Shaded,73,UD4H,5,1,6,,1,,,,,1,,,,,,,,,1,,,,1,,,,,,,,,1,1,,,,,,,,,,,,
49,2018 People Staying Counts,MAP1,Weekday2_Evening,Weekday,Evening,20180803,1637,1647,,Sun-Shaded,73,UD4H,6,1,6,,1,,,,,1,,,,,,,,,1,,,,1,,,,,,,,,1,1,,1,,,,,,,,,,
50,2018 People Staying Counts,MAP1,Weekday2_Evening,Weekday,Evening,20180803,1637,1647,,Sun-Shaded,73,UD4H,7,1,1,,1,,1,,,,,,,,,,,,,1,,,,,,1,,1,,,1,,,,,,1,,,,,,,,
51,2018 People Staying Counts,MAP1,Weekday2_Evening,Weekday,Evening,20180803,1637,1647,,Sun-Shaded,73,UD4H,8,1,1,,1,,1,,,,,,,,,,,,1,,1,,,,,,,,,,1,,,,,,,,,,,,,,
52,2018 People Staying Counts,MAP1,Weekend_Midday,Weekend,Midday,20180811,1241,1251,,Heavy Clouds,71,UD4H,1,1,2,,1,,,,,,,,1,,,,1,,,,,,1,,,,,,,1,,1,1,,,,,,,,,,,,
53,2018 People Staying Counts,MAP1,Weekend_Midday,Weekend,Midday,20180811,1241,1251,,Heavy Clouds,71,UD4H,2,1,2,,1,,1,,,,,,,,,,1,,,,,,1,,,,,,,1,,1,1,,1,,,,,,,,,,
54,2018 People Staying Counts,MAP1,Weekend_Midday,Weekend,Midday,20180811,1241,1251,,Heavy Clouds,71,UD4H,3,1,1,1,,,1,,,,,,,,,,,1,,,,,1,,,,,,,1,,1,,,1,,,,,,,,,,
55,2018 People Staying Counts,MAP1,Weekend_Midday,Weekend,Midday,20180811,1241,1251,,Heavy Clouds,71,UD4H,4,1,2,1,,,1,,,,,,,,,,,,,1,,,1,,,,,,,1,,1,1,,,,,,,,,,,,
56,2018 People Staying Counts,MAP1,Weekend_Midday,Weekend,Midday,20180811,1241,1251,,Heavy Clouds,71,UD4H,5,1,2,,1,,1,,,,,,,,,,,,,1,,,1,,,,,,,1,,1,1,,,,,,,,,,,,
57,2018 People Staying Counts,MAP1,Weekend_Midday,Weekend,Midday,20180811,1241,1251,,Heavy Clouds,71,UD4H,6,1,4,1,,,1,,,,,,,,,,,1,,,,,1,,,,,,,1,,1,1,,,,,,,,,,,,
58,2018 People Staying Counts,MAP1,Weekend_Midday,Weekend,Midday,20180811,1241,1251,,Heavy Clouds,71,UD4H,7,1,4,,1,,1,,,,,,,,,,,1,,,,,1,,,,,,,1,,1,1,,,,,,,,,,,,
59,2018 People Staying Counts,MAP1,Weekend_Midday,Weekend,Midday,20180811,1241,1251,,Heavy Clouds,71,UD4H,8,1,4,,1,,1,,,,,,,,1,,,,,,,,1,,,,,,,,,1,1,,,,,,,,,,,,
60,2018 People Staying Counts,MAP1,Weekend_Midday,Weekend,Midday,20180811,1241,1251,,Heavy Clouds,71,UD4H,9,1,4,1,,,1,,,,,,,,1,,,,,,,,1,,,,,,,,,1,1,,,,,,,,,,,,
61,2018 People Staying Counts,MAP1,Weekend_Midday,Weekend,Midday,20180811,1241,1251,,Heavy Clouds,71,UD4H,10,1,2,1,,,1,,,,,,,,,,,1,,,,,1,,,,,,,1,,1,1,,1,,,,,,,,,,
62,2018 People Staying Counts,MAP1,Weekend_Midday,Weekend,Midday,20180811,1241,1251,,Heavy Clouds,71,UD4H,11,1,2,1,,,1,,,,,,,,,,,1,,,,,1,,,,,,,1,,1,1,,1,,,,,,,,,,
63,2018 People Staying Counts,MAP1,Weekend_Midday,Weekend,Midday,20180811,1241,1251,,Heavy Clouds,71,UD4H,12,1,2,,1,,1,,,,,,,,,,,,1,,1,,,,,,,,,1,1,,1,,,1,,,,,,,,,
64,2018 People Staying Counts,MAP1,Weekend_Midday,Weekend,Midday,20180811,1241,1251,,Heavy Clouds,71,UD4H,13,1,2,,1,,1,,,,,,,,,1,,,,,1,,,,,,,,,,,1,1,,,1,,,,,,,,,
65,2018 People Staying Counts,MAP1,Weekend_Midday,Weekend,Midday,20180811,1241,1251,,Heavy Clouds,71,UD4H,14,1,2,,1,,1,,,,,,,,,,,1,,,,,1,,,,,,,1,,1,,,1,,,,,,,,,,
66,2018 People Staying Counts,MAP1,Weekend_Midday,Weekend,Midday,20180811,1241,1251,,Heavy Clouds,71,UD4H,15,1,2,1,,,1,,,,,,,,,,,1,,,,,1,,,,,,,1,,1,1,,,,,,,,,,,,
67,2018 People Staying Counts,MAP1,Weekend_Midday,Weekend,Midday,20180811,1241,1251,,Heavy Clouds,71,UD4H,16,1,1,,1,,1,,,,,,,,,1,,,,,,,1,,,,,,,,1,,1,,,,1,,,,,,,,
68,2018 People Staying Counts,MAP1,Weekend_Midday,Weekend,Midday,20180811,1241,1251,,Heavy Clouds,71,UD4H,17,1,1,,1,,1,,,,,,,,,,,1,,,,,1,,,,,,,1,,1,1,,,,,,,,,,,,
69,2018 People Staying Counts,MAP1,Weekend_Evening,Weekend,Evening,20180811,1630,1640,,Sun-Shaded,72,UD4H,1,0,,,,,,,,,,,,,,,,,,,,,,,,,,,,,,,,,,,,,,,,,,,
"5,406",2018 People Staying Counts,WAL3,Weekday2_Morning,Weekday,Morning,20180823,0914,0924,,Light Rain,59,UD4H,1,0,,,,,,,,,,,,,,,,,,,,,,,,,,,,,,,,,,,,,,,,,,,
70,2018 People Staying Counts,TUJ1,Weekday1_Morning,Weekday,Morning,20180801,0835,0845,,Heavy Clouds,61,UD4H,1,1,1,1,,,1,,,,,,,,,,,1,,,1,,,,,,,,,,,,,,1,,,1,,,,,,,
71,2018 People Staying Counts,TUJ1,Weekday1_Morning,Weekday,Morning,20180801,0835,0845,,Heavy Clouds,61,UD4H,2,1,2,1,,,,1,,,,,,,,,1,,,,1,,,,,,,,,,,,1,,,,,1,,,,,,,
72,2018 People Staying Counts,TUJ1,Weekday1_Morning,Weekday,Morning,20180801,0835,0845,,Heavy Clouds,61,UD4H,3,1,2,1,,,,1,,,,,,,,,1,,,,1,,,,,,,,,,,,1,,,1,,1,,,,,,,
73,2018 People Staying Counts,TUJ1,Weekday1_Morning,Weekday,Morning,20180801,0835,0845,,Heavy Clouds,61,UD4H,4,1,1,,1,,,,,,,1,,,,,,,1,,1,,,,,,,,,,,,,,,,,1,,,,,,,
74,2018 People Staying Counts,TUJ1,Weekday1_Morning,Weekday,Morning,20180801,0835,0845,,Heavy Clouds,61,UD4H,5,1,1,,1,,1,,,,,,,,,,,1,,,1,,,,,,,,,,,,,,1,,,1,,,,,,,
75,2018 People Staying Counts,TUJ1,Weekday1_Morning,Weekday,Morning,20180801,0835,0845,,Heavy Clouds,61,UD4H,6,1,1,1,,,1,,,,,,,,,,,1,,,1,,,,,,,,,,,,,,,,,1,,,,,,,
76,2018 People Staying Counts,TUJ1,Weekday1_Morning,Weekday,Morning,20180801,0835,0845,,Heavy Clouds,61,UD4H,7,1,1,,1,,,1,,,,,,,,,,1,,,1,,,,,,,,,,,,,,,,,1,,,,,,,
77,2018 People Staying Counts,TUJ1,Weekday1_Morning,Weekday,Morning,20180801,0835,0845,,Heavy Clouds,61,UD4H,8,1,1,1,,,1,,,,,,,,,,,1,,,1,,,,,,,,,,,,,,1,,,1,,,,,,,
78,2018 People Staying Counts,TUJ1,Weekday1_Midday,Weekday,Midday,20180801,1237,1247,,Heavy Clouds,68,UD4H,1,1,1,1,,,1,,,,,,,,,,,,1,,,,1,,,,,,,,,,,,,,1,,,,,,,,
79,2018 People Staying Counts,TUJ1,Weekday1_Midday,Weekday,Midday,20180801,1237,1247,,Heavy Clouds,68,UD4H,2,1,1,1,,,,1,,,,,,,,,,1,,,1,,,,,,,,,,,,,,1,,,,,,,,,,
80,2018 People Staying Counts,TUJ1,Weekday1_Midday,Weekday,Midday,20180801,1237,1247,,Heavy Clouds,68,UD4H,3,1,1,,1,,,,,,,1,,,,,,1,,,,,1,,,,,,,,,,,,1,,,1,,1,,,,,
81,2018 People Staying Counts,TUJ1,Weekday1_Midday,Weekday,Midday,20180801,1237,1247,,Heavy Clouds,68,UD4H,4,1,1,1,,,1,,,,,,,,,,1,,,,,1,,,,,,,,,,,,,1,,,1,,,,,,,
82,2018 People Staying Counts,TUJ1,Weekday1_Midday,Weekday,Midday,20180801,1237,1247,,Heavy Clouds,68,UD4H,5,1,1,1,,,1,,,,,,,,,,,1,,,,,1,,,,,,,,,,,,,,,1,,,,,,,
83,2018 People Staying Counts,TUJ1,Weekday1_Evening,Weekday,Evening,20180801,1652,1702,,Sun-Shaded,77,UD4H,1,1,3,,1,,1,,,,,,,,,,,,1,,,,1,,,,,,,1,,1,1,,,,,,,,,,,,
84,2018 People Staying Counts,TUJ1,Weekday1_Evening,Weekday,Evening,20180801,1652,1702,,Sun-Shaded,77,UD4H,2,1,3,,1,,1,,,,,,,,,,,,1,,,,1,,,,,,,1,,1,1,,,,,,,,,,,,
85,2018 People Staying Counts,TUJ1,Weekday1_Evening,Weekday,Evening,20180801,1652,1702,,Sun-Shaded,77,UD4H,3,1,3,,1,,1,,,,,,,,,1,,,,,,,1,,,,,,,,,1,1,,,,,,,,,,,,
86,2018 People Staying Counts,TUJ1,Weekday1_Evening,Weekday,Evening,20180801,1652,1702,,Sun-Shaded,77,UD4H,4,1,2,1,,,,,,1,,,,,,,,1,,,,,1,,,,,,,1,,1,1,,,,,,,,,,,,
87,2018 People Staying Counts,TUJ1,Weekday1_Evening,Weekday,Evening,20180801,1652,1702,,Sun-Shaded,77,UD4H,5,1,2,,1,,,,,1,,,,,,1,,,,,,,1,,,,,,,,,1,1,,,,,,,,,,,,
88,2018 People Staying Counts,TUJ1,Weekday1_Evening,Weekday,Evening,20180801,1652,1702,,Sun-Shaded,77,UD4H,6,1,2,,1,,1,,,,,,,,,,,,1,,1,,,,,,,,,1,,,1,,,,,,,,,,,,
89,2018 People Staying Counts,TUJ1,Weekday1_Evening,Weekday,Evening,20180801,1652,1702,,Sun-Shaded,77,UD4H,7,1,2,1,,,1,,,,,,,,,1,,,,,1,,,,,,,,,,,1,1,,,,,,,,,,,,
90,2018 People Staying Counts,TUJ1,Weekday1_Evening,Weekday,Evening,20180801,1652,1702,,Sun-Shaded,77,UD4H,8,1,2,1,,,1,,,,,,,,,,,1,,,1,,,,,,,,,,,,1,,,,,1,,,,,,,
91,2018 People Staying Counts,TUJ1,Weekday1_Evening,Weekday,Evening,20180801,1652,1702,,Sun-Shaded,77,UD4H,9,1,2,,1,,1,,,,,,,,,,,1,,,1,,,,,,,,,,,,1,,,,,1,,,,,,,
92,2018 People Staying Counts,TUJ1,Weekday2_Morning,Weekday,Morning,20180803,0840,0850,,Light Rain,59,UD4H,1,1,1,1,,,1,,,,,,,,,,,1,,,1,,,,,,,,,,,,,,1,,,1,,,,,,,
93,2018 People Staying Counts,TUJ1,Weekday2_Morning,Weekday,Morning,20180803,0840,0850,,Light Rain,59,UD4H,2,1,1,1,,,,,,,,1,,,,,,1,,,1,,,,,,,,,,,,,,1,,,1,,,,,,,
94,2018 People Staying Counts,TUJ1,Weekday2_Morning,Weekday,Morning,20180803,0840,0850,,Light Rain,59,UD4H,3,1,1,,1,,,1,,,,,,,,,,1,,,,,1,,,,,,,,,,,,1,,,1,,,,,,,
95,2018 People Staying Counts,TUJ1,Weekday2_Midday,Weekday,Midday,20180803,1225,1235,,Sun-Exposed,67,UD4H,1,1,2,,1,,,1,,,,,,,,,,1,,,1,,,,,,,,,,,,1,,1,,,1,,,,,,,
96,2018 People Staying Counts,TUJ1,Weekday2_Midday,Weekday,Midday,20180803,1225,1235,,Sun-Exposed,67,UD4H,2,1,2,,1,,1,,,,,,,,,,,1,,,1,,,,,,,,,,,,1,,1,,,1,,,,,,,
97,2018 People Staying Counts,TUJ1,Weekday2_Midday,Weekday,Midday,20180803,1225,1235,,Sun-Exposed,67,UD4H,3,1,1,1,,,1,,,,,,,,,,,1,,,,,1,,,,,,,,,,,,1,,,1,,,,,,,
98,2018 People Staying Counts,TUJ1,Weekday2_Midday,Weekday,Midday,20180803,1225,1235,,Sun-Exposed,67,UD4H,4,1,1,,1,,1,,,,,,,,,,,,,1,1,,,,,,,,,,,,,,,,,1,,,,,,,
99,2018 People Staying Counts,TUJ1,Weekday2_Midday,Weekday,Midday,20180803,1225,1235,,Sun-Exposed,67,UD4H,5,1,1,1,,,1,,,,,,,,,,,1,,,1,,,,,,,,,,,,,,,,1,,,,,,,,
100,2018 People Staying Counts,TUJ1,Weekday2_Evening,Weekday,Evening,20180803,1627,1637,,Sun-Shaded,74,UD4H,1,1,1,,1,,1,,,,,,,,,,1,,,,1,,,,,,,,,,,,,,1,,,1,,,,,,,
101,2018 People Staying Counts,TUJ1,Weekend_Midday,Weekend,Midday,20180804,1238,1248,,Sun-Exposed,69,UD4H,1,1,1,,1,,1,,,,,,,,,,,,1,,,1,,,,,,,,,1,,1,,,,,,,,,,,,
102,2018 People Staying Counts,TUJ1,Weekend_Midday,Weekend,Midday,20180804,1238,1248,,Sun-Exposed,69,UD4H,2,1,1,1,,,1,,,,,,,,,,,1,,,1,,,,,,,,,,1,,,,,,,,,,,,,,
103,2018 People Staying Counts,TUJ1,Weekend_Midday,Weekend,Midday,20180804,1238,1248,,Sun-Exposed,69,UD4H,3,1,1,,1,,1,,,,,,,,,,1,,,,1,,,,,,,,,,,,,,1,,,1,,,,,,,
104,2018 People Staying Counts,TUJ1,Weekend_Midday,Weekend,Midday,20180804,1238,1248,,Sun-Exposed,69,UD4H,4,1,1,1,,,1,,,,,,,,,,,1,,,1,,,,,,,,,,,,,,,,,1,,,,,,,
105,2018 People Staying Counts,TUJ1,Weekend_Midday,Weekend,Midday,20180804,1238,1248,,Sun-Exposed,69,UD4H,5,1,1,,1,,1,,,,,,,,,,,1,,,1,,,,,,,,,,,,1,,,,,,,,,,,,
106,2018 People Staying Counts,TUJ1,Weekend_Midday,Weekend,Midday,20180804,1238,1248,,Sun-Exposed,69,UD4H,6,1,2,,1,,1,,,,,,,,,,,,,1,1,,,,,,,,,,,,1,,,,,,,,,,,,
107,2018 People Staying Counts,TUJ1,Weekend_Midday,Weekend,Midday,20180804,1238,1248,,Sun-Exposed,69,UD4H,7,1,2,,1,,1,,,,,,,,,,,,,1,1,,,,,,,,,,,,1,,,,,,,,,,,,
108,2018 People Staying Counts,TUJ1,Weekend_Evening,Weekend,Evening,20180804,1608,1618,,Sun-Shaded,76,UD4H,1,1,1,,1,,1,,,,,,,,,,1,,,,1,,,,,,,,,,,,,,,,,1,,,,,,,
109,2018 People Staying Counts,TUJ1,Weekend_Evening,Weekend,Evening,20180804,1608,1618,,Sun-Shaded,76,UD4H,2,1,1,,1,,1,,,,,,,,,,,,1,,1,,,,,,,,,,,,,,,,,1,,,,,,,
110,2018 People Staying Counts,TUJ1,Weekend_Evening,Weekend,Evening,20180804,1608,1618,,Sun-Shaded,76,UD4H,3,1,1,1,,,1,,,,,,,,,,,1,,,,,1,,,,,,,,,,,,,,,1,,1,,,,,
111,2018 People Staying Counts,CAP1,Weekday1_Morning,Weekday,Morning,20180726,0830,0840,,Sun-Shaded,70,UD4H,1,1,1,1,,,1,,,,,,,,,,,,1,,1,,,,,,,,,,,,,,1,,,,,,,,,,
112,2018 People Staying Counts,CAP1,Weekday1_Morning,Weekday,Morning,20180726,0830,0840,,Sun-Shaded,70,UD4H,2,1,1,1,,,1,,,,,,,,,,,1,,,1,,,,,,,,,,,,,,1,,,1,,,,,,,
113,2018 People Staying Counts,CAP1,Weekday1_Morning,Weekday,Morning,20180726,0830,0840,,Sun-Shaded,70,UD4H,3,1,1,,1,,1,,,,,,,,,,,1,,,,,1,,,,,,,,,,,,,,,1,,,,,,,
114,2018 People Staying Counts,CAP1,Weekday1_Morning,Weekday,Morning,20180726,0830,0840,,Sun-Shaded,70,UD4H,4,1,1,1,,,1,,,,,,,,,,,1,,,,,1,,,,,,,,,,,,1,,,1,,,,,,,
115,2018 People Staying Counts,CAP1,Weekday1_Morning,Weekday,Morning,20180726,0830,0840,,Sun-Shaded,70,UD4H,5,1,1,1,,,1,,,,,,,,,,,1,,,,1,,,,,,,,,,,,,1,,,1,,,,,,,
"1,626",2018 People Staying Counts,BLV1,Weekday1_Midday,Weekday,Midday,20180823,1226,1236,,Heavy Clouds,63,UD4H,1,0,,,,,,,,,,,,,,,,,,,,,,,,,,,,,,,,,,,,,,,,,,,
116,2018 People Staying Counts,CAP1,Weekday1_Morning,Weekday,Morning,20180726,0830,0840,,Sun-Shaded,70,UD4H,6,1,1,,1,,1,,,,,,,,,,,1,,,1,,,,,,,,,,,,,,1,,,1,,,,,,,
117,2018 People Staying Counts,CAP1,Weekday1_Morning,Weekday,Morning,20180726,0830,0840,,Sun-Shaded,70,UD4H,7,1,1,,1,,1,,,,,,,,,,,1,,,1,,,,,,,,,,,,,,1,,,1,,,,,,,
118,2018 People Staying Counts,CAP1,Weekday1_Morning,Weekday,Morning,20180726,0830,0840,,Sun-Shaded,70,UD4H,8,1,1,,1,,1,,,,,,,,,,,,1,,1,,,,,,,,,,,,,,,,,1,,,,,,,
119,2018 People Staying Counts,CAP1,Weekday1_Morning,Weekday,Morning,20180726,0830,0840,,Sun-Shaded,70,UD4H,9,1,1,1,,,1,,,,,,,,,,,1,,,1,,,,,,,,,,,,,,,,,1,,,,,,,
120,2018 People Staying Counts,CAP1,Weekday1_Morning,Weekday,Morning,20180726,0830,0840,,Sun-Shaded,70,UD4H,10,1,1,1,,,1,,,,,,,,,,,,1,,1,,,,,,,,,,,,,,,,,1,,,,,,,
121,2018 People Staying Counts,CAP1,Weekday1_Morning,Weekday,Morning,20180726,0830,0840,,Sun-Shaded,70,UD4H,11,1,2,,1,,1,,,,,,,,,,,1,,,1,,,,,,,,,,,,1,,,,1,,,1,,,,,
122,2018 People Staying Counts,CAP1,Weekday1_Morning,Weekday,Morning,20180726,0830,0840,,Sun-Shaded,70,UD4H,12,1,2,1,,,1,,,,,,,,,,,1,,,1,,,,,,,,,,,,1,,,,1,,,,,,,,
123,2018 People Staying Counts,CAP1,Weekday1_Morning,Weekday,Morning,20180726,0830,0840,,Sun-Shaded,70,UD4H,13,1,1,1,,,,,,1,,,,,,,,1,,,1,,,,,,,,,,,,,,1,,,1,,,,,,,
124,2018 People Staying Counts,CAP1,Weekday1_Morning,Weekday,Morning,20180726,0830,0840,,Sun-Shaded,70,UD4H,14,1,1,1,,,,1,,,,,,,,,,1,,,1,,,,,,,,,,,,,,,,,,1,,,,,,
125,2018 People Staying Counts,CAP1,Weekday1_Morning,Weekday,Morning,20180726,0830,0840,,Sun-Shaded,70,UD4H,15,1,1,1,,,1,,,,,,,,,,,1,,,1,,,,,,,,,,,,,,,,,1,,,,,,,
126,2018 People Staying Counts,CAP1,Weekday1_Morning,Weekday,Morning,20180726,0830,0840,,Sun-Shaded,70,UD4H,16,1,1,,1,,1,,,,,,,,,,,1,,,1,,,,,,,,,,,,,,1,,,1,,,,,,,
127,2018 People Staying Counts,CAP1,Weekday1_Morning,Weekday,Morning,20180726,0830,0840,,Sun-Shaded,70,UD4H,17,1,1,,1,,1,,,,,,,,,,,1,,,1,,,,,,,,,,,,,,1,,,1,,,,,,,
128,2018 People Staying Counts,CAP1,Weekday1_Morning,Weekday,Morning,20180726,0830,0840,,Sun-Shaded,70,UD4H,18,1,1,,1,,1,,,,,,,,,,,,,1,1,,,,,,,,,,,,,,,,1,,,,,,,,
129,2018 People Staying Counts,CAP1,Weekday1_Morning,Weekday,Morning,20180726,0830,0840,,Sun-Shaded,70,UD4H,19,1,1,1,,,,1,,,,,,,,,,1,,,1,,,,,,,,,,,,,,1,,,1,,,,,,,
130,2018 People Staying Counts,CAP1,Weekday1_Morning,Weekday,Morning,20180726,0830,0840,,Sun-Shaded,70,UD4H,20,1,1,1,,,1,,,,,,,,,,,1,,,,1,,,,,,,,,,,,,1,,,1,,,,,,,
131,2018 People Staying Counts,CAP1,Weekday1_Midday,Weekday,Midday,20180726,1225,1235,,Sun-Shaded,77,UD4H,1,1,2,1,,,1,,,,,,,,,,,1,,,,,,,,1,,,,,,1,,,,,1,,,,,,,1,
132,2018 People Staying Counts,CAP1,Weekday1_Midday,Weekday,Midday,20180726,1225,1235,,Sun-Shaded,77,UD4H,2,1,1,1,,,,1,,,,,,,,,,,1,,,,1,,,,,,,,,,,,,,,1,,,,,,,
133,2018 People Staying Counts,CAP1,Weekday1_Midday,Weekday,Midday,20180726,1225,1235,,Sun-Shaded,77,UD4H,3,1,1,1,,,1,,,,,,,,,,,,,1,,,1,,,,,1,,,,,,,,,,1,,,,,,,
134,2018 People Staying Counts,CAP1,Weekday1_Midday,Weekday,Midday,20180726,1225,1235,,Sun-Shaded,77,UD4H,4,1,1,1,,,,1,,,,,,,,,,,1,,,,,,1,,,,,,,,,,,,1,,,,,,,,
135,2018 People Staying Counts,CAP1,Weekday1_Midday,Weekday,Midday,20180726,1225,1235,,Sun-Shaded,77,UD4H,5,1,1,1,,,,1,,,,,,,,,,1,,,1,,,,,,,,,,,,,,,,,1,,,,,,,
136,2018 People Staying Counts,CAP1,Weekday1_Midday,Weekday,Midday,20180726,1225,1235,,Sun-Shaded,77,UD4H,6,1,1,,1,,1,,,,,,,,,,,,1,,1,,,,,,,,,,,,,,,,,1,,,,,,,
137,2018 People Staying Counts,CAP1,Weekday1_Midday,Weekday,Midday,20180726,1225,1235,,Sun-Shaded,77,UD4H,7,1,1,1,,,,1,,,,,,,,,,1,,,1,,,,,,,,,,,,,,,,1,,,1,,,,,
138,2018 People Staying Counts,CAP1,Weekday1_Midday,Weekday,Midday,20180726,1225,1235,,Sun-Shaded,77,UD4H,8,1,1,,1,,1,,,,,,,,,,,1,,,1,,,,,,,,,,,,,,1,,,1,,,,,,,
139,2018 People Staying Counts,CAP1,Weekday1_Midday,Weekday,Midday,20180726,1225,1235,,Sun-Shaded,77,UD4H,9,1,1,1,,,1,,,,,,,,,,,1,,,1,,,,,,,,,1,,1,,,,,,,,,,,,,
140,2018 People Staying Counts,CAP1,Weekday1_Midday,Weekday,Midday,20180726,1225,1235,,Sun-Shaded,77,UD4H,10,1,1,1,,,1,,,,,,,,,,,1,,,1,,,,,,,,,,,,,,1,,,,,,,,,,
141,2018 People Staying Counts,CAP1,Weekday1_Midday,Weekday,Midday,20180726,1225,1235,,Sun-Shaded,77,UD4H,11,1,1,,1,,,1,,,,,,,,,,1,,,1,,,,,,,,,,,,,,,,,1,,,,,,,
142,2018 People Staying Counts,CAP1,Weekday1_Midday,Weekday,Midday,20180726,1225,1235,,Sun-Shaded,77,UD4H,12,1,1,1,,,1,,,,,,,,,,,1,,,1,,,,,,,,,,,,,,1,,,,,1,,,,,
143,2018 People Staying Counts,CAP1,Weekday1_Midday,Weekday,Midday,20180726,1225,1235,,Sun-Shaded,77,UD4H,13,1,1,1,,,1,,,,,,,,,,,,1,,,1,,,,,,,,,,1,,,,,1,,,1,,,,,
144,2018 People Staying Counts,CAP1,Weekday1_Midday,Weekday,Midday,20180726,1225,1235,,Sun-Shaded,77,UD4H,14,1,1,1,,,1,,,,,,,,,,,1,,,,1,,,,,,,,,,,,,1,,,,,,,,,,
145,2018 People Staying Counts,CAP1,Weekday1_Midday,Weekday,Midday,20180726,1225,1235,,Sun-Shaded,77,UD4H,15,1,1,1,,,,,,1,,,,,,,,,1,,1,,,,,,,,,,,,,,,,1,1,,,,,,,
146,2018 People Staying Counts,CAP1,Weekday1_Midday,Weekday,Midday,20180726,1225,1235,,Sun-Shaded,77,UD4H,16,1,1,1,,,,,,1,,,,,,,,,1,,1,,,,,,,,,,,,,,,,,1,,,,,,,
147,2018 People Staying Counts,CAP1,Weekday1_Midday,Weekday,Midday,20180726,1225,1235,,Sun-Shaded,77,UD4H,17,1,1,,1,,,1,,,,,,,,,,1,,,1,,,,,,,,,,,,,,1,,,1,,,,,,,
148,2018 People Staying Counts,CAP1,Weekday1_Midday,Weekday,Midday,20180726,1225,1235,,Sun-Shaded,77,UD4H,18,1,1,1,,,,1,,,,,,,,,,,1,,,,1,,,,,1,,,,,,,,,,1,,,,,,,
149,2018 People Staying Counts,CAP1,Weekday1_Midday,Weekday,Midday,20180726,1225,1235,,Sun-Shaded,77,UD4H,19,1,2,,1,,,,1,,,,,,,,,1,,,,,,,,1,,,,,,,1,,,,,,,,,,,,
150,2018 People Staying Counts,CAP1,Weekday1_Midday,Weekday,Midday,20180726,1225,1235,,Sun-Shaded,77,UD4H,20,1,1,,1,,,,,,,,,1,,,,1,,,,,,,,1,,,,,,,,,,,,,,,,,,1,
151,2018 People Staying Counts,CAP1,Weekday1_Midday,Weekday,Midday,20180726,1225,1235,,Sun-Shaded,77,UD4H,21,1,1,,1,,1,,,,,,,,,,,1,,,1,,,,,,,,,,,,,,1,,,1,,,,,,,
152,2018 People Staying Counts,CAP1,Weekday1_Midday,Weekday,Midday,20180726,1225,1235,,Sun-Shaded,77,UD4H,22,1,1,,1,,,1,,,,,,,,,,1,,,1,,,,,,,,,,,,,,,,,1,,,,,,,
153,2018 People Staying Counts,CAP1,Weekday1_Evening,Weekday,Evening,20180726,1631,1641,,Sun-Shaded,86,UD4H,1,1,2,,1,,1,,,,,,,,,,,,,1,,,,,,1,,,,,,,,,,,,,,,,,,1,
154,2018 People Staying Counts,CAP1,Weekday1_Evening,Weekday,Evening,20180726,1631,1641,,Sun-Shaded,86,UD4H,2,1,1,,1,,,,,,,1,,,,,,1,,,1,,,,,,,,,,,,,,1,,,1,,,,,,,
155,2018 People Staying Counts,CAP1,Weekday1_Evening,Weekday,Evening,20180726,1631,1641,,Sun-Shaded,86,UD4H,3,1,1,1,,,1,,,,,,,,,,,1,,,1,,,,,,,,,,,,,,1,,,1,,,,,,,
156,2018 People Staying Counts,CAP1,Weekday1_Evening,Weekday,Evening,20180726,1631,1641,,Sun-Shaded,86,UD4H,4,1,1,,1,,1,,,,,,,,,,,,1,,,,1,,,,,,,,,,,,,,,1,,,,,,,
157,2018 People Staying Counts,CAP1,Weekday1_Evening,Weekday,Evening,20180726,1631,1641,,Sun-Shaded,86,UD4H,5,1,2,1,,,,1,,,,,,,,,,1,,,,,1,,,,,,,1,,1,1,,,,1,,,,,,,,
158,2018 People Staying Counts,CAP1,Weekday1_Evening,Weekday,Evening,20180726,1631,1641,,Sun-Shaded,86,UD4H,6,1,2,1,,,1,,,,,,,,,,,,1,,1,,,,,,,,,,,,1,,,,1,,,,,,,,
159,2018 People Staying Counts,CAP1,Weekday1_Evening,Weekday,Evening,20180726,1631,1641,,Sun-Shaded,86,UD4H,7,1,1,,1,,,,,,,1,,,,,,,1,,1,,,,,,,,,,,,,,,,,1,,,,,,,
160,2018 People Staying Counts,CAP1,Weekday1_Evening,Weekday,Evening,20180726,1631,1641,,Sun-Shaded,86,UD4H,8,1,1,,1,,,,,1,,,,,,,,1,,,1,,,,,,,,,,,,,,1,,,1,,,,,,,
161,2018 People Staying Counts,CAP1,Weekday1_Evening,Weekday,Evening,20180726,1631,1641,,Sun-Shaded,86,UD4H,9,1,1,1,,,,,,1,,,,,,,,,1,,1,,,,,,,,,,,,,,,,,1,,,,,,,
162,2018 People Staying Counts,CAP1,Weekday1_Evening,Weekday,Evening,20180726,1631,1641,,Sun-Shaded,86,UD4H,10,1,2,,1,,1,,,,,,,,,,,,1,,1,,,,,,,,,,,,1,,,,,,,,,,,,
163,2018 People Staying Counts,CAP1,Weekday1_Evening,Weekday,Evening,20180726,1631,1641,,Sun-Shaded,86,UD4H,11,1,1,,1,,1,,,,,,,,,,,1,,,1,,,,,,,,,,,,,,1,,,1,,,,,,,
164,2018 People Staying Counts,CAP1,Weekday1_Evening,Weekday,Evening,20180726,1631,1641,,Sun-Shaded,86,UD4H,12,1,1,1,,,,1,,,,,,,,,,,1,,1,,,,,,,,,,,,,,1,,,1,,,,,,,
165,2018 People Staying Counts,CAP1,Weekday1_Evening,Weekday,Evening,20180726,1631,1641,,Sun-Shaded,86,UD4H,13,1,1,,1,,,,,,,,,1,,,,1,,,1,,,,,,,,,,,,,,1,,,1,,,,,,,
166,2018 People Staying Counts,CAP1,Weekday1_Evening,Weekday,Evening,20180726,1631,1641,,Sun-Shaded,86,UD4H,14,1,2,,1,,1,,,,,,,,,,,1,,,1,,,,,,,,,1,,1,1,,,,,,,,,,,,
167,2018 People Staying Counts,CAP1,Weekday1_Evening,Weekday,Evening,20180726,1631,1641,,Sun-Shaded,86,UD4H,15,1,2,1,,,1,,,,,,,,,,,,1,,1,,,,,,,,,1,,1,1,,1,,,,,,,,,,
168,2018 People Staying Counts,CAP1,Weekday1_Evening,Weekday,Evening,20180726,1631,1641,,Sun-Shaded,86,UD4H,16,1,1,1,,,1,,,,,,,,,,,,1,,,1,,,,,,,,,,,,,1,,,1,,,,,,,
169,2018 People Staying Counts,CAP1,Weekday1_Evening,Weekday,Evening,20180726,1631,1641,,Sun-Shaded,86,UD4H,17,1,1,1,,,1,,,,,,,,,,,1,,,1,,,,,,,,,,,,,,1,,,,,,,,,,
170,2018 People Staying Counts,CAP1,Weekday1_Evening,Weekday,Evening,20180726,1631,1641,,Sun-Shaded,86,UD4H,18,1,1,1,,,1,,,,,,,,,,,,1,,1,,,,,,,,,,,,,,,,1,,,,,,,,
171,2018 People Staying Counts,CAP1,Weekday1_Evening,Weekday,Evening,20180726,1631,1641,,Sun-Shaded,86,UD4H,19,1,1,1,,,1,,,,,,,,,,,1,,,1,,,,,,,,,,,,,,1,,,1,,,,,,,
172,2018 People Staying Counts,CAP1,Weekday1_Evening,Weekday,Evening,20180726,1631,1641,,Sun-Shaded,86,UD4H,20,1,1,1,,,1,,,,,,,,,,,,1,,1,,,,,,,,,,,,,,,,1,,,,,,,,
173,2018 People Staying Counts,CAP1,Weekday1_Evening,Weekday,Evening,20180726,1631,1641,,Sun-Shaded,86,UD4H,21,1,2,1,,,1,,,,,,,,,,,1,,,1,,,,,,,,,,,,1,,,,,,,,,,,,
174,2018 People Staying Counts,CAP1,Weekday1_Evening,Weekday,Evening,20180726,1631,1641,,Sun-Shaded,86,UD4H,22,1,2,,1,,1,,,,,,,,,,,1,,,1,,,,,,,,,,,,1,,,,,,,,,,,,
175,2018 People Staying Counts,CAP1,Weekday1_Evening,Weekday,Evening,20180726,1631,1641,,Sun-Shaded,86,UD4H,23,1,1,1,,,1,,,,,,,,,,,1,,,1,,,,,,,,,,,,,,1,,,1,,,,,,,
176,2018 People Staying Counts,CAP1,Weekday1_Evening,Weekday,Evening,20180726,1631,1641,,Sun-Shaded,86,UD4H,24,1,2,,1,,1,,,,,,,,,,,,,1,1,,,,,,,,,,,,1,,,,,1,,,,,,,
177,2018 People Staying Counts,CAP1,Weekday1_Evening,Weekday,Evening,20180726,1631,1641,,Sun-Shaded,86,UD4H,25,1,2,,1,,1,,,,,,,,,,,,,1,1,,,,,,,,,,,,1,,,,,1,,,,,,,
178,2018 People Staying Counts,CAP1,Weekday1_Evening,Weekday,Evening,20180726,1631,1641,,Sun-Shaded,86,UD4H,26,1,1,1,,,1,,,,,,,,,,,,1,,,,1,,,,,,,,,,1,,,,1,,,,,,,,
179,2018 People Staying Counts,CAP1,Weekday1_Evening,Weekday,Evening,20180726,1631,1641,,Sun-Shaded,86,UD4H,27,1,1,1,,,1,,,,,,,,,,,1,,,1,,,,,,,,,,,,,,,,,,,1,,,,,
180,2018 People Staying Counts,CAP1,Weekday1_Evening,Weekday,Evening,20180726,1631,1641,,Sun-Shaded,86,UD4H,28,1,1,1,,,1,,,,,,,,,,,1,,,1,,,,,,,,,1,,1,,,,,,,,,,,,,
181,2018 People Staying Counts,CAP1,Weekday2_Morning,Weekday,Morning,20180727,0827,0837,,Sun-Shaded,66,UD4H,1,1,1,1,,,1,,,,,,,,,,1,,,,,,,,,1,,,,,,1,,,,,,,,,,,,1,
182,2018 People Staying Counts,CAP1,Weekday2_Morning,Weekday,Morning,20180727,0827,0837,,Sun-Shaded,66,UD4H,2,1,1,1,,,1,,,,,,,,,,,1,,,1,,,,,,,1,,,,,,,1,,,1,,1,,,,,
183,2018 People Staying Counts,CAP1,Weekday2_Morning,Weekday,Morning,20180727,0827,0837,,Sun-Shaded,66,UD4H,3,1,1,,1,,1,,,,,,,,,,,1,,,1,,,,,,,,,,,,,,1,,,1,,,,,,,
184,2018 People Staying Counts,CAP1,Weekday2_Morning,Weekday,Morning,20180727,0827,0837,,Sun-Shaded,66,UD4H,4,1,1,,1,,1,,,,,,,,,,,1,,,,1,,,,,,,,,,1,,,,,,1,,,,,,,
185,2018 People Staying Counts,CAP1,Weekday2_Morning,Weekday,Morning,20180727,0827,0837,,Sun-Shaded,66,UD4H,5,1,1,1,,,1,,,,,,,,,,,1,,,1,,,,,,,,,,,1,,,,,,1,,,,,,,
186,2018 People Staying Counts,CAP1,Weekday2_Morning,Weekday,Morning,20180727,0827,0837,,Sun-Shaded,66,UD4H,6,1,1,1,,,,,,,,1,,,,,,,1,,1,,,,,,,,,1,,,,,,,,,,,,,,,
187,2018 People Staying Counts,CAP1,Weekday2_Morning,Weekday,Morning,20180727,0827,0837,,Sun-Shaded,66,UD4H,7,1,1,1,,,,1,,,,,,,,,,1,,,,1,,,,,,,,,,,,,1,,,,,,,,,,
188,2018 People Staying Counts,CAP1,Weekday2_Morning,Weekday,Morning,20180727,0827,0837,,Sun-Shaded,66,UD4H,8,1,1,1,,,1,,,,,,,,,,,1,,,,1,,,,,,,,,,,,,1,,,,,,,,,,
189,2018 People Staying Counts,CAP1,Weekday2_Morning,Weekday,Morning,20180727,0827,0837,,Sun-Shaded,66,UD4H,9,1,1,1,,,1,,,,,,,,,,,1,,,1,,,,,,,,,,,,,,,,,,,1,,,,,
190,2018 People Staying Counts,CAP1,Weekday2_Morning,Weekday,Morning,20180727,0827,0837,,Sun-Shaded,66,UD4H,10,1,1,,1,,1,,,,,,,,,,,,1,,1,,,,,,,,,1,,1,,,1,,,1,,,,,,,
191,2018 People Staying Counts,CAP1,Weekday2_Morning,Weekday,Morning,20180727,0827,0837,,Sun-Shaded,66,UD4H,11,1,1,1,,,1,,,,,,,,,,,1,,,1,,,,,,,,,,,,,,,,1,,,,,,,,
192,2018 People Staying Counts,CAP1,Weekday2_Morning,Weekday,Morning,20180727,0827,0837,,Sun-Shaded,66,UD4H,12,1,1,1,,,,1,,,,,,,,,,,1,,,,1,,,,,,,,,,,,,,,1,,,,,,,
193,2018 People Staying Counts,CAP1,Weekday2_Morning,Weekday,Morning,20180727,0827,0837,,Sun-Shaded,66,UD4H,13,1,1,1,,,1,,,,,,,,,,,,1,,,1,,,,,,,,,,,,,,,,1,,,,,,,
194,2018 People Staying Counts,CAP1,Weekday2_Morning,Weekday,Morning,20180727,0827,0837,,Sun-Shaded,66,UD4H,14,1,1,1,,,1,,,,,,,,,,,,1,,1,,,,,,,,,,,,,,,,,1,,,,,,,
195,2018 People Staying Counts,CAP1,Weekday2_Morning,Weekday,Morning,20180727,0827,0837,,Sun-Shaded,66,UD4H,15,1,1,1,,,,1,,,,,,,,,,,1,,,,,,1,,,,,,,,,,1,,,,,,,,,,
196,2018 People Staying Counts,CAP1,Weekday2_Midday,Weekday,Midday,20180727,1224,1234,,Sun-Shaded,74,UD4H,1,1,1,1,,,1,,,,,,,,,,1,,,,1,,,,,,,,,,,,,,,,,,,,,,,1,
197,2018 People Staying Counts,CAP1,Weekday2_Midday,Weekday,Midday,20180727,1224,1234,,Sun-Shaded,74,UD4H,2,1,1,1,,,,1,,,,,,,,,,1,,,1,,,,,,,,,,,,,,,,1,,,,,,,,
198,2018 People Staying Counts,CAP1,Weekday2_Midday,Weekday,Midday,20180727,1224,1234,,Sun-Shaded,74,UD4H,3,1,1,1,,,,1,,,,,,,,,,,1,,1,,,,,,,,,,,,,,1,,,,,,,,,,
199,2018 People Staying Counts,CAP1,Weekday2_Midday,Weekday,Midday,20180727,1224,1234,,Sun-Shaded,74,UD4H,4,1,1,1,,,1,,,,,,,,,,,1,,,1,,,,,,,,,,,,,,,,,,,,,,,1,
200,2018 People Staying Counts,CAP1,Weekday2_Midday,Weekday,Midday,20180727,1224,1234,,Sun-Shaded,74,UD4H,5,1,1,1,,,1,,,,,,,,,,,1,,,1,,,,,,,,,,,,,,,,,,,,,,,1,
201,2018 People Staying Counts,CAP1,Weekday2_Midday,Weekday,Midday,20180727,1224,1234,,Sun-Shaded,74,UD4H,6,1,1,1,,,1,,,,,,,,,,,1,,,,1,,,,,,,,,,,,,1,,,,,1,,,,,
202,2018 People Staying Counts,CAP1,Weekday2_Midday,Weekday,Midday,20180727,1224,1234,,Sun-Shaded,74,UD4H,7,1,1,1,,,,,,1,,,,,,,,1,,,1,,,,,,,,,,,,,,1,,,,,,,,,,
203,2018 People Staying Counts,CAP1,Weekday2_Midday,Weekday,Midday,20180727,1224,1234,,Sun-Shaded,74,UD4H,8,1,1,1,,,,1,,,,,,,,,,1,,,1,,,,,,,,,,,,,,1,,1,,,,,,,,
204,2018 People Staying Counts,CAP1,Weekday2_Midday,Weekday,Midday,20180727,1224,1234,,Sun-Shaded,74,UD4H,9,1,1,,1,,1,,,,,,,,,,,,,1,1,,,,,,,,,,,,,,,,,1,,,,,,,
205,2018 People Staying Counts,CAP1,Weekday2_Midday,Weekday,Midday,20180727,1224,1234,,Sun-Shaded,74,UD4H,10,1,1,1,,,1,,,,,,,,,,,1,,,,,,,1,,,,,,,,1,,,,,,,,,,,,
206,2018 People Staying Counts,CAP1,Weekday2_Midday,Weekday,Midday,20180727,1224,1234,,Sun-Shaded,74,UD4H,11,1,1,1,,,1,,,,,,,,,,,1,,,1,,,,,,,,,,,,,,,,,1,,,,,,,
207,2018 People Staying Counts,CAP1,Weekday2_Midday,Weekday,Midday,20180727,1224,1234,,Sun-Shaded,74,UD4H,12,1,1,,1,,1,,,,,,,,,,,,,1,1,,,,,,,,,,,,,,,,,1,,,,,,,
208,2018 People Staying Counts,CAP1,Weekday2_Midday,Weekday,Midday,20180727,1224,1234,,Sun-Shaded,74,UD4H,13,1,1,1,,,1,,,,,,,,,,,,,1,1,,,,,,,,,,,,,,,,,1,,,,,,,
209,2018 People Staying Counts,CAP1,Weekday2_Midday,Weekday,Midday,20180727,1224,1234,,Sun-Shaded,74,UD4H,14,1,1,1,,,1,,,,,,,,,,,,,1,1,,,,,,,,,,,,,,,,,1,,,,,,,
210,2018 People Staying Counts,CAP1,Weekday2_Midday,Weekday,Midday,20180727,1224,1234,,Sun-Shaded,74,UD4H,15,1,1,,1,,,,,,,1,,,,,,,1,,1,,,,,,,,,,,,,,1,,,1,,,,,,,
211,2018 People Staying Counts,CAP1,Weekday2_Midday,Weekday,Midday,20180727,1224,1234,,Sun-Shaded,74,UD4H,16,1,1,1,,,1,,,,,,,,,,1,,,,1,,,,,,,,,1,,1,,,1,,1,,,,,,,,
212,2018 People Staying Counts,CAP1,Weekday2_Midday,Weekday,Midday,20180727,1224,1234,,Sun-Shaded,74,UD4H,17,1,1,1,,,,,,1,,,,,,,,1,,,1,,,,,,,,,,,,,,1,,,,,,,,,,
213,2018 People Staying Counts,CAP1,Weekday2_Midday,Weekday,Midday,20180727,1224,1234,,Sun-Shaded,74,UD4H,18,1,1,1,,,,,,1,,,,,,,,1,,,1,,,,,,,,,,,,,,1,,,1,,,,,,,
214,2018 People Staying Counts,CAP1,Weekday2_Midday,Weekday,Midday,20180727,1224,1234,,Sun-Shaded,74,UD4H,19,1,1,1,,,1,,,,,,,,,,,1,,,1,,,,,,,,,,,,,,,,1,1,,,,,,,
215,2018 People Staying Counts,CAP1,Weekday2_Midday,Weekday,Midday,20180727,1224,1234,,Sun-Shaded,74,UD4H,20,1,1,,1,,1,,,,,,,,,,,1,,,1,,,,,,,,,1,,1,,,1,,,,,1,,,,,
216,2018 People Staying Counts,CAP1,Weekday2_Midday,Weekday,Midday,20180727,1224,1234,,Sun-Shaded,74,UD4H,21,1,1,,1,,1,,,,,,,,,,,1,,,1,,,,,,,,,,,1,,,1,,,,,,,,,,
217,2018 People Staying Counts,CAP1,Weekday2_Evening,Weekday,Evening,20180727,1627,1637,,Sun-Shaded,82,UD4H,1,1,1,1,,,1,,,,,,,,,,,1,,,,,,,,1,,,,,,,,,,,1,,,,,,,,
218,2018 People Staying Counts,CAP1,Weekday2_Evening,Weekday,Evening,20180727,1627,1637,,Sun-Shaded,82,UD4H,2,1,2,,1,,1,,,,,,,,,,,1,,,1,,,,,,,,,1,,,1,,,,,,,,,,,,
219,2018 People Staying Counts,CAP1,Weekday2_Evening,Weekday,Evening,20180727,1627,1637,,Sun-Shaded,82,UD4H,3,1,2,,1,,1,,,,,,,,,,,1,,,1,,,,,,,,,1,,,1,,,,,,,,,,,,
220,2018 People Staying Counts,CAP1,Weekday2_Evening,Weekday,Evening,20180727,1627,1637,,Sun-Shaded,82,UD4H,4,1,1,1,,,1,,,,,,,,,,,,,1,,,,,,1,,,,,,,,,,,1,,,,,,,1,
221,2018 People Staying Counts,CAP1,Weekday2_Evening,Weekday,Evening,20180727,1627,1637,,Sun-Shaded,82,UD4H,5,1,1,,1,,1,,,,,,,,,,,,1,,,1,,,,,,,,,,,,,,,1,,,1,,,,1,
222,2018 People Staying Counts,CAP1,Weekday2_Evening,Weekday,Evening,20180727,1627,1637,,Sun-Shaded,82,UD4H,6,1,1,,1,,1,,,,,,,,,,,1,,,1,,,,,,,,,,,,,,1,,,,,,,,,,
223,2018 People Staying Counts,CAP1,Weekday2_Evening,Weekday,Evening,20180727,1627,1637,,Sun-Shaded,82,UD4H,7,1,1,1,,,1,,,,,,,,,,,,,1,,,1,,,,,1,,,,1,1,,,,1,,,,,,,,
224,2018 People Staying Counts,CAP1,Weekday2_Evening,Weekday,Evening,20180727,1627,1637,,Sun-Shaded,82,UD4H,8,1,1,,1,,1,,,,,,,,,,,,1,,1,,,,,,,,,,,1,,,,,,1,,,,,,,
225,2018 People Staying Counts,CAP1,Weekday2_Evening,Weekday,Evening,20180727,1627,1637,,Sun-Shaded,82,UD4H,9,1,1,,1,,,,,,,1,,,,,,1,,,1,,,,,,,,,,,,,,1,,,1,,,,,,,
226,2018 People Staying Counts,CAP1,Weekday2_Evening,Weekday,Evening,20180727,1627,1637,,Sun-Shaded,82,UD4H,10,1,1,1,,,,1,,,,,,,,,,1,,,1,,,,,,,,,,,,,,,,,1,,,,,,,
227,2018 People Staying Counts,CAP1,Weekday2_Evening,Weekday,Evening,20180727,1627,1637,,Sun-Shaded,82,UD4H,11,1,1,1,,,1,,,,,,,,,,,1,,,1,,,,,,,,,,,,,,,,,1,,,,,,,
228,2018 People Staying Counts,CAP1,Weekday2_Evening,Weekday,Evening,20180727,1627,1637,,Sun-Shaded,82,UD4H,12,1,2,1,,,,,,,,1,,,,,,,1,,1,,,,,,,,,,,,1,,,,,,,,,,,1,
229,2018 People Staying Counts,CAP1,Weekday2_Evening,Weekday,Evening,20180727,1627,1637,,Sun-Shaded,82,UD4H,13,1,2,,1,,,,,,,1,,,,,,1,,,,,,,,1,,,,,,,1,,,,,,,,,,,1,
230,2018 People Staying Counts,CAP1,Weekday2_Evening,Weekday,Evening,20180727,1627,1637,,Sun-Shaded,82,UD4H,14,1,1,1,,,1,,,,,,,,,,,1,,,1,,,,,,,,,,,,,,1,,,,,,,,,,
231,2018 People Staying Counts,CAP1,Weekday2_Evening,Weekday,Evening,20180727,1627,1637,,Sun-Shaded,82,UD4H,15,1,1,,1,,,,,1,,,,,,,,,1,,1,,,,,,,,,,,,,,1,,,,,,,,,,
232,2018 People Staying Counts,CAP1,Weekday2_Evening,Weekday,Evening,20180727,1627,1637,,Sun-Shaded,82,UD4H,16,1,1,1,,,1,,,,,,,,,,,,1,,,1,,,,,,,,1,,1,,,1,,,,,,,,,,
233,2018 People Staying Counts,CAP1,Weekday2_Evening,Weekday,Evening,20180727,1627,1637,,Sun-Shaded,82,UD4H,17,1,1,1,,,1,,,,,,,,,,,,,1,,,1,,,,,,,,,,1,,,,,1,,,,,,,
234,2018 People Staying Counts,CAP1,Weekday2_Evening,Weekday,Evening,20180727,1627,1637,,Sun-Shaded,82,UD4H,18,1,1,,1,,1,,,,,,,,,,,,1,,1,,,,,,,,,,,,,,1,,,,,,,,,,
"5,485",2018 People Staying Counts,RAI2,Weekend_Midday,Weekend,Midday,20180811,1320,1330,event:roadwork_construction,Light Rain,65,UD4H,1,0,,,,,,,,,,,,,,,,,,,,,,,,,,,,,,,,,,,,,,,,,,,
235,2018 People Staying Counts,CAP1,Weekday2_Evening,Weekday,Evening,20180727,1627,1637,,Sun-Shaded,82,UD4H,19,1,1,1,,,1,,,,,,,,,,,,,1,1,,,,,,,,,,,,,,1,,,1,,,,,,,
236,2018 People Staying Counts,CAP1,Weekday2_Evening,Weekday,Evening,20180727,1627,1637,,Sun-Shaded,82,UD4H,20,1,1,,1,,1,,,,,,,,,,,,1,,1,,,,,,,,,,,,,,,,,1,,1,,,,,
237,2018 People Staying Counts,CAP1,Weekday2_Evening,Weekday,Evening,20180727,1627,1637,,Sun-Shaded,82,UD4H,21,1,1,1,,,1,,,,,,,,,,,1,,,1,,,,,,,,,,,,,,1,,,1,,,,,,,
238,2018 People Staying Counts,CAP1,Weekend_Midday,Weekend,Midday,20180728,1233,1243,,Sun-Shaded,73,UD4H,1,1,1,1,,,,1,,,,,,,,,,1,,,,,,,1,,,,,,,1,,,,,1,,,,,,,1,
239,2018 People Staying Counts,CAP1,Weekend_Midday,Weekend,Midday,20180728,1233,1243,,Sun-Shaded,73,UD4H,2,1,1,,1,,1,,,,,,,,,,,1,,,,,1,,,,,,,,,,,,,,,1,,,,,,,
240,2018 People Staying Counts,CAP1,Weekend_Midday,Weekend,Midday,20180728,1233,1243,,Sun-Shaded,73,UD4H,3,1,1,1,,,,,1,,,,,,,,,,1,,1,,,,,,,,,,,,,,,,,1,,,,,,,
241,2018 People Staying Counts,CAP1,Weekend_Midday,Weekend,Midday,20180728,1233,1243,,Sun-Shaded,73,UD4H,4,1,1,1,,,1,,,,,,,,,,,,,1,,,,,1,,,1,,,,,,,,,1,,,,,,,,
242,2018 People Staying Counts,CAP1,Weekend_Midday,Weekend,Midday,20180728,1233,1243,,Sun-Shaded,73,UD4H,5,1,1,,1,,,,,1,,,,,,,,1,,,,1,,,,,,,,,,,,,1,,1,,,,,,,,
243,2018 People Staying Counts,CAP1,Weekend_Midday,Weekend,Midday,20180728,1233,1243,,Sun-Shaded,73,UD4H,6,1,2,1,,,1,,,,,,,,,,,1,,,1,,,,,,,,,,,,1,,,,,,,1,,,,,
244,2018 People Staying Counts,CAP1,Weekend_Midday,Weekend,Midday,20180728,1233,1243,,Sun-Shaded,73,UD4H,7,1,2,,1,,1,,,,,,,,,,,1,,,1,,,,,,,,,,,,1,,,,,,,1,,,,,
245,2018 People Staying Counts,CAP1,Weekend_Midday,Weekend,Midday,20180728,1233,1243,,Sun-Shaded,73,UD4H,8,1,1,,1,,,1,,,,,,,,,,1,,,1,,,,,,,,,,,,1,,1,,,,,,,,,1,
246,2018 People Staying Counts,CAP1,Weekend_Midday,Weekend,Midday,20180728,1233,1243,,Sun-Shaded,73,UD4H,9,1,1,1,,,1,,,,,,,,,,,1,,,1,,,,,,,,,1,,1,,,,,1,,,1,,,,,
247,2018 People Staying Counts,CAP1,Weekend_Midday,Weekend,Midday,20180728,1233,1243,,Sun-Shaded,73,UD4H,10,1,1,1,,,,1,,,,,,,,,,,1,,1,,,,,,,,,,,,,,,,1,,,1,,,,,
248,2018 People Staying Counts,CAP1,Weekend_Midday,Weekend,Midday,20180728,1233,1243,,Sun-Shaded,73,UD4H,11,1,1,1,,,1,,,,,,,,,,,,1,,,,1,,,,,,,,,,,,,,,1,,,,,,,
249,2018 People Staying Counts,CAP1,Weekend_Midday,Weekend,Midday,20180728,1233,1243,,Sun-Shaded,73,UD4H,12,1,1,1,,,1,,,,,,,,,,,1,,,1,,,,,,,,,,,,,,1,,,1,,,,,,,
250,2018 People Staying Counts,CAP1,Weekend_Midday,Weekend,Midday,20180728,1233,1243,,Sun-Shaded,73,UD4H,13,1,1,,1,,,1,,,,,,,,,,,1,,1,,,,,,,,,,,,,,,,,1,,,,,,,
251,2018 People Staying Counts,CAP1,Weekend_Midday,Weekend,Midday,20180728,1233,1243,,Sun-Shaded,73,UD4H,14,1,1,1,,,1,,,,,,,,,,,1,,,1,,,,,,,,,,,,,,1,,,1,,,,,,,
252,2018 People Staying Counts,CAP1,Weekend_Midday,Weekend,Midday,20180728,1233,1243,,Sun-Shaded,73,UD4H,15,1,1,1,,,1,,,,,,,,,,,1,,,1,,,,,,,,,,,,1,,,,,,,,,,,,
253,2018 People Staying Counts,CAP1,Weekend_Midday,Weekend,Midday,20180728,1233,1243,,Sun-Shaded,73,UD4H,16,1,1,1,,,1,,,,,,,,,,,1,,,1,,,,,,,,,,,,,,1,,,,,,,,,,
254,2018 People Staying Counts,CAP1,Weekend_Midday,Weekend,Midday,20180728,1233,1243,,Sun-Shaded,73,UD4H,17,1,1,1,,,1,,,,,,,,,,,,1,,,1,,,,,,,,,1,,,,,,1,,,1,,,,,
255,2018 People Staying Counts,CAP1,Weekend_Evening,Weekend,Evening,20180728,1625,1635,,Sun-Shaded,81,UD4H,1,1,1,,1,,1,,,,,,,,,,,,1,,,,,,,1,,,,,,,,,,,1,,,,,,,1,
256,2018 People Staying Counts,CAP1,Weekend_Evening,Weekend,Evening,20180728,1625,1635,,Sun-Shaded,81,UD4H,2,1,1,,1,,1,,,,,,,,,,,1,,,1,,,,,,,,,,,,,,1,,,,,,,,,,
257,2018 People Staying Counts,CAP1,Weekend_Evening,Weekend,Evening,20180728,1625,1635,,Sun-Shaded,81,UD4H,3,1,1,,1,,1,,,,,,,,,,,,1,,1,,,,,,,,,,,,,,,,1,,,,,,,,
258,2018 People Staying Counts,CAP1,Weekend_Evening,Weekend,Evening,20180728,1625,1635,,Sun-Shaded,81,UD4H,4,1,1,1,,,1,,,,,,,,,,,,,1,,,1,,,,,,,,,1,,,,,,1,,1,,,,,
259,2018 People Staying Counts,CAP1,Weekend_Evening,Weekend,Evening,20180728,1625,1635,,Sun-Shaded,81,UD4H,5,1,2,,1,,,1,,,,,,,,,,,1,,,,,,1,,,1,,,,,1,,,,,,,,,,,,
260,2018 People Staying Counts,CAP1,Weekend_Evening,Weekend,Evening,20180728,1625,1635,,Sun-Shaded,81,UD4H,6,1,2,1,,,,,,1,,,,,,,,1,,,1,,,,,,,,1,,,,1,,,,,,,,,,,,
261,2018 People Staying Counts,CAP1,Weekend_Evening,Weekend,Evening,20180728,1625,1635,,Sun-Shaded,81,UD4H,7,1,3,1,,,1,,,,,,,,,,,,1,,1,,,,,,,,,1,,1,1,,,,,,,,,,,,
262,2018 People Staying Counts,CAP1,Weekend_Evening,Weekend,Evening,20180728,1625,1635,,Sun-Shaded,81,UD4H,8,1,3,1,,,1,,,,,,,,,,,,1,,,1,,,,,,,,1,,1,1,,,,,,,,,,,,
263,2018 People Staying Counts,CAP1,Weekend_Evening,Weekend,Evening,20180728,1625,1635,,Sun-Shaded,81,UD4H,9,1,3,1,,,1,,,,,,,,,,,,1,,1,,,,,,,,,1,,1,1,,,,,,,,,,,,
264,2018 People Staying Counts,CAP1,Weekend_Evening,Weekend,Evening,20180728,1625,1635,,Sun-Shaded,81,UD4H,10,1,1,1,,,,,,1,,,,,,,,1,,,1,,,,,,,,,,,,,,1,,,1,,,,,,,
265,2018 People Staying Counts,CAP1,Weekend_Evening,Weekend,Evening,20180728,1625,1635,,Sun-Shaded,81,UD4H,11,1,2,1,,,,,,1,,,,,,,,1,,,1,,,,,,,,,1,,,1,,,,,1,,,,,,,
266,2018 People Staying Counts,CAP1,Weekend_Evening,Weekend,Evening,20180728,1625,1635,,Sun-Shaded,81,UD4H,12,1,2,,1,,,,,1,,,,,,,,1,,,1,,,,,,,,,,,,1,,1,,,,,,,,,,
267,2018 People Staying Counts,CAP1,Weekend_Evening,Weekend,Evening,20180728,1625,1635,,Sun-Shaded,81,UD4H,13,1,2,1,,,1,,,,,,,,,,,1,,,1,,,,,,,,,1,,1,1,,1,,,1,,,,,,,
268,2018 People Staying Counts,CAP1,Weekend_Evening,Weekend,Evening,20180728,1625,1635,,Sun-Shaded,81,UD4H,14,1,2,,1,,1,,,,,,,,,,,1,,,1,,,,,,,,,1,,,1,,,,,1,,,,,,,
269,2018 People Staying Counts,CAP1,Weekend_Evening,Weekend,Evening,20180728,1625,1635,,Sun-Shaded,81,UD4H,15,1,1,,1,,,1,,,,,,,,,,1,,,1,,,,,,,,,,,1,1,,,,1,1,,,,,,,
270,2018 People Staying Counts,CAP1,Weekend_Evening,Weekend,Evening,20180728,1625,1635,,Sun-Shaded,81,UD4H,16,1,1,1,,,1,,,,,,,,,,,1,,,1,,,,,,,,,1,,1,,,,,1,1,,,,,,,
271,2018 People Staying Counts,CAP1,Weekend_Evening,Weekend,Evening,20180728,1625,1635,,Sun-Shaded,81,UD4H,17,1,1,,1,,,1,,,,,,,,,,,1,,1,,,,,,,,,,,,,,,,1,,,,,,,,
272,2018 People Staying Counts,CAP1,Weekend_Evening,Weekend,Evening,20180728,1625,1635,,Sun-Shaded,81,UD4H,18,1,1,1,,,,1,,,,,,,,,,1,,,1,,,,,,,,,,,1,,,1,,,,,,,,,,
273,2018 People Staying Counts,CAP1,Weekend_Evening,Weekend,Evening,20180728,1625,1635,,Sun-Shaded,81,UD4H,19,1,1,1,,,,,,1,,,,,,,1,,,,1,,,,,,,,,,,,,,1,,,1,,,,,,,
274,2018 People Staying Counts,CAP1,Weekend_Evening,Weekend,Evening,20180728,1625,1635,,Sun-Shaded,81,UD4H,20,1,1,1,,,1,,,,,,,,,,,1,,,,1,,,,,,,,,,,,,,,1,1,,,,,,,
275,2018 People Staying Counts,CAP1,Weekend_Evening,Weekend,Evening,20180728,1625,1635,,Sun-Shaded,81,UD4H,21,1,1,1,,,1,,,,,,,,,,,1,,,1,,,,,,,,,,,,,,1,,,,,,,,,,
276,2018 People Staying Counts,CAP1,Weekend_Evening,Weekend,Evening,20180728,1625,1635,,Sun-Shaded,81,UD4H,22,1,1,,1,,1,,,,,,,,,,,1,,,,,,,,1,,,,,,,1,,1,,,,,,,,,,
277,2018 People Staying Counts,CAP1,Weekend_Evening,Weekend,Evening,20180728,1625,1635,,Sun-Shaded,81,UD4H,23,1,1,1,,,1,,,,,,,,,,,1,,,1,,,,,,,,,1,,,,,,,,,,,,,,,
278,2018 People Staying Counts,CAP1,Weekend_Evening,Weekend,Evening,20180728,1625,1635,,Sun-Shaded,81,UD4H,24,1,1,,1,,,,,1,,,,,,,,1,,,1,,,,,,,,,1,,,,,1,,,1,,,,,,,
279,2018 People Staying Counts,CAP1,Weekend_Evening,Weekend,Evening,20180728,1625,1635,,Sun-Shaded,81,UD4H,25,1,1,1,,,,1,,,,,,,,,,1,,,1,,,,,,,,,,,,,,,,1,,,,,1,,,
280,2018 People Staying Counts,CAP1,Weekend_Evening,Weekend,Evening,20180728,1625,1635,,Sun-Shaded,81,UD4H,26,1,1,1,,,,,,1,,,,,,,,1,,,1,,,,,,,,,,,,,,1,,,1,,,,,,,
281,2018 People Staying Counts,GEO1,Weekday1_Morning,Weekday,Morning,20180906,0820,0830,,Sun-Shaded,60,UD4H,1,0,,,,,,,,,,,,,,,,,,,,,,,,,,,,,,,,,,,,,,,,,,,
282,2018 People Staying Counts,GEO1,Weekday1_Midday,Weekday,Midday,20180906,1221,1231,,Sun-Shaded,71,UD4H,1,1,1,,1,,1,,,,,,,,,,,1,,,,,1,,,,,,,,,,,,,,1,,,,,,,,
283,2018 People Staying Counts,GEO1,Weekday1_Midday,Weekday,Midday,20180906,1221,1231,,Sun-Shaded,71,UD4H,2,1,1,1,,,1,,,,,,,,,,,1,,,,,1,,,,,,,,,,,,1,,1,,,,,,,,
284,2018 People Staying Counts,GEO1,Weekday1_Midday,Weekday,Midday,20180906,1221,1231,,Sun-Shaded,71,UD4H,3,1,2,,1,,1,,,,,,,,,,,1,,,,,1,,,,,,,,,1,1,,,,,,,,,,,,
285,2018 People Staying Counts,GEO1,Weekday1_Midday,Weekday,Midday,20180906,1221,1231,,Sun-Shaded,71,UD4H,4,1,2,,1,,1,,,,,,,,1,,,,,,,,,,,,1,,,,,1,,1,,,1,,,,,,,,
286,2018 People Staying Counts,GEO1,Weekday1_Midday,Weekday,Midday,20180906,1221,1231,,Sun-Shaded,71,UD4H,5,1,2,,1,,1,,,,,,,,,,,1,,,,,1,,,,,,,,,1,1,,,,,,,,,,,,
287,2018 People Staying Counts,GEO1,Weekday1_Midday,Weekday,Midday,20180906,1221,1231,,Sun-Shaded,71,UD4H,6,1,2,,1,,1,,,,,,,,,,,1,,,,,1,,,,,,,,,1,1,,,,,,,,,,,,
288,2018 People Staying Counts,GEO1,Weekday1_Midday,Weekday,Midday,20180906,1221,1231,,Sun-Shaded,71,UD4H,7,1,2,1,,,1,,,,,,,,,,,1,,,,,,,,1,,,,,,,1,,,,,,,,,,,,
289,2018 People Staying Counts,GEO1,Weekday1_Midday,Weekday,Midday,20180906,1221,1231,,Sun-Shaded,71,UD4H,8,1,2,,1,,1,,,,,,,,,,,1,,,,,,,,1,,,,,,,1,,,,,,,,,,,,
290,2018 People Staying Counts,GEO1,Weekday1_Evening,Weekday,Evening,20180906,1622,1632,,Sun-Exposed,84,UD4H,1,0,,,,,,,,,,,,,,,,,,,,,,,,,,,,,,,,,,,,,,,,,,,
291,2018 People Staying Counts,GEO1,Weekend_Midday,Weekend,Midday,20180908,1250,1300,event:cultural_communal,Heavy Clouds,66,UD4H,1,1,2,,1,,,,,1,,,,,,,,1,,,1,,,,,,,,,,,,1,1,,,,,,,,,,,
292,2018 People Staying Counts,GEO1,Weekend_Midday,Weekend,Midday,20180908,1250,1300,event:cultural_communal,Heavy Clouds,66,UD4H,2,1,2,1,,,,,,1,,,,,1,,,,,,1,,,,,,,,,,,,1,1,,,,,,,,,,,
293,2018 People Staying Counts,GEO1,Weekend_Midday,Weekend,Midday,20180908,1250,1300,event:cultural_communal,Heavy Clouds,66,UD4H,3,1,1,1,,,,,,1,,,,,,,,1,,,1,,,,,,,,,,,,,,1,,,,,,,,,,
294,2018 People Staying Counts,GEO1,Weekend_Midday,Weekend,Midday,20180908,1250,1300,event:cultural_communal,Heavy Clouds,66,UD4H,4,1,4,,1,,,,,1,,,,,,,,1,,,1,,,,,,,,,,,,1,,,,1,,,,,,,,
295,2018 People Staying Counts,GEO1,Weekend_Midday,Weekend,Midday,20180908,1250,1300,event:cultural_communal,Heavy Clouds,66,UD4H,5,1,4,1,,,1,,,,,,,,,,1,,,,1,,,,,,,,,,,1,1,,,,,,,,,,,,
296,2018 People Staying Counts,GEO1,Weekend_Midday,Weekend,Midday,20180908,1250,1300,event:cultural_communal,Heavy Clouds,66,UD4H,6,1,4,1,,,,1,,,,,,,,,,1,,,1,,,,,,,,,,,1,1,,,,1,,,,,,,,
297,2018 People Staying Counts,GEO1,Weekend_Midday,Weekend,Midday,20180908,1250,1300,event:cultural_communal,Heavy Clouds,66,UD4H,7,1,4,,1,,1,,,,,,,,,,1,,,,1,,,,,,,,,,,,1,,,,,,,,,,,,
298,2018 People Staying Counts,GEO1,Weekend_Midday,Weekend,Midday,20180908,1250,1300,event:cultural_communal,Heavy Clouds,66,UD4H,8,1,1,,1,,1,,,,,,,,,,,1,,,1,,,,,,,,,,,,1,,,,,,,,,,,,
299,2018 People Staying Counts,GEO1,Weekend_Midday,Weekend,Midday,20180908,1250,1300,event:cultural_communal,Heavy Clouds,66,UD4H,9,1,1,1,,,1,,,,,,,,,,,,1,,1,,,,,,,,,,,,1,,,,,,,,,,,,
300,2018 People Staying Counts,GEO1,Weekend_Evening,Weekend,Evening,20180908,1621,1631,event:cultural_communal,Light Clouds,69,UD4H,1,1,1,1,,,1,,,,,,,,,,,1,,,,,,,,1,,,,,,,,,,,,,,1,,,,,
301,2018 People Staying Counts,GEO1,Weekend_Evening,Weekend,Evening,20180908,1621,1631,event:cultural_communal,Light Clouds,69,UD4H,2,1,1,1,,,1,,,,,,,,,,,1,,,,,,,,1,,,,,,,,,,,,,,1,,,,,
302,2018 People Staying Counts,GEO1,Weekend_Evening,Weekend,Evening,20180908,1621,1631,event:cultural_communal,Light Clouds,69,UD4H,3,1,1,1,,,1,,,,,,,,,,1,,,,,1,,,,,,,,,,,,,1,,,,,,,,,,
303,2018 People Staying Counts,GEO1,Weekend_Evening,Weekend,Evening,20180908,1621,1631,event:cultural_communal,Light Clouds,69,UD4H,4,1,3,1,,,1,,,,,,,,,,,1,,,1,,,,,,,,,,,,1,,,,,,,1,,,,,
304,2018 People Staying Counts,GEO1,Weekend_Evening,Weekend,Evening,20180908,1621,1631,event:cultural_communal,Light Clouds,69,UD4H,5,1,3,1,,,1,,,,,,,,1,,,,,,,,1,,,,,,,,,,,,,,1,,,,,,,,
305,2018 People Staying Counts,GEO1,Weekend_Evening,Weekend,Evening,20180908,1621,1631,event:cultural_communal,Light Clouds,69,UD4H,6,1,3,,1,,1,,,,,,,,,,,1,,,,,1,,,,,,,,,,1,,,,,,,,,,,,
306,2018 People Staying Counts,GEO1,Weekend_Evening,Weekend,Evening,20180908,1621,1631,event:cultural_communal,Light Clouds,69,UD4H,7,1,1,1,,,1,,,,,,,,,,,1,,,,1,,,,,,,,,,,,,1,,,,,,,,,,
307,2018 People Staying Counts,GEO1,Weekend_Evening,Weekend,Evening,20180908,1621,1631,event:cultural_communal,Light Clouds,69,UD4H,8,1,1,1,,,1,,,,,,,,,,1,,,,,,,,,1,,,,,,,1,,,,,,,1,1,,,,
308,2018 People Staying Counts,GEO1,Weekend_Evening,Weekend,Evening,20180908,1621,1631,event:cultural_communal,Light Clouds,69,UD4H,9,1,2,,1,,1,,,,,,,,,,,1,,,1,,,,,,,,,,,,1,,,,,,,,,,,,
309,2018 People Staying Counts,GEO1,Weekend_Evening,Weekend,Evening,20180908,1621,1631,event:cultural_communal,Light Clouds,69,UD4H,10,1,2,,1,,1,,,,,,,,,,,1,,,,1,,,,,,,,,,,1,,,,,,,,,,,,
310,2018 People Staying Counts,GEO1,Weekend_Evening,Weekend,Evening,20180908,1621,1631,event:cultural_communal,Light Clouds,69,UD4H,11,1,2,,1,,1,,,,,,,,,,,1,,,,,1,,,,,,,,,,1,,,,,,,,,,,,
311,2018 People Staying Counts,GEO1,Weekend_Evening,Weekend,Evening,20180908,1621,1631,event:cultural_communal,Light Clouds,69,UD4H,12,1,2,,1,,1,,,,,,,,,,1,,,,,,1,,,,,,,,,,1,,,,,,,,,,,,
312,2018 People Staying Counts,GEO1,Weekend_Evening,Weekend,Evening,20180908,1621,1631,event:cultural_communal,Light Clouds,69,UD4H,13,1,2,,1,,1,,,,,,,,,,1,,,,1,,,,,,,,,,,,1,,,,,,,,,,,,
313,2018 People Staying Counts,GEO1,Weekend_Evening,Weekend,Evening,20180908,1621,1631,event:cultural_communal,Light Clouds,69,UD4H,14,1,2,1,,,1,,,,,,,,,,1,,,,1,,,,,,,,,,,,1,,,,,,,,,,,,
314,2018 People Staying Counts,GEO1,Weekday2_Morning,Weekday,Morning,20180913,0845,0855,,Heavy Clouds,58,UD4H,1,1,1,1,,,1,,,,,,,,,,1,,,,1,,,,,,,,,,,,,,1,,,,,,,,,,
315,2018 People Staying Counts,GEO1,Weekday2_Midday,Weekday,Midday,20180913,1221,1231,,Heavy Clouds,63,UD4H,1,1,1,1,,,1,,,,,,,,,,,1,,,,1,,,,,,,,,,,,,1,,,,,1,,,,,
316,2018 People Staying Counts,GEO1,Weekday2_Evening,Weekday,Evening,20180913,1621,1631,,Heavy Clouds,66,UD4H,1,1,1,,1,,1,,,,,,,,,,,1,,,1,,,,,,,,,,,,,,1,,,,,1,,,,,
317,2018 People Staying Counts,GEO1,Weekday2_Evening,Weekday,Evening,20180913,1621,1631,,Heavy Clouds,66,UD4H,2,1,1,1,,,1,,,,,,,,,,,1,,,,,,,,1,,,,,,,,,1,,,,,1,,,,,
318,2018 People Staying Counts,GEO1,Weekday2_Evening,Weekday,Evening,20180913,1621,1631,,Heavy Clouds,66,UD4H,3,1,1,,1,,1,,,,,,,,,,,1,,,,,,,,1,,,,,,,,,1,,,,,1,,,,,
319,2018 People Staying Counts,MAG1,Weekday1_Morning,Weekday,Morning,20180806,0900,0910,,Sun-Shaded,60,UD4H,1,0,,,,,,,,,,,,,,,,,,,,,,,,,,,,,,,,,,,,,,,,,,,
320,2018 People Staying Counts,MAG1,Weekday1_Midday,Weekday,Midday,20180806,1236,1246,,Sun-Shaded,74,UD4H,1,1,1,1,,,1,,,,,,,,,,,,,1,,,1,,,,,,,,,,,,,,1,,,,,,,,
321,2018 People Staying Counts,MAG1,Weekday1_Midday,Weekday,Midday,20180806,1236,1246,,Sun-Shaded,74,UD4H,2,1,2,,1,,1,,,,,,,,,,,,1,,,,1,,,,,,,,,1,1,,,,,,,,,,,,
322,2018 People Staying Counts,MAG1,Weekday1_Midday,Weekday,Midday,20180806,1236,1246,,Sun-Shaded,74,UD4H,3,1,2,,1,,1,,,,,,,,,,,,1,,,,1,,,,,,,,,1,1,,,,,,,,,,,,
323,2018 People Staying Counts,MAG1,Weekday1_Midday,Weekday,Midday,20180806,1236,1246,,Sun-Shaded,74,UD4H,4,1,1,1,,,1,,,,,,,,,1,,,,,,,,,1,,,,,,,,1,,,1,,,,,,,,,
324,2018 People Staying Counts,MAG1,Weekday1_Evening,Weekday,Evening,20180806,1626,1636,,Sun-Shaded,85,UD4H,1,1,1,1,,,1,,,,,,,,,,,,1,,,,1,,,,,,,,,,,,,,1,,,,,,,,
325,2018 People Staying Counts,MAG1,Weekday2_Morning,Weekday,Morning,20180810,0836,0846,,Sun-Shaded,65,UD4H,1,1,2,,1,,1,,,,,,,,,,,,1,,,,1,,,,,,,,,1,1,,,,,,,,,,,,
326,2018 People Staying Counts,MAG1,Weekday2_Morning,Weekday,Morning,20180810,0836,0846,,Sun-Shaded,65,UD4H,2,1,2,,1,,1,,,,,,,,,,,,1,,,,1,,,,,,,,,1,1,,,,,,,,,,,,
327,2018 People Staying Counts,MAG1,Weekday2_Midday,Weekday,Midday,20180810,1234,1244,,Sun-Shaded,74,UD4H,1,1,1,1,,,1,,,,,,,,,1,,,,,,,1,,,,,,,,,,1,,,,1,,,,,,,,
328,2018 People Staying Counts,MAG1,Weekday2_Midday,Weekday,Midday,20180810,1234,1244,,Sun-Shaded,74,UD4H,2,1,1,1,,,1,,,,,,,,,,,,1,,1,,,,,,,,,,,,,,1,,1,,,,,,,,
329,2018 People Staying Counts,MAG1,Weekday2_Evening,Weekday,Evening,20180810,1631,1641,,Sun-Shaded,79,UD4H,1,1,1,1,,,1,,,,,,,,,,,,1,,,,1,,,,,,,,,1,,,1,,1,,,,,,,,
330,2018 People Staying Counts,MAG1,Weekday2_Evening,Weekday,Evening,20180810,1631,1641,,Sun-Shaded,79,UD4H,2,1,2,1,,,1,,,,,,,,,,,1,,,,,1,,,,,,,,,1,1,,,,,,,,,,,,
331,2018 People Staying Counts,MAG1,Weekday2_Evening,Weekday,Evening,20180810,1631,1641,,Sun-Shaded,79,UD4H,3,1,2,,1,,1,,,,,,,,,,,1,,,,,1,,,,,,,,,1,1,,,,,,,,,,,,
332,2018 People Staying Counts,MAG1,Weekend_Midday,Weekend,Midday,20180811,1502,1512,,Sun-Shaded,71,UD4H,1,1,2,1,,,1,,,,,,,,,,,,1,,,,1,,,,,,,,,1,1,,,,,,,,,,,,
333,2018 People Staying Counts,MAG1,Weekend_Midday,Weekend,Midday,20180811,1502,1512,,Sun-Shaded,71,UD4H,2,1,2,,1,,1,,,,,,,,,,,,,1,,,1,,,,,,,,,1,1,,,,,,,,,,,,
334,2018 People Staying Counts,MAG1,Weekend_Midday,Weekend,Midday,20180811,1502,1512,,Sun-Shaded,71,UD4H,3,1,1,1,,,1,,,,,,,,,,,,1,,,,,1,,,,,,1,,1,1,,,,,,,,,,,,
335,2018 People Staying Counts,MAG1,Weekend_Midday,Weekend,Midday,20180811,1502,1512,,Sun-Shaded,71,UD4H,4,1,2,,1,,1,,,,,,,,,,,,1,,,,,1,,,,,,1,,1,1,,,,,,,,,,,,
336,2018 People Staying Counts,MAG1,Weekend_Midday,Weekend,Midday,20180811,1502,1512,,Sun-Shaded,71,UD4H,5,1,5,1,,,1,,,,,,,,,,1,,,,,,1,,,,,,,,,1,1,,,,,,,,,,,,
337,2018 People Staying Counts,MAG1,Weekend_Midday,Weekend,Midday,20180811,1502,1512,,Sun-Shaded,71,UD4H,6,1,5,,1,,1,,,,,,,,,1,,,,,,,1,,,,,,,,,1,1,,,,,,,,,,,,
338,2018 People Staying Counts,MAG1,Weekend_Midday,Weekend,Midday,20180811,1502,1512,,Sun-Shaded,71,UD4H,7,1,5,1,,,1,,,,,,,,,1,,,,,1,,,,,,,,,,,,1,,,,,,,,,,,,
339,2018 People Staying Counts,MAG1,Weekend_Midday,Weekend,Midday,20180811,1502,1512,,Sun-Shaded,71,UD4H,8,1,5,,1,,1,,,,,,,,,1,,,,,1,,,,,,,,,,,1,,,,,,,,,,,,,
340,2018 People Staying Counts,MAG1,Weekend_Midday,Weekend,Midday,20180811,1502,1512,,Sun-Shaded,71,UD4H,9,1,5,1,,,1,,,,,,,,,1,,,,,1,,,,,,,,,,,,1,,,,,,,,,,,,
341,2018 People Staying Counts,MAG1,Weekend_Midday,Weekend,Midday,20180811,1502,1512,,Sun-Shaded,71,UD4H,10,1,1,1,,,1,,,,,,,,,,,,1,,,,,1,,,,,,1,,1,1,,,,,,,,,,,,
342,2018 People Staying Counts,MAG1,Weekend_Midday,Weekend,Midday,20180811,1502,1512,,Sun-Shaded,71,UD4H,11,1,1,1,,,1,,,,,,,,,,,,1,,1,,,,,,,,,,,,,,,,,,1,,,,,,
343,2018 People Staying Counts,MAG1,Weekend_Evening,Weekend,Evening,20180811,1727,1737,,Sun-Shaded,70,UD4H,1,1,1,,1,,1,,,,,,,,,,,,1,,1,,,,,,,,,,,,,,,1,,,,,,,,,
344,2018 People Staying Counts,MAG1,Weekend_Evening,Weekend,Evening,20180811,1727,1737,,Sun-Shaded,70,UD4H,2,1,2,1,,,,,,,,,,1,,,,1,,,,,,1,,,,,,1,,1,1,,1,,,,,,,,,,
345,2018 People Staying Counts,MAG1,Weekend_Evening,Weekend,Evening,20180811,1727,1737,,Sun-Shaded,70,UD4H,3,1,2,,1,,1,,,,,,,,,,,1,,,,,,1,,,,,,1,,1,1,,,,,,,,,,,,
346,2018 People Staying Counts,MAG1,Weekend_Evening,Weekend,Evening,20180811,1727,1737,,Sun-Shaded,70,UD4H,4,1,1,,1,,1,,,,,,,,,,,1,,,1,,,,,,,,,,,,,,1,,,,,,,,,,
347,2018 People Staying Counts,SLU4,Weekday1_Morning,Weekday,Morning,20180719,0921,0931,,Heavy Clouds,62,UD4H,1,1,1,1,,,1,,,,,,,,,,,,1,,1,,,,,,,,,,,,,,1,,,,,,,,,,
348,2018 People Staying Counts,SLU4,Weekday1_Morning,Weekday,Morning,20180719,0921,0931,,Heavy Clouds,62,UD4H,2,1,1,1,,,,,,1,,,,,,,,1,,,,1,,,,,,,,,,,,,1,,,,,,,,,,
349,2018 People Staying Counts,SLU4,Weekday1_Morning,Weekday,Morning,20180719,0921,0931,,Heavy Clouds,62,UD4H,3,1,1,1,,,1,,,,,,,,,,,,1,,,1,,,,,,,,,,,,,1,,,,,,,,,,
350,2018 People Staying Counts,SLU4,Weekday1_Midday,Weekday,Midday,20180719,1323,1333,,Heavy Clouds,67,UD4H,1,1,1,1,,,1,,,,,,,,,,,1,,,1,,,,,,,,,,,,,,1,,,,,,,,,,
351,2018 People Staying Counts,SLU4,Weekday1_Midday,Weekday,Midday,20180719,1323,1333,,Heavy Clouds,67,UD4H,2,1,1,1,,,1,,,,,,,,,,,1,,,1,,,,,,,,,,,,,,1,,,,,,,,,,
352,2018 People Staying Counts,SLU4,Weekday1_Midday,Weekday,Midday,20180719,1323,1333,,Heavy Clouds,67,UD4H,3,1,1,1,,,,,,,,1,,,,,,1,,,1,,,,,,,,,,,1,,,,,,,,,,,,,
353,2018 People Staying Counts,SLU4,Weekday1_Midday,Weekday,Midday,20180719,1323,1333,,Heavy Clouds,67,UD4H,4,1,2,1,,,,,,1,,,,,,,,1,,,1,,,,,,,,,,,,1,,,,,,,,,,,,
354,2018 People Staying Counts,SLU4,Weekday1_Midday,Weekday,Midday,20180719,1323,1333,,Heavy Clouds,67,UD4H,5,1,2,1,,,1,,,,,,,,,,,1,,,1,,,,,,,,,,,,1,,,,,,,,,,,,
355,2018 People Staying Counts,SLU4,Weekday1_Midday,Weekday,Midday,20180719,1323,1333,,Heavy Clouds,67,UD4H,6,1,3,,1,,1,,,,,,,,,,,1,,,1,,,,,,,,,,,,1,,,,,,,,,,,,
356,2018 People Staying Counts,SLU4,Weekday1_Midday,Weekday,Midday,20180719,1323,1333,,Heavy Clouds,67,UD4H,7,1,3,1,,,1,,,,,,,,,,,,1,,1,,,,,,,,,,,,1,,,,,,,,,,,,
357,2018 People Staying Counts,SLU4,Weekday1_Midday,Weekday,Midday,20180719,1323,1333,,Heavy Clouds,67,UD4H,8,1,3,,1,,1,,,,,,,,,,,,1,,1,,,,,,,,,,,,1,,,,,,,,,,,,
358,2018 People Staying Counts,SLU4,Weekday1_Midday,Weekday,Midday,20180719,1323,1333,,Heavy Clouds,67,UD4H,9,1,1,1,,,1,,,,,,,,,,,1,,,1,,,,,,,,,,,,,,1,,,,,,,,,,
359,2018 People Staying Counts,SLU4,Weekday1_Evening,Weekday,Evening,20180719,1720,1730,,Heavy Clouds,73,UD4H,1,1,3,1,,,1,,,,,,,,,,,1,,,1,,,,,,,,,,,,1,,,,,,,,,,,,
360,2018 People Staying Counts,SLU4,Weekday1_Evening,Weekday,Evening,20180719,1720,1730,,Heavy Clouds,73,UD4H,2,1,3,,1,,,,,1,,,,,,,,1,,,1,,,,,,,,,,,1,1,,,,,,,,,,,,
361,2018 People Staying Counts,SLU4,Weekday1_Evening,Weekday,Evening,20180719,1720,1730,,Heavy Clouds,73,UD4H,3,1,3,,1,,1,,,,,,,,,,,1,,,1,,,,,,,,,,,,1,,,,,,,,,,,,
362,2018 People Staying Counts,SLU4,Weekday1_Evening,Weekday,Evening,20180719,1720,1730,,Heavy Clouds,73,UD4H,4,1,2,1,,,1,,,,,,,,,,,1,,,1,,,,,,,,,,,,1,,,,,,,,,,,,
363,2018 People Staying Counts,SLU4,Weekday1_Evening,Weekday,Evening,20180719,1720,1730,,Heavy Clouds,73,UD4H,5,1,2,,1,,1,,,,,,,,,,,1,,,1,,,,,,,,,,,,1,,1,,,,,,,,,,
364,2018 People Staying Counts,SLU4,Weekday1_Evening,Weekday,Evening,20180719,1720,1730,,Heavy Clouds,73,UD4H,6,1,3,1,,,,,,1,,,,,,,,1,,,1,,,,,,,,,,,,1,,1,,,,,,,,,,
365,2018 People Staying Counts,SLU4,Weekday1_Evening,Weekday,Evening,20180719,1720,1730,,Heavy Clouds,73,UD4H,7,1,3,,1,,,,,1,,,,,,,,1,,,1,,,,,,,,,,,,1,,1,,,,,,,,,,
366,2018 People Staying Counts,SLU4,Weekday1_Evening,Weekday,Evening,20180719,1720,1730,,Heavy Clouds,73,UD4H,8,1,3,,1,,,,,1,,,,,,,,1,,,1,,,,,,,,,,,,1,,,,,,,,,,,,
367,2018 People Staying Counts,SLU4,Weekday1_Evening,Weekday,Evening,20180719,1720,1730,,Heavy Clouds,73,UD4H,9,1,2,,1,,1,,,,,,,,,,,1,,,1,,,,,,,,,,,,1,,1,,,,,,,,,,
368,2018 People Staying Counts,SLU4,Weekday1_Evening,Weekday,Evening,20180719,1720,1730,,Heavy Clouds,73,UD4H,10,1,2,,1,,1,,,,,,,,,,,1,,,1,,,,,,,,,,,,1,,1,,,,,,,,,,
369,2018 People Staying Counts,SLU4,Weekday1_Evening,Weekday,Evening,20180719,1720,1730,,Heavy Clouds,73,UD4H,11,1,1,,1,,,,,1,,,,,,,,1,,,1,,,,,,,,,,,,,,1,,,,,,,,,,
370,2018 People Staying Counts,SLU4,Weekday1_Evening,Weekday,Evening,20180719,1720,1730,,Heavy Clouds,73,UD4H,12,1,1,1,,,,,,1,,,,,,,,,1,,1,,,,,,,,,,,,,,1,,1,,,,,,,,
371,2018 People Staying Counts,SLU4,Weekday1_Evening,Weekday,Evening,20180719,1720,1730,,Heavy Clouds,73,UD4H,13,1,1,1,,,,,,1,,,,,,,1,,,,1,,,,,,,,,,,,,,1,,,,,,,,,,
372,2018 People Staying Counts,SLU4,Weekday1_Evening,Weekday,Evening,20180719,1720,1730,,Heavy Clouds,73,UD4H,14,1,1,,1,,,,,1,,,,,,,,1,,,1,,,,,,,,,,,,,,,,1,,,,,,,,
373,2018 People Staying Counts,SLU4,Weekday1_Evening,Weekday,Evening,20180719,1720,1730,,Heavy Clouds,73,UD4H,15,1,2,,1,,,,,1,,,,,,,,1,,,1,,,,,,,,,,,,1,,,,,,,,,,,,
374,2018 People Staying Counts,SLU4,Weekday1_Evening,Weekday,Evening,20180719,1720,1730,,Heavy Clouds,73,UD4H,16,1,2,,1,,1,,,,,,,,,,,1,,,1,,,,,,,,,,,,1,,,,,,,,,,,,
375,2018 People Staying Counts,SLU4,Weekday1_Evening,Weekday,Evening,20180719,1720,1730,,Heavy Clouds,73,UD4H,17,1,1,1,,,,,,1,,,,,,,,1,,,1,,,,,,,,,,,,,,1,,1,,,,,,,,
376,2018 People Staying Counts,SLU4,Weekday2_Midday,Weekday,Midday,20180720,1316,1326,event:commercial_event,Sun-Shaded,70,UD4H,1,1,1,,1,,,1,,,,,,,,,,1,,,1,,,,,,,,,1,,,,,,,,,,,,,,,
377,2018 People Staying Counts,SLU4,Weekday2_Midday,Weekday,Midday,20180720,1316,1326,event:commercial_event,Sun-Shaded,70,UD4H,2,1,1,,1,,,,,1,,,,,,,,1,,,1,,,,,,,,,1,,,,,,,1,,,,,,,,
378,2018 People Staying Counts,SLU4,Weekday2_Midday,Weekday,Midday,20180720,1316,1326,event:commercial_event,Sun-Shaded,70,UD4H,3,1,1,1,,,1,,,,,,,,,,,1,,,1,,,,,,,,1,,,,,,1,,,,,,,,,,
379,2018 People Staying Counts,SLU4,Weekday2_Midday,Weekday,Midday,20180720,1316,1326,event:commercial_event,Sun-Shaded,70,UD4H,4,1,1,1,,,1,,,,,,,,,,1,,,,1,,,,,,,,,,,,,,1,,,,,,,,,,
380,2018 People Staying Counts,SLU4,Weekday2_Midday,Weekday,Midday,20180720,1316,1326,event:commercial_event,Sun-Shaded,70,UD4H,5,1,1,1,,,1,,,,,,,,,,,,1,,1,,,,,,,,1,,,,,,,,1,,,,,,,,
381,2018 People Staying Counts,SLU4,Weekday2_Midday,Weekday,Midday,20180720,1316,1326,event:commercial_event,Sun-Shaded,70,UD4H,6,1,1,,1,,1,,,,,,,,,,,1,,,1,,,,,,,,1,,,,,,,,,,,,,,,,
382,2018 People Staying Counts,SLU4,Weekday2_Midday,Weekday,Midday,20180720,1316,1326,event:commercial_event,Sun-Shaded,70,UD4H,7,1,1,1,,,1,,,,,,,,,,,1,,,1,,,,,,,,,,,,,,1,,,,,,,,,,
383,2018 People Staying Counts,SLU4,Weekday2_Midday,Weekday,Midday,20180720,1316,1326,event:commercial_event,Sun-Shaded,70,UD4H,8,1,1,1,,,,,,1,,,,,,,1,,,,1,,,,,,,,,,1,,,,,,,,,,,,,,
384,2018 People Staying Counts,SLU4,Weekday2_Midday,Weekday,Midday,20180720,1316,1326,event:commercial_event,Sun-Shaded,70,UD4H,9,1,1,1,,,,,,1,,,,,,,,1,,,1,,,,,,,,,1,,,,,,,,,,,,,,,
385,2018 People Staying Counts,SLU4,Weekday2_Evening,Weekday,Evening,20180720,1722,1732,,Sun-Shaded,72,UD4H,1,1,1,,1,,1,,,,,,,,,,,1,,,1,,,,,,,,,,,,,,1,,,,,,,,,,
386,2018 People Staying Counts,SLU4,Weekday2_Evening,Weekday,Evening,20180720,1722,1732,,Sun-Shaded,72,UD4H,2,1,1,,1,,,,,1,,,,,,,,,1,,1,,,,,,,,1,,,,,,1,,,,,,,,,,
387,2018 People Staying Counts,SLU4,Weekday2_Evening,Weekday,Evening,20180720,1722,1732,,Sun-Shaded,72,UD4H,3,1,1,1,,,,,,1,,,,,,,,1,,,1,,,,,,,,,,,,,,1,,,,,,,,,,
388,2018 People Staying Counts,SLU4,Weekday2_Evening,Weekday,Evening,20180720,1722,1732,,Sun-Shaded,72,UD4H,4,1,1,,1,,,,,1,,,,,,,,1,,,1,,,,,,,,,,,,,,1,,,,,,,,,,
389,2018 People Staying Counts,SLU4,Weekday2_Evening,Weekday,Evening,20180720,1722,1732,,Sun-Shaded,72,UD4H,5,1,1,,1,,1,,,,,,,,,,,1,,,,,,,1,,,,,,,,,,1,1,,,,,,,,,
390,2018 People Staying Counts,SLU4,Weekend_Midday,Weekend,Midday,20180721,1322,1332,,Sun-Shaded,71,UD4H,1,1,6,1,,,1,,,,,,,,,,,1,,,1,,,,,,,,,,,,1,,,,,,,,,,,,
391,2018 People Staying Counts,SLU4,Weekend_Midday,Weekend,Midday,20180721,1322,1332,,Sun-Shaded,71,UD4H,2,1,6,1,,,1,,,,,,,,,,,1,,,1,,,,,,,,,,,,1,,,,,,,,,,,,
392,2018 People Staying Counts,SLU4,Weekend_Midday,Weekend,Midday,20180721,1322,1332,,Sun-Shaded,71,UD4H,3,1,6,1,,,1,,,,,,,,,,,1,,,1,,,,,,,,,,,,1,,,,,,,,,,,,
393,2018 People Staying Counts,SLU4,Weekend_Midday,Weekend,Midday,20180721,1322,1332,,Sun-Shaded,71,UD4H,4,1,6,,1,,1,,,,,,,,,,,1,,,1,,,,,,,,,,,,1,,,,,,,,,,,,
394,2018 People Staying Counts,SLU4,Weekend_Midday,Weekend,Midday,20180721,1322,1332,,Sun-Shaded,71,UD4H,5,1,6,,1,,1,,,,,,,,,,,1,,,1,,,,,,,,,,,,1,,,,,,,,,,,,
395,2018 People Staying Counts,SLU4,Weekend_Midday,Weekend,Midday,20180721,1322,1332,,Sun-Shaded,71,UD4H,6,1,6,,1,,1,,,,,,,,,,,1,,,1,,,,,,,,,,,,1,,,,,,,,,,,,
396,2018 People Staying Counts,SLU4,Weekend_Midday,Weekend,Midday,20180721,1322,1332,,Sun-Shaded,71,UD4H,7,1,3,,1,,,1,,,,,,,,,,1,,,1,,,,,,,,,,,,1,,,,,,,,,,,,
397,2018 People Staying Counts,SLU4,Weekend_Midday,Weekend,Midday,20180721,1322,1332,,Sun-Shaded,71,UD4H,8,1,3,1,,,,1,,,,,,,,,,1,,,1,,,,,,,,,,,,1,,,,,,,,,,,,
398,2018 People Staying Counts,SLU4,Weekend_Midday,Weekend,Midday,20180721,1322,1332,,Sun-Shaded,71,UD4H,9,1,3,1,,,,1,,,,,,,,,,1,,,1,,,,,,,,,,,,1,,,,,,,,,,,,
399,2018 People Staying Counts,SLU4,Weekend_Midday,Weekend,Midday,20180721,1322,1332,,Sun-Shaded,71,UD4H,10,1,1,,1,,1,,,,,,,,,,,1,,,,1,,,,,,,,,,,,,1,,,,,,,,,,
400,2018 People Staying Counts,SLU4,Weekend_Midday,Weekend,Midday,20180721,1322,1332,,Sun-Shaded,71,UD4H,11,1,2,,1,,,,,,,,1,,,,,1,,,1,,,,,,,,,,,,1,,,,,,,,,,,,
401,2018 People Staying Counts,SLU4,Weekend_Midday,Weekend,Midday,20180721,1322,1332,,Sun-Shaded,71,UD4H,12,1,2,1,,,1,,,,,,,,,,,1,,,1,,,,,,,,,,,,1,,,,,,,,,,,,
402,2018 People Staying Counts,SLU4,Weekend_Midday,Weekend,Midday,20180721,1322,1332,,Sun-Shaded,71,UD4H,13,1,1,1,,,,,,,,1,,,,,,1,,,1,,,,,,,,,,,,,,1,,,,,,,,,,
403,2018 People Staying Counts,SLU4,Weekend_Midday,Weekend,Midday,20180721,1322,1332,,Sun-Shaded,71,UD4H,14,1,1,,1,,1,,,,,,,,,,,1,,,1,,,,,,,,,,,,,,,,1,,,,,,,,
404,2018 People Staying Counts,SLU4,Weekend_Midday,Weekend,Midday,20180721,1322,1332,,Sun-Shaded,71,UD4H,15,1,1,1,,,1,,,,,,,,,,,1,,,1,,,,,,,,,,,,1,,,,,,,,,,,,
405,2018 People Staying Counts,SLU4,Weekend_Midday,Weekend,Midday,20180721,1322,1332,,Sun-Shaded,71,UD4H,16,1,1,1,,,,,,1,,,,,,,,1,,,1,,,,,,,,,,,,,,,,1,,,,,,,,
406,2018 People Staying Counts,SLU4,Weekend_Midday,Weekend,Midday,20180721,1322,1332,,Sun-Shaded,71,UD4H,17,1,2,1,,,1,,,,,,,,,,,1,,,1,,,,,,,,,,1,,1,,,,,,,,,,,,
407,2018 People Staying Counts,SLU4,Weekend_Midday,Weekend,Midday,20180721,1322,1332,,Sun-Shaded,71,UD4H,18,1,2,1,,,1,,,,,,,,,,,1,,,1,,,,,,,,,,1,,1,,,,,,,,,,,,
408,2018 People Staying Counts,SLU4,Weekend_Midday,Weekend,Midday,20180721,1322,1332,,Sun-Shaded,71,UD4H,19,1,1,1,,,1,,,,,,,,,,,,1,,1,,,,,,,,,,,,,,,,1,,,,,,,,
409,2018 People Staying Counts,SLU4,Weekend_Evening,Weekend,Evening,20180721,1718,1728,,Sun-Shaded,76,UD4H,1,1,2,1,,,,,,1,,,,,,,,1,,,1,,,,,,,,,,,,1,,,,,,,,,,,,
410,2018 People Staying Counts,SLU4,Weekend_Evening,Weekend,Evening,20180721,1718,1728,,Sun-Shaded,76,UD4H,2,1,2,1,,,,,,1,,,,,,,,1,,,1,,,,,,,,,,,,1,,,,,,,,,,,,
411,2018 People Staying Counts,SLU4,Weekend_Evening,Weekend,Evening,20180721,1718,1728,,Sun-Shaded,76,UD4H,3,1,1,,1,,,1,,,,,,,,,,1,,,1,,,,,,,,,,,,,,1,,,,,,,,,,
412,2018 People Staying Counts,SLU4,Weekday2_Morning,Weekday,Morning,20180725,0922,0932,,Sun-Shaded,69,UD4H,1,1,1,1,,,1,,,,,,,,,,,,1,,1,,,,,,,,,,,,,,1,,,,,,,,,,
413,2018 People Staying Counts,SLU4,Weekday2_Morning,Weekday,Morning,20180725,0922,0932,,Sun-Shaded,69,UD4H,2,1,2,,1,,1,,,,,,,,,,,,1,,1,,,,,,,,,,,,1,,,,,,,,,,,,
414,2018 People Staying Counts,SLU4,Weekday2_Morning,Weekday,Morning,20180725,0922,0932,,Sun-Shaded,69,UD4H,3,1,2,1,,,1,,,,,,,,,,,,1,,1,,,,,,,,,,,,1,,,,,,,,,,,,
415,2018 People Staying Counts,SLU4,Weekday2_Morning,Weekday,Morning,20180725,0922,0932,,Sun-Shaded,69,UD4H,4,1,1,1,,,,,,1,,,,,,,1,,,,,1,,,,,,,,,,,,,1,,,,,,,,,,
416,2018 People Staying Counts,UQA1,Weekday1_Morning,Weekday,Morning,20180806,0908,0918,,Sun-Exposed,65,UD4H,1,1,1,,1,,1,,,,,,,,,,,1,,,1,,,,,,,,,,,,,,1,,,1,,,,,,,
417,2018 People Staying Counts,UQA1,Weekday1_Morning,Weekday,Morning,20180806,0908,0918,,Sun-Exposed,65,UD4H,2,1,1,,1,,1,,,,,,,,,,,,1,,1,,,,,,,,,,,,,,,,,1,,,,,,,
418,2018 People Staying Counts,UQA1,Weekday1_Morning,Weekday,Morning,20180806,0908,0918,,Sun-Exposed,65,UD4H,3,1,1,1,,,1,,,,,,,,,,,1,,,1,,,,,,,,,,,,,,1,,,1,,,,,,,
419,2018 People Staying Counts,UQA1,Weekday1_Morning,Weekday,Morning,20180806,0908,0918,,Sun-Exposed,65,UD4H,4,1,1,1,,,1,,,,,,,,,,,1,,,,,,,,1,,,,,,,,,,,,1,,,,,,,
420,2018 People Staying Counts,UQA1,Weekday1_Morning,Weekday,Morning,20180806,0908,0918,,Sun-Exposed,65,UD4H,5,1,1,,1,,,,,,,1,,,,,,1,,,,,1,,,,,,,,,1,,,1,,,,,,,,,,
421,2018 People Staying Counts,UQA1,Weekday1_Morning,Weekday,Morning,20180806,0908,0918,,Sun-Exposed,65,UD4H,6,1,3,,1,,1,,,,,,,,,,,1,,,,,1,,,,,,,,,1,1,,,,,,,,,,,,
422,2018 People Staying Counts,UQA1,Weekday1_Morning,Weekday,Morning,20180806,0908,0918,,Sun-Exposed,65,UD4H,7,1,3,,1,,1,,,,,,,,1,,,,,,,,,,,1,,,,,,,1,,,,,,,,,,,,
423,2018 People Staying Counts,UQA1,Weekday1_Morning,Weekday,Morning,20180806,0908,0918,,Sun-Exposed,65,UD4H,8,1,3,1,,,1,,,,,,,,1,,,,,,,,1,,,,,,,,,,1,,,,,,,,,,,,
424,2018 People Staying Counts,UQA1,Weekday1_Midday,Weekday,Midday,20180806,1251,1301,,Sun-Shaded,73,UD4H,1,1,2,,1,,1,,,,,,,,,,,,1,,,,1,,,,,,,1,,1,1,,,,,,,,,,,,
425,2018 People Staying Counts,UQA1,Weekday1_Midday,Weekday,Midday,20180806,1251,1301,,Sun-Shaded,73,UD4H,2,1,2,,1,,1,,,,,,,,,,,1,,,,,1,,,,,,,,,1,1,,,,,,,,,,,,
426,2018 People Staying Counts,UQA1,Weekday1_Midday,Weekday,Midday,20180806,1251,1301,,Sun-Shaded,73,UD4H,3,1,2,,1,,1,,,,,,,,,,1,,,,,,1,,,,,,,,,1,1,,,,,,,,,,,,
427,2018 People Staying Counts,UQA1,Weekday1_Midday,Weekday,Midday,20180806,1251,1301,,Sun-Shaded,73,UD4H,4,1,2,1,,,,1,,,,,,,,,,1,,,,,1,,,,,,,1,,1,1,,,,,,,,,,,,
428,2018 People Staying Counts,UQA1,Weekday1_Midday,Weekday,Midday,20180806,1251,1301,,Sun-Shaded,73,UD4H,5,1,1,1,,,1,,,,,,,,,,,,,1,,,1,,,,,,,,,1,,,1,,1,,,,,,,,
429,2018 People Staying Counts,UQA1,Weekday1_Midday,Weekday,Midday,20180806,1251,1301,,Sun-Shaded,73,UD4H,6,1,1,1,,,1,,,,,,,,,,,,1,,,,1,,,,,,,,,1,,,1,,,,,,,,,,
430,2018 People Staying Counts,UQA1,Weekday1_Midday,Weekday,Midday,20180806,1251,1301,,Sun-Shaded,73,UD4H,7,1,3,1,,,,,,1,,,,,,,,1,,,,,1,,,,,,,,,,1,,,,,,,,,,,,
431,2018 People Staying Counts,UQA1,Weekday1_Midday,Weekday,Midday,20180806,1251,1301,,Sun-Shaded,73,UD4H,8,1,3,,1,,1,,,,,,,,,,,1,,,,,1,,,,,,,,,1,1,,,,,,,,,,,,
432,2018 People Staying Counts,UQA1,Weekday1_Midday,Weekday,Midday,20180806,1251,1301,,Sun-Shaded,73,UD4H,9,1,3,,,1,,,,,,,1,,1,,,,,,,,,,,,1,1,,,,,,,,,1,,,,,,,,
433,2018 People Staying Counts,UQA1,Weekday1_Midday,Weekday,Midday,20180806,1251,1301,,Sun-Shaded,73,UD4H,10,1,1,1,,,1,,,,,,,,,,,1,,,,,,,,1,,,,,,,,,1,1,,,,,,,,,
434,2018 People Staying Counts,UQA1,Weekday1_Evening,Weekday,Evening,20180806,1632,1642,,Sun-Shaded,83,UD4H,1,1,2,,1,,1,,,,,,,,,,,,,1,,,1,,,,,,,,,1,1,,,,,,,,,,,,
435,2018 People Staying Counts,UQA1,Weekday1_Evening,Weekday,Evening,20180806,1632,1642,,Sun-Shaded,83,UD4H,2,1,2,1,,,1,,,,,,,,,,,,,1,,,1,,,,,,,,,1,1,,,,,,,,,,,,
436,2018 People Staying Counts,UQA1,Weekday1_Evening,Weekday,Evening,20180806,1632,1642,,Sun-Shaded,83,UD4H,3,1,1,1,,,1,,,,,,,,,,,,1,,,,1,,,,,,,,,1,,,1,,,,,,,,,,
437,2018 People Staying Counts,UQA1,Weekday1_Evening,Weekday,Evening,20180806,1632,1642,,Sun-Shaded,83,UD4H,4,1,1,1,,,1,,,,,,,,,,,,1,,,,1,,,,,,,,,1,,,,,1,,,,,,,,
438,2018 People Staying Counts,UQA1,Weekday1_Evening,Weekday,Evening,20180806,1632,1642,,Sun-Shaded,83,UD4H,5,1,2,,1,,1,,,,,,,,,,,,1,,,,1,,,,,,,,,,1,,,,,,,,,,,,
439,2018 People Staying Counts,UQA1,Weekday1_Evening,Weekday,Evening,20180806,1632,1642,,Sun-Shaded,83,UD4H,6,1,2,,1,,1,,,,,,,,,,,,1,,,,1,,,,,,,,,1,1,,,,,,,,,,,,
440,2018 People Staying Counts,UQA1,Weekday1_Evening,Weekday,Evening,20180806,1632,1642,,Sun-Shaded,83,UD4H,7,1,1,,1,,1,,,,,,,,,,,1,,,1,,,,,,,,,,,,,,,,,1,,,,,,,
441,2018 People Staying Counts,UQA1,Weekday1_Evening,Weekday,Evening,20180806,1632,1642,,Sun-Shaded,83,UD4H,8,1,1,1,,,1,,,,,,,,,,,1,,,,1,,,,,,,,,,,,,1,,,,,,,,,,
442,2018 People Staying Counts,UQA1,Weekend_Midday,Weekend,Midday,20180811,1154,1204,,Light Clouds,69,UD4H,1,1,1,,1,,1,,,,,,,,,,,1,,,1,,,,,,,,,,,,,,1,1,,,,,,,,,
443,2018 People Staying Counts,UQA1,Weekend_Midday,Weekend,Midday,20180811,1154,1204,,Light Clouds,69,UD4H,2,1,4,1,,,1,,,,,,,,,,,,1,,1,,,,,,,,,,,,1,,,,,,,,,,,,
444,2018 People Staying Counts,UQA1,Weekend_Midday,Weekend,Midday,20180811,1154,1204,,Light Clouds,69,UD4H,3,1,4,,1,,1,,,,,,,,,,,1,,,1,,,,,,,,,,,,1,,,,,,,,,,,,
445,2018 People Staying Counts,UQA1,Weekend_Midday,Weekend,Midday,20180811,1154,1204,,Light Clouds,69,UD4H,4,1,4,,1,,1,,,,,,,,,,1,,,,1,,,,,,,,,,,,1,,,,,,,,,,,,
446,2018 People Staying Counts,UQA1,Weekend_Midday,Weekend,Midday,20180811,1154,1204,,Light Clouds,69,UD4H,5,1,4,,1,,1,,,,,,,,,,1,,,,1,,,,,,,,,,,,1,,,,,,,,,,,,
447,2018 People Staying Counts,UQA1,Weekend_Midday,Weekend,Midday,20180811,1154,1204,,Light Clouds,69,UD4H,6,1,1,1,,,1,,,,,,,,,,,1,,,,,1,,,,,,,,,1,,,1,,,,,,,,,,
448,2018 People Staying Counts,UQA1,Weekend_Midday,Weekend,Midday,20180811,1154,1204,,Light Clouds,69,UD4H,7,1,3,,1,,1,,,,,,,,1,,,,,,1,,,,,,,,,,,,,,,,1,,,,,,,,
449,2018 People Staying Counts,UQA1,Weekend_Midday,Weekend,Midday,20180811,1154,1204,,Light Clouds,69,UD4H,8,1,3,1,,,1,,,,,,,,,1,,,,,1,,,,,,,,,,,,1,,,,,,,,,,,,
450,2018 People Staying Counts,UQA1,Weekend_Midday,Weekend,Midday,20180811,1154,1204,,Light Clouds,69,UD4H,9,1,3,1,,,1,,,,,,,,,,,1,,,1,,,,,,,,,,,,1,,,,,,,,,,,,
451,2018 People Staying Counts,UQA1,Weekend_Midday,Weekend,Midday,20180811,1154,1204,,Light Clouds,69,UD4H,10,1,2,,1,,1,,,,,,,,,,,1,,,1,,,,,,,,,,,,1,,,,,,,,,,,,
452,2018 People Staying Counts,UQA1,Weekend_Midday,Weekend,Midday,20180811,1154,1204,,Light Clouds,69,UD4H,11,1,2,1,,,1,,,,,,,,,,,1,,,1,,,,,,,,,,,,1,,1,,,,,,,,,,
453,2018 People Staying Counts,UQA1,Weekend_Midday,Weekend,Midday,20180811,1154,1204,,Light Clouds,69,UD4H,12,1,4,,1,,1,,,,,,,,,,,1,,,1,,,,,,,,,,,,1,,,,,,,,,,,,
454,2018 People Staying Counts,UQA1,Weekend_Midday,Weekend,Midday,20180811,1154,1204,,Light Clouds,69,UD4H,13,1,4,1,,,1,,,,,,,,,,,1,,,1,,,,,,,,,,,,1,,,,,,,,,,,,
455,2018 People Staying Counts,UQA1,Weekend_Midday,Weekend,Midday,20180811,1154,1204,,Light Clouds,69,UD4H,14,1,4,1,,,1,,,,,,,,,1,,,,,1,,,,,,,,,,,,1,,,,,,,,,,,,
456,2018 People Staying Counts,UQA1,Weekend_Midday,Weekend,Midday,20180811,1154,1204,,Light Clouds,69,UD4H,15,1,4,1,,,1,,,,,,,,,1,,,,,1,,,,,,,,,,,,1,,,,,,,,,,,,
457,2018 People Staying Counts,UQA1,Weekend_Evening,Weekend,Evening,20180804,1653,1703,,Sun-Shaded,75,UD4H,1,1,1,,1,,1,,,,,,,,,,,,1,,,,1,,,,,,,,,,,,1,,1,,,,,,,,
458,2018 People Staying Counts,UQA1,Weekend_Evening,Weekend,Evening,20180804,1653,1703,,Sun-Shaded,75,UD4H,2,1,2,1,,,1,,,,,,,,,,,,1,,,,1,,,,,,,1,,1,1,,,,,,,,,,,,
459,2018 People Staying Counts,UQA1,Weekend_Evening,Weekend,Evening,20180804,1653,1703,,Sun-Shaded,75,UD4H,3,1,2,,1,,1,,,,,,,,,,,,1,,,,1,,,,,,,1,,1,1,,,,,,,,,,,,
460,2018 People Staying Counts,UQA1,Weekday2_Morning,Weekday,Morning,20180807,0919,0929,,Sun-Exposed,71,UD4H,1,1,1,,1,,1,,,,,,,,,,,,1,,,,1,,,,,,,,,1,,,,,,,,,,,1,,
461,2018 People Staying Counts,UQA1,Weekday2_Morning,Weekday,Morning,20180807,0919,0929,,Sun-Exposed,71,UD4H,2,1,1,1,,,1,,,,,,,,,,,1,,,,,1,,,,,,,,,1,,,1,,,,,,,,,,
462,2018 People Staying Counts,UQA1,Weekday2_Midday,Weekday,Midday,20180807,1242,1252,,Sun-Shaded,78,UD4H,1,1,1,1,,,1,,,,,,,,,,,,1,,,,1,,,,,,,,,1,,,,,1,,,,,,,,
463,2018 People Staying Counts,UQA1,Weekday2_Midday,Weekday,Midday,20180807,1242,1252,,Sun-Shaded,78,UD4H,2,1,1,1,,,1,,,,,,,,,,,,1,,,,1,,,,,,,,,1,,,1,,,,,,,,,,
464,2018 People Staying Counts,UQA1,Weekday2_Midday,Weekday,Midday,20180807,1242,1252,,Sun-Shaded,78,UD4H,3,1,2,,1,,1,,,,,,,,,,,1,,,,,1,,,,,,,,,1,1,,,,,,,,,,,,
465,2018 People Staying Counts,UQA1,Weekday2_Midday,Weekday,Midday,20180807,1242,1252,,Sun-Shaded,78,UD4H,4,1,2,1,,,1,,,,,,,,,,,,1,,,,1,,,,,,,,,1,1,,1,,,,,,,,,,
466,2018 People Staying Counts,UQA1,Weekday2_Midday,Weekday,Midday,20180807,1242,1252,,Sun-Shaded,78,UD4H,5,1,2,,1,,1,,,,,,,,,,,,,1,,,1,,,,,,,,,1,1,,,,,,,,,,,,
467,2018 People Staying Counts,UQA1,Weekday2_Midday,Weekday,Midday,20180807,1242,1252,,Sun-Shaded,78,UD4H,6,1,2,1,,,1,,,,,,,,,,,,,1,,,1,,,,,,,,,1,1,,,,,,,,,,,,
468,2018 People Staying Counts,UQA1,Weekday2_Midday,Weekday,Midday,20180807,1242,1252,,Sun-Shaded,78,UD4H,7,1,2,1,,,1,,,,,,,,,,,1,,,,,1,,,,,,,,,1,1,,,,,,,,,,,,
469,2018 People Staying Counts,UQA1,Weekday2_Midday,Weekday,Midday,20180807,1242,1252,,Sun-Shaded,78,UD4H,8,1,2,1,,,1,,,,,,,,,,,1,,,,,1,,,,,,,,,1,1,,,,,,,,,,,,
470,2018 People Staying Counts,UQA1,Weekday2_Midday,Weekday,Midday,20180807,1242,1252,,Sun-Shaded,78,UD4H,9,1,2,,1,,1,,,,,,,,,,,,,1,1,,,,,,,1,,,,,1,,,,,,,,,,,,
471,2018 People Staying Counts,UQA1,Weekday2_Midday,Weekday,Midday,20180807,1242,1252,,Sun-Shaded,78,UD4H,10,1,2,1,,,1,,,,,,,,,,,,1,,1,,,,,,,,,,,,1,,,,,,,,,,,,
472,2018 People Staying Counts,UQA1,Weekday2_Evening,Weekday,Evening,20180807,1651,1701,,Sun-Shaded,86,UD4H,1,1,1,,1,,1,,,,,,,,,,,1,,,1,,,,,,,,,,1,,,,,,,,,,,,,,
473,2018 People Staying Counts,UQA1,Weekday2_Evening,Weekday,Evening,20180807,1651,1701,,Sun-Shaded,86,UD4H,2,1,2,,1,,1,,,,,,,,1,,,,,,1,,,,,,,,,,,,1,,,1,,,,,,,,,
474,2018 People Staying Counts,UQA1,Weekday2_Evening,Weekday,Evening,20180807,1651,1701,,Sun-Shaded,86,UD4H,3,1,2,,1,,1,,,,,,,,,,,1,,,1,,,,,,,,,,,,1,,,1,,,,,,,,,
475,2018 People Staying Counts,UQA1,Weekday2_Evening,Weekday,Evening,20180807,1651,1701,,Sun-Shaded,86,UD4H,4,1,1,1,,,1,,,,,,,,,,,,,1,,,1,,,,,,,,,1,,,,,1,,,,,,,,
476,2018 People Staying Counts,UQA1,Weekday2_Evening,Weekday,Evening,20180807,1651,1701,,Sun-Shaded,86,UD4H,5,1,1,1,,,1,,,,,,,,,1,,,,,,,1,,,,,,,,,1,,,,,1,,,,,,,,
477,2018 People Staying Counts,UQA1,Weekday2_Evening,Weekday,Evening,20180807,1651,1701,,Sun-Shaded,86,UD4H,6,1,2,1,,,,,,,,,1,,,,,1,,,,,1,,,,,,,,,,,,1,,1,,,,,,,,
478,2018 People Staying Counts,UQA1,Weekday2_Evening,Weekday,Evening,20180807,1651,1701,,Sun-Shaded,86,UD4H,7,1,2,1,,,,,,,,,1,,1,,,,,,,,,,,1,,,,,,,,,,,1,,,,,,,,
479,2018 People Staying Counts,UQA1,Weekday2_Evening,Weekday,Evening,20180807,1651,1701,,Sun-Shaded,86,UD4H,8,1,1,1,,,1,,,,,,,,,,,,1,,,,1,,,,,,,,,1,,,,,1,,,,,,,,
480,2018 People Staying Counts,PIK3,Weekday1_Morning,Weekday,Morning,20180723,0840,0850,,Sun-Exposed,68,UD4H,1,1,1,1,,,,1,,,,,,,,,,1,,,1,,,,,,,,,,,,,,,,,1,,,,,,,
481,2018 People Staying Counts,PIK3,Weekday1_Morning,Weekday,Morning,20180723,0840,0850,,Sun-Exposed,68,UD4H,2,1,1,,1,,1,,,,,,,,,,,,1,,1,,,,,,,,,,,,1,,,,,,,,,,,,
482,2018 People Staying Counts,PIK3,Weekday1_Midday,Weekday,Midday,20180723,1230,1240,,Sun-Exposed,80,UD4H,1,1,2,,1,,,,,1,,,,,,,,1,,,1,,,,,,,,,,,,1,,,,,,,,,,,,
483,2018 People Staying Counts,PIK3,Weekday1_Midday,Weekday,Midday,20180723,1230,1240,,Sun-Exposed,80,UD4H,2,1,2,,1,,,,,1,,,,,,,,,1,,1,,,,,,,,,,,,1,,,,,1,,,,,,,
484,2018 People Staying Counts,PIK3,Weekday1_Midday,Weekday,Midday,20180723,1230,1240,,Sun-Exposed,80,UD4H,3,1,1,1,,,1,,,,,,,,,,,1,,,1,,,,,,,,,,,,,,1,,,,,,,,,,
485,2018 People Staying Counts,PIK3,Weekday1_Midday,Weekday,Midday,20180723,1230,1240,,Sun-Exposed,80,UD4H,4,1,1,1,,,,,,1,,,,,,,1,,,,,1,,,,,,,,,,1,,,,,,,,,,,,,
486,2018 People Staying Counts,PIK3,Weekday1_Midday,Weekday,Midday,20180723,1230,1240,,Sun-Exposed,80,UD4H,5,1,1,,1,,1,,,,,,,,,,,1,,,1,,,,,,,,,,,,1,,,,,1,,,,,,,
487,2018 People Staying Counts,PIK3,Weekday1_Midday,Weekday,Midday,20180723,1230,1240,,Sun-Exposed,80,UD4H,6,1,1,1,,,1,,,,,,,,,,,1,,,,,1,,,,,,,,,,,,1,,,1,,,,,,,
488,2018 People Staying Counts,PIK3,Weekday1_Midday,Weekday,Midday,20180723,1230,1240,,Sun-Exposed,80,UD4H,7,1,1,1,,,,1,,,,,,,,,1,,,,,1,,,,,,,,,,,,,1,,,1,,,,,,,
489,2018 People Staying Counts,PIK3,Weekday1_Midday,Weekday,Midday,20180723,1230,1240,,Sun-Exposed,80,UD4H,8,1,2,,1,,,1,,,,,,,,,,1,,,1,,,,,,,,,,,,1,,,,,,,,,,,,
490,2018 People Staying Counts,PIK3,Weekday1_Midday,Weekday,Midday,20180723,1230,1240,,Sun-Exposed,80,UD4H,9,1,2,1,,,1,,,,,,,,,,1,,,,1,,,,,,,,,,,,1,,,,,,,,,,,,
491,2018 People Staying Counts,PIK3,Weekday1_Evening,Weekday,Evening,20180723,1821,1831,,Sun-Shaded,74,UD4H,1,1,1,1,,,,1,,,,,,,,,1,,,,,,,,,1,,,,,,,,,1,,,1,,,,,,,
492,2018 People Staying Counts,PIK3,Weekday1_Evening,Weekday,Evening,20180723,1821,1831,,Sun-Shaded,74,UD4H,2,1,1,1,,,,,,,,1,,,,,,1,,,,,,,,1,,,,,,,,,,,,1,,,,,,,
493,2018 People Staying Counts,PIK3,Weekday1_Evening,Weekday,Evening,20180723,1821,1831,,Sun-Shaded,74,UD4H,3,1,1,1,,,1,,,,,,,,,,,1,,,,,,,,1,,,,,,,,,,,,1,,,,,,,
494,2018 People Staying Counts,PIK3,Weekday1_Evening,Weekday,Evening,20180723,1821,1831,,Sun-Shaded,74,UD4H,4,1,1,1,,,1,,,,,,,,,,,1,,,,,,,,1,,,,,,,,,1,,,1,,,,,,,
495,2018 People Staying Counts,PIK3,Weekday1_Evening,Weekday,Evening,20180723,1821,1831,,Sun-Shaded,74,UD4H,5,1,2,1,,,1,,,,,,,,,,,1,,,1,,,,,,,,,,,,1,,,,,1,,,,,,,
496,2018 People Staying Counts,PIK3,Weekday1_Evening,Weekday,Evening,20180723,1821,1831,,Sun-Shaded,74,UD4H,6,1,2,,1,,1,,,,,,,,,,,1,,,1,,,,,,,,,,,,1,,,,,1,,,,,,,
497,2018 People Staying Counts,PIK3,Weekday1_Evening,Weekday,Evening,20180723,1821,1831,,Sun-Shaded,74,UD4H,7,1,1,1,,,,1,,,,,,,,,,1,,,,,,,,,1,,,,,,,,,,,,,,,,1,,
498,2018 People Staying Counts,PIK3,Weekday1_Evening,Weekday,Evening,20180723,1821,1831,,Sun-Shaded,74,UD4H,8,1,1,1,,,,1,,,,,,,,,,,1,,,,,,,1,,,,,,,,,,,,,,1,,,,,
499,2018 People Staying Counts,PIK3,Weekday1_Evening,Weekday,Evening,20180723,1821,1831,,Sun-Shaded,74,UD4H,9,1,1,1,,,,,,,,1,,,,,,1,,,1,,,,,,,,,,,,,,,,,1,,,,,,,
500,2018 People Staying Counts,PIK3,Weekday1_Evening,Weekday,Evening,20180723,1821,1831,,Sun-Shaded,74,UD4H,10,1,1,,1,,1,,,,,,,,,,,,1,,1,,,,,,,,,,1,,,,,,,,,,,,,,
501,2018 People Staying Counts,PIK3,Weekday2_Morning,Weekday,Morning,20180724,0830,0840,,Sun-Exposed,72,UD4H,1,1,1,,1,,1,,,,,,,,,,,1,,,,1,,,,,,,,,,,,,1,,,1,,,,,,,
502,2018 People Staying Counts,PIK3,Weekday2_Morning,Weekday,Morning,20180724,0830,0840,,Sun-Exposed,72,UD4H,2,1,1,1,,,,1,,,,,,,,,,1,,,1,,,,,,,,,,,,,,,,,1,,,,,,,
503,2018 People Staying Counts,PIK3,Weekday2_Morning,Weekday,Morning,20180724,0830,0840,,Sun-Exposed,72,UD4H,3,1,1,1,,,,1,,,,,,,,,,1,,,1,,,,,,,,,,,,,,,,,1,,,,,,,
504,2018 People Staying Counts,PIK3,Weekday2_Morning,Weekday,Morning,20180724,0830,0840,,Sun-Exposed,72,UD4H,4,1,1,1,,,1,,,,,,,,,,,1,,,,,,,,1,,,,,,,,,,,,1,,,,,,,
505,2018 People Staying Counts,PIK3,Weekday2_Morning,Weekday,Morning,20180724,0830,0840,,Sun-Exposed,72,UD4H,5,1,1,1,,,1,,,,,,,,,,,1,,,1,,,,,,,,,,,,,,,,,,1,,,,,,
506,2018 People Staying Counts,PIK3,Weekday2_Midday,Weekday,Midday,20180724,1220,1230,,Sun-Exposed,80,UD4H,1,1,1,1,,,1,,,,,,,,,,,1,,,1,,,,,,,,,,,,1,,,,,,,,,1,,,
507,2018 People Staying Counts,PIK3,Weekday2_Midday,Weekday,Midday,20180724,1220,1230,,Sun-Exposed,80,UD4H,2,1,2,1,,,1,,,,,,,,,,,1,,,1,,,,,,,,,,,,1,,,,,1,,,,,,,
508,2018 People Staying Counts,PIK3,Weekday2_Midday,Weekday,Midday,20180724,1220,1230,,Sun-Exposed,80,UD4H,3,1,2,,1,,1,,,,,,,,,,,1,,,1,,,,,,,,,,,,1,,,,,1,,,,,,,
509,2018 People Staying Counts,PIK3,Weekday2_Midday,Weekday,Midday,20180724,1220,1230,,Sun-Exposed,80,UD4H,4,1,1,1,,,,1,,,,,,,,,,1,,,1,,,,,,,,,,,,,,1,,,1,,,,,,,
510,2018 People Staying Counts,PIK3,Weekday2_Midday,Weekday,Midday,20180724,1220,1230,,Sun-Exposed,80,UD4H,5,1,1,,1,,,,,1,,,,,,,1,,,,1,,,,,,,,,,,,,,,,,1,,,,,,,
511,2018 People Staying Counts,PIK3,Weekday2_Midday,Weekday,Midday,20180724,1220,1230,,Sun-Exposed,80,UD4H,6,1,1,,1,,,1,,,,,,,,,,,1,,1,,,,,,,,,,,,,,1,,,1,,,,,,,
512,2018 People Staying Counts,PIK3,Weekday2_Midday,Weekday,Midday,20180724,1220,1230,,Sun-Exposed,80,UD4H,7,1,1,,1,,1,,,,,,,,,,,1,,,1,,,,,,,,,,,,,,1,,,1,,,,,,,
513,2018 People Staying Counts,PIK3,Weekday2_Midday,Weekday,Midday,20180724,1220,1230,,Sun-Exposed,80,UD4H,8,1,1,1,,,1,,,,,,,,,,,,1,,1,,,,,,,,,,,,,,,,,1,,,,,,,
514,2018 People Staying Counts,PIK3,Weekday2_Midday,Weekday,Midday,20180724,1220,1230,,Sun-Exposed,80,UD4H,9,1,1,1,,,1,,,,,,,,,,,1,,,1,,,,,,,,,,,,,,,1,,,,,,,,,
515,2018 People Staying Counts,PIK3,Weekday2_Midday,Weekday,Midday,20180724,1220,1230,,Sun-Exposed,80,UD4H,10,1,1,1,,,1,,,,,,,,,,1,,,,1,,,,,,,,,,,,,,,,1,,,,,,,,
516,2018 People Staying Counts,PIK3,Weekday2_Midday,Weekday,Midday,20180724,1220,1230,,Sun-Exposed,80,UD4H,11,1,1,1,,,,1,,,,,,,,,,1,,,1,,,,,,,,,,,,,,1,,,1,,,,,,,
517,2018 People Staying Counts,PIK3,Weekday2_Evening,Weekday,Evening,20180724,1625,1635,,Sun-Shaded,85,UD4H,1,1,1,1,,,,1,,,,,,,,,1,,,,,1,,,,,,,,,,,,,,,,1,,,,,,,
518,2018 People Staying Counts,PIK3,Weekday2_Evening,Weekday,Evening,20180724,1625,1635,,Sun-Shaded,85,UD4H,2,1,1,1,,,1,,,,,,,,,,1,,,,1,,,,,,,,,,,,,,,,,1,,,,,,,
519,2018 People Staying Counts,PIK3,Weekday2_Evening,Weekday,Evening,20180724,1625,1635,,Sun-Shaded,85,UD4H,3,1,1,,1,,,1,,,,,,,,,,,1,,,1,,,,,,,,,,,,,,,,1,,,,,,,
520,2018 People Staying Counts,PIK3,Weekday2_Evening,Weekday,Evening,20180724,1625,1635,,Sun-Shaded,85,UD4H,4,1,1,1,,,1,,,,,,,,,,,1,,,1,,,,,,,,,,,,,,1,,,1,,,,,,,
521,2018 People Staying Counts,PIK3,Weekday2_Evening,Weekday,Evening,20180724,1625,1635,,Sun-Shaded,85,UD4H,5,1,1,,1,,,1,,,,,,,,,,,1,,1,,,,,,,,,,,1,,,,,,1,,,,,,,
522,2018 People Staying Counts,PIK3,Weekday2_Evening,Weekday,Evening,20180724,1625,1635,,Sun-Shaded,85,UD4H,6,1,1,,1,,1,,,,,,,,,,1,,,,,1,,,,,,,,,,,,,1,,,1,,,,,,,
523,2018 People Staying Counts,PIK3,Weekday2_Evening,Weekday,Evening,20180724,1625,1635,,Sun-Shaded,85,UD4H,7,1,1,,1,,1,,,,,,,,,,1,,,,1,,,,,,,,,,,,,,1,,,1,,,,,,,
524,2018 People Staying Counts,PIK3,Weekday2_Evening,Weekday,Evening,20180724,1625,1635,,Sun-Shaded,85,UD4H,8,1,1,1,,,,1,,,,,,,,,,1,,,1,,,,,,,,,,,,,,,,,1,,,,,,,
525,2018 People Staying Counts,PIK3,Weekday2_Evening,Weekday,Evening,20180724,1625,1635,,Sun-Shaded,85,UD4H,9,1,1,1,,,,1,,,,,,,,,1,,,,1,,,,,,,,,,,,,,,,,1,,,,,,,
526,2018 People Staying Counts,PIK3,Weekday2_Evening,Weekday,Evening,20180724,1625,1635,,Sun-Shaded,85,UD4H,10,1,1,1,,,1,,,,,,,,,,,1,,,1,,,,,,,,,,,,,,,,,1,,,,,,,
527,2018 People Staying Counts,PIK3,Weekday2_Evening,Weekday,Evening,20180724,1625,1635,,Sun-Shaded,85,UD4H,11,1,1,,1,,1,,,,,,,,,,,,1,,,,,,,1,,,,,,,,,,,,1,,,,,,,
528,2018 People Staying Counts,PIK3,Weekday2_Evening,Weekday,Evening,20180724,1625,1635,,Sun-Shaded,85,UD4H,12,1,1,1,,,,,,,,1,,,,,,1,,,,,,,,1,,,,,,,1,,,,,1,,,,,,,
529,2018 People Staying Counts,PIK3,Weekday2_Evening,Weekday,Evening,20180724,1625,1635,,Sun-Shaded,85,UD4H,13,1,1,1,,,,1,,,,,,,,,1,,,,,,,,,1,,,,,,,1,,,,,1,,,,,,,
530,2018 People Staying Counts,PIK3,Weekday2_Evening,Weekday,Evening,20180724,1625,1635,,Sun-Shaded,85,UD4H,14,1,1,,1,,,,,,,,1,,,,,1,,,,,,,,1,,,,,,,,,,,,1,,,,,,,
531,2018 People Staying Counts,PIK3,Weekday2_Evening,Weekday,Evening,20180724,1625,1635,,Sun-Shaded,85,UD4H,15,1,1,1,,,,1,,,,,,,,,,1,,,,,,,,1,,,,,,,,,,,,1,,,,,,,
532,2018 People Staying Counts,PIK3,Weekday2_Evening,Weekday,Evening,20180724,1625,1635,,Sun-Shaded,85,UD4H,16,1,1,,1,,,1,,,,,,,,,,1,,,1,,,,,,,,,,,,,,1,,,1,,,,,,,
533,2018 People Staying Counts,PIK3,Weekday2_Evening,Weekday,Evening,20180724,1625,1635,,Sun-Shaded,85,UD4H,17,1,1,1,,,1,,,,,,,,,,,,1,,1,,,,,,,,,,,,,,,1,,1,,,,,,,
534,2018 People Staying Counts,PIK3,Weekday2_Evening,Weekday,Evening,20180724,1625,1635,,Sun-Shaded,85,UD4H,18,1,1,1,,,,1,,,,,,,,,,1,,,1,,,,,,,,,,,,,,1,,,1,,,,,,,
535,2018 People Staying Counts,PIK3,Weekday2_Evening,Weekday,Evening,20180724,1625,1635,,Sun-Shaded,85,UD4H,19,1,1,,1,,1,,,,,,,,,,,1,,,1,,,,,,,,,,,,,,1,,,1,,,,,,,
536,2018 People Staying Counts,PIK3,Weekday2_Evening,Weekday,Evening,20180724,1625,1635,,Sun-Shaded,85,UD4H,20,1,1,1,,,,1,,,,,,,,,,,1,,1,,,,,,,,,,,,,,,,,1,,,,,,,
537,2018 People Staying Counts,PIK3,Weekday2_Evening,Weekday,Evening,20180724,1625,1635,,Sun-Shaded,85,UD4H,21,1,1,,1,,1,,,,,,,,,,1,,,,1,,,,,,,,,,,,,,,,,1,,,,,,,
538,2018 People Staying Counts,PIK3,Weekday2_Evening,Weekday,Evening,20180724,1625,1635,,Sun-Shaded,85,UD4H,22,1,1,,1,,,,,1,,,,,,,,1,,,1,,,,,,,,,,,,,,,,,,,1,,,,,
539,2018 People Staying Counts,PIK3,Weekend_Midday,Weekend,Midday,20180818,1226,1236,,Sun-Exposed,70,UD4H,1,1,1,1,,,1,,,,,,,,,,,,1,,1,,,,,,,,,,,,,,,,,1,,,,,,,
540,2018 People Staying Counts,PIK3,Weekend_Midday,Weekend,Midday,20180818,1226,1236,,Sun-Exposed,70,UD4H,2,1,2,1,,,1,,,,,,,,,,,1,,,1,,,,,,,,,,,,1,,,,,1,,,,,,,
541,2018 People Staying Counts,PIK3,Weekend_Midday,Weekend,Midday,20180818,1226,1236,,Sun-Exposed,70,UD4H,3,1,2,,1,,1,,,,,,,,,,,1,,,1,,,,,,,,,,,,1,,,,,1,,,,,,,
542,2018 People Staying Counts,PIK3,Weekend_Midday,Weekend,Midday,20180818,1226,1236,,Sun-Exposed,70,UD4H,4,1,2,,1,,,1,,,,,,,,,,,1,,,,,,,1,,,,,,,1,,,,1,,,,,,,,
543,2018 People Staying Counts,PIK3,Weekend_Midday,Weekend,Midday,20180818,1226,1236,,Sun-Exposed,70,UD4H,5,1,2,,1,,1,,,,,,,,,,,,1,,,1,,,,,,,,,,,1,,,,1,,,,,,,,
544,2018 People Staying Counts,PIK3,Weekend_Midday,Weekend,Midday,20180818,1226,1236,,Sun-Exposed,70,UD4H,6,1,2,,1,,1,,,,,,,,,,,1,,,1,,,,,,,,,1,,1,1,,,,,1,,,,,,,
545,2018 People Staying Counts,PIK3,Weekend_Midday,Weekend,Midday,20180818,1226,1236,,Sun-Exposed,70,UD4H,7,1,2,,1,,1,,,,,,,,,,,1,,,1,,,,,,,,,,,,1,,,,,1,,,,,,,
546,2018 People Staying Counts,PIK3,Weekend_Midday,Weekend,Midday,20180818,1226,1236,,Sun-Exposed,70,UD4H,8,1,2,1,,,,1,,,,,,,,,,,1,,1,,,,,,,1,,,,,1,,,,1,1,,,,,,,
547,2018 People Staying Counts,PIK3,Weekend_Midday,Weekend,Midday,20180818,1226,1236,,Sun-Exposed,70,UD4H,9,1,2,,1,,,,1,,,,,,,,,1,,,1,,,,,,,,,1,,1,1,,,,1,1,,,,,,,
548,2018 People Staying Counts,PIK3,Weekend_Midday,Weekend,Midday,20180818,1226,1236,,Sun-Exposed,70,UD4H,10,1,1,1,,,,1,,,,,,,,,,,1,,1,,,,,,,,,,,,,,,,,,,,,,,1,
549,2018 People Staying Counts,PIK3,Weekend_Midday,Weekend,Midday,20180818,1226,1236,,Sun-Exposed,70,UD4H,11,1,1,1,,,,1,,,,,,,,,,1,,,,,,,,1,,,,,,,,,,,1,,,,,,,,
550,2018 People Staying Counts,PIK3,Weekend_Midday,Weekend,Midday,20180818,1226,1236,,Sun-Exposed,70,UD4H,12,1,1,1,,,,,,1,,,,,,,,1,,,1,,,,,,,,,,,,,,,,1,1,,,,,,,
551,2018 People Staying Counts,PIK3,Weekend_Midday,Weekend,Midday,20180818,1226,1236,,Sun-Exposed,70,UD4H,13,1,1,,1,,1,,,,,,,,,,,1,,,,1,,,,,,,,,,,,,1,,,1,,,,,,,
552,2018 People Staying Counts,PIK3,Weekend_Midday,Weekend,Midday,20180818,1226,1236,,Sun-Exposed,70,UD4H,14,1,2,1,,,,,,1,,,,,,,,1,,,1,,,,,,,,,,,,1,,1,,,1,,,,,,,
553,2018 People Staying Counts,PIK3,Weekend_Midday,Weekend,Midday,20180818,1226,1236,,Sun-Exposed,70,UD4H,15,1,2,,1,,,,,1,,,,,,,,1,,,1,,,,,,,,,,,,1,,1,,,1,,,,,,,
554,2018 People Staying Counts,PIK3,Weekend_Midday,Weekend,Midday,20180818,1226,1236,,Sun-Exposed,70,UD4H,16,1,1,1,,,1,,,,,,,,,,,1,,,1,,,,,,,,,,,,,,1,,,1,,,,,,,
555,2018 People Staying Counts,PIK3,Weekend_Midday,Weekend,Midday,20180818,1226,1236,,Sun-Exposed,70,UD4H,17,1,1,1,,,,,,1,,,,,,,,,1,,1,,,,,,,,,,,,,,,,,1,,,,,,,
556,2018 People Staying Counts,PIK3,Weekend_Midday,Weekend,Midday,20180818,1226,1236,,Sun-Exposed,70,UD4H,18,1,1,,1,,1,,,,,,,,,,,1,,,1,,,,,,,,,,,,,,1,,,1,,,,,,,
557,2018 People Staying Counts,PIK3,Weekend_Midday,Weekend,Midday,20180818,1226,1236,,Sun-Exposed,70,UD4H,19,1,2,1,,,1,,,,,,,,,,,1,,,,1,,,,,,,,1,,1,1,,1,,,1,,,,,,,
558,2018 People Staying Counts,PIK3,Weekend_Midday,Weekend,Midday,20180818,1226,1236,,Sun-Exposed,70,UD4H,20,1,2,1,,,1,,,,,,,,,,,1,,,,1,,,,,,,,1,,1,1,,1,,,1,,,,,,,
559,2018 People Staying Counts,PIK3,Weekend_Midday,Weekend,Midday,20180818,1226,1236,,Sun-Exposed,70,UD4H,21,1,1,1,,,1,,,,,,,,,,,1,,,,,,,,1,,,,,,,,,1,,,1,,,,,,,
560,2018 People Staying Counts,PIK3,Weekend_Midday,Weekend,Midday,20180818,1226,1236,,Sun-Exposed,70,UD4H,22,1,2,1,,,1,,,,,,,,,,,,,1,1,,,,,,,,,,,,1,,,,,1,,,,,,,
561,2018 People Staying Counts,PIK3,Weekend_Midday,Weekend,Midday,20180818,1226,1236,,Sun-Exposed,70,UD4H,23,1,2,,1,,1,,,,,,,,,,,,,1,1,,,,,,,,,,,,1,,,,,1,,,,,,,
562,2018 People Staying Counts,PIK3,Weekend_Evening,Weekend,Evening,20180818,1626,1636,,Sun-Shaded,77,UD4H,1,1,2,1,,,,,,1,,,,,,,,1,,,1,,,,,,,,,,,,1,,1,,,1,,,,,,,
563,2018 People Staying Counts,PIK3,Weekend_Evening,Weekend,Evening,20180818,1626,1636,,Sun-Shaded,77,UD4H,2,1,2,,1,,,,,1,,,,,,,,,1,,1,,,,,,,,,,,,1,,,,,1,,,,,,,
564,2018 People Staying Counts,PIK3,Weekend_Evening,Weekend,Evening,20180818,1626,1636,,Sun-Shaded,77,UD4H,3,1,1,,1,,,,,1,,,,,,,,1,,,1,,,,,,,,,,,,,,1,,,1,,,,,,,
565,2018 People Staying Counts,PIK3,Weekend_Evening,Weekend,Evening,20180818,1626,1636,,Sun-Shaded,77,UD4H,4,1,2,,1,,1,,,,,,,,,,,1,,,1,,,,,,,,,,,,1,,,,,1,,,,,,,
566,2018 People Staying Counts,PIK3,Weekend_Evening,Weekend,Evening,20180818,1626,1636,,Sun-Shaded,77,UD4H,5,1,2,1,,,1,,,,,,,,,,,1,,,1,,,,,,,,,,,,1,,1,,,1,,,,,,,
567,2018 People Staying Counts,PIK3,Weekend_Evening,Weekend,Evening,20180818,1626,1636,,Sun-Shaded,77,UD4H,6,1,1,1,,,1,,,,,,,,,,,1,,,1,,,,,,,,,,,,,,1,,,1,,,,,,,
568,2018 People Staying Counts,PIK3,Weekend_Evening,Weekend,Evening,20180818,1626,1636,,Sun-Shaded,77,UD4H,7,1,1,1,,,1,,,,,,,,,,,,1,,1,,,,,,,1,,,,,,,,,,1,,,,,,,
569,2018 People Staying Counts,PIK3,Weekend_Evening,Weekend,Evening,20180818,1626,1636,,Sun-Shaded,77,UD4H,8,1,1,1,,,,1,,,,,,,,,,,1,,1,,,,,,,,,1,,,1,,,,,,,,,,,,
570,2018 People Staying Counts,PIK3,Weekend_Evening,Weekend,Evening,20180818,1626,1636,,Sun-Shaded,77,UD4H,9,1,2,1,,,1,,,,,,,,,,,1,,,,,,,,1,,,,,,,1,,,,,,,,,,1,,
571,2018 People Staying Counts,PIK3,Weekend_Evening,Weekend,Evening,20180818,1626,1636,,Sun-Shaded,77,UD4H,10,1,1,1,,,1,,,,,,,,,,,,,1,1,,,,,,,1,,,,,,,,,,1,,,,,,,
572,2018 People Staying Counts,PIK3,Weekend_Evening,Weekend,Evening,20180818,1626,1636,,Sun-Shaded,77,UD4H,11,1,1,1,,,,1,,,,,,,,,,,1,,1,,,,,,,,,,,,,,,,1,,,,,,,,
573,2018 People Staying Counts,PIK3,Weekend_Evening,Weekend,Evening,20180818,1626,1636,,Sun-Shaded,77,UD4H,12,1,1,1,,,1,,,,,,,,,,,1,,,,,,,,1,,,,,,,,,,,1,,,,,1,,,
574,2018 People Staying Counts,PIK3,Weekend_Evening,Weekend,Evening,20180818,1626,1636,,Sun-Shaded,77,UD4H,13,1,1,1,,,,,,1,,,,,,,1,,,,1,,,,,,,,,,,,,,1,,,1,,,,,,,
575,2018 People Staying Counts,PIK3,Weekend_Evening,Weekend,Evening,20180818,1626,1636,,Sun-Shaded,77,UD4H,14,1,1,1,,,,1,,,,,,,,,,,1,,1,,,,,,,,,,,,,,,,,,,,,,,1,
576,2018 People Staying Counts,PIK3,Weekend_Evening,Weekend,Evening,20180818,1626,1636,,Sun-Shaded,77,UD4H,15,1,2,1,,,,,,,,1,,,,,,1,,,1,,,,,,,,,,,,1,,,,1,,,,,,1,,
577,2018 People Staying Counts,PIK3,Weekend_Evening,Weekend,Evening,20180818,1626,1636,,Sun-Shaded,77,UD4H,16,1,1,1,,,1,,,,,,,,,,,,1,,,1,,,,,,,,,,,,,,,,1,,,,,,,
578,2018 People Staying Counts,PIK3,Weekend_Evening,Weekend,Evening,20180818,1626,1636,,Sun-Shaded,77,UD4H,17,1,1,1,,,,,,,,1,,,,,,,1,,1,,,,,,,,,1,,,,,1,,,1,,,,,,,
579,2018 People Staying Counts,PIK3,Weekend_Evening,Weekend,Evening,20180818,1626,1636,,Sun-Shaded,77,UD4H,18,1,1,1,,,,,,1,,,,,,,,,,1,,,,,,1,,,,,,,,,,,1,1,,,,,,,
580,2018 People Staying Counts,GPR4,Weekday1_Morning,Weekday,Morning,20180906,1012,1022,,Sun-Exposed,66,UD4H,1,1,2,1,,,1,,,,,,,,,,,,1,,1,,,,,,,,,,1,,1,,,,,,,,,,,,
581,2018 People Staying Counts,GPR4,Weekday1_Morning,Weekday,Morning,20180906,1012,1022,,Sun-Exposed,66,UD4H,2,1,2,,1,,1,,,,,,,,,,,,1,,1,,,,,,,,,,1,,1,,,,,,,,,,,,
582,2018 People Staying Counts,GPR4,Weekday1_Midday,Weekday,Midday,20180906,1355,1405,,Sun-Shaded,79,UD4H,1,1,1,1,,,1,,,,,,,,,,,,1,,,,,1,,,,,,1,,1,,,,,,,,,,,,,
583,2018 People Staying Counts,GPR4,Weekday1_Midday,Weekday,Midday,20180906,1355,1405,,Sun-Shaded,79,UD4H,2,1,1,,1,,1,,,,,,,,,,,1,,,,,,1,,,,,,1,,1,,,,,,,,,,,,,
584,2018 People Staying Counts,GPR4,Weekday1_Midday,Weekday,Midday,20180906,1355,1405,,Sun-Shaded,79,UD4H,3,1,2,,1,,1,,,,,,,,,,,,1,,,,,1,,,,,,,,1,1,,,,,,,,,,,,
585,2018 People Staying Counts,GPR4,Weekday1_Midday,Weekday,Midday,20180906,1355,1405,,Sun-Shaded,79,UD4H,4,1,2,1,,,1,,,,,,,,,,,,1,,,,,1,,,,,,1,,1,1,,,,,,,,,,,,
586,2018 People Staying Counts,GPR4,Weekday1_Midday,Weekday,Midday,20180906,1355,1405,,Sun-Shaded,79,UD4H,5,1,1,1,,,1,,,,,,,,,,,1,,,1,,,,,,,,,,,,,,1,,,,,,,,,,
587,2018 People Staying Counts,GPR4,Weekday1_Midday,Weekday,Midday,20180906,1355,1405,,Sun-Shaded,79,UD4H,6,1,1,,1,,1,,,,,,,,,,,1,,,1,,,,,,,,,,,1,,,,1,,,,,,,,,
588,2018 People Staying Counts,GPR4,Weekday1_Midday,Weekday,Midday,20180906,1355,1405,,Sun-Shaded,79,UD4H,7,1,1,1,,,1,,,,,,,,,,,1,,,1,,,,,,,,,,1,1,,,,,,,,,,,,,
589,2018 People Staying Counts,GPR4,Weekday1_Midday,Weekday,Midday,20180906,1355,1405,,Sun-Shaded,79,UD4H,8,1,1,1,,,1,,,,,,,,,,,1,,,,,,1,,,,,,1,,1,,,,,,,,,,,,,
590,2018 People Staying Counts,GPR4,Weekday1_Midday,Weekday,Midday,20180906,1355,1405,,Sun-Shaded,79,UD4H,9,1,1,1,,,1,,,,,,,,,,,1,,,1,,,,,,,,,,,,,,,,1,,,,,,,,
591,2018 People Staying Counts,GPR4,Weekday1_Midday,Weekday,Midday,20180906,1355,1405,,Sun-Shaded,79,UD4H,10,1,1,,1,,1,,,,,,,,,,,,1,,1,,,,,,,,,,1,,,,,,,,,,,,,,
592,2018 People Staying Counts,GPR4,Weekday1_Midday,Weekday,Midday,20180906,1355,1405,,Sun-Shaded,79,UD4H,11,1,1,,1,,1,,,,,,,,,,,,,1,1,,,,,,,,,,,,1,,,,,,1,,,,,,
593,2018 People Staying Counts,GPR4,Weekday1_Midday,Weekday,Midday,20180906,1355,1405,,Sun-Shaded,79,UD4H,12,1,1,,1,,1,,,,,,,,,,,,,1,1,,,,,,,,1,,,,1,,,,,,,,,,,,
594,2018 People Staying Counts,GPR4,Weekday1_Evening,Weekday,Evening,20180906,1751,1801,,Sun-Shaded,81,UD4H,1,1,1,,1,,1,,,,,,,,,,,1,,,1,,,,,,,,,,1,,,,1,,,,,,,,,,
595,2018 People Staying Counts,GPR4,Weekday1_Evening,Weekday,Evening,20180906,1751,1801,,Sun-Shaded,81,UD4H,2,1,2,1,,,1,,,,,,,,,,,1,,,,,1,,,,,,,,,1,1,,,,,,,,,,,,
596,2018 People Staying Counts,GPR4,Weekday1_Evening,Weekday,Evening,20180906,1751,1801,,Sun-Shaded,81,UD4H,3,1,2,,1,,,,,,,,,1,,,,1,,,,,1,,,,,,,,,1,1,,1,,,,,,,,,,
597,2018 People Staying Counts,GPR4,Weekday1_Evening,Weekday,Evening,20180906,1751,1801,,Sun-Shaded,81,UD4H,4,1,1,1,,,1,,,,,,,,,,,1,,,,,,1,,,,,,1,,1,,,,,,,,,,,,,
598,2018 People Staying Counts,GPR4,Weekday1_Evening,Weekday,Evening,20180906,1751,1801,,Sun-Shaded,81,UD4H,5,1,2,,1,,1,,,,,,,,,,,1,,,,,1,,,,,,,,,1,1,,,,,,,,,,,,
599,2018 People Staying Counts,GPR4,Weekday1_Evening,Weekday,Evening,20180906,1751,1801,,Sun-Shaded,81,UD4H,6,1,2,,1,,1,,,,,,,,,,,1,,,,,1,,,,,,,,,1,1,,,,,,,,,,,,
600,2018 People Staying Counts,GPR4,Weekday2_Morning,Weekday,Morning,20180907,1016,1026,,Sun-Exposed,63,UD4H,1,1,1,,1,,1,,,,,,,,,,,,,1,1,,,,,,,,,,1,,,,,,,,,,,,,,
601,2018 People Staying Counts,GPR4,Weekday2_Morning,Weekday,Morning,20180907,1016,1026,,Sun-Exposed,63,UD4H,2,1,1,1,,,1,,,,,,,,,,,1,,,1,,,,,,,,,,1,,,,,,,,,,,,,,
602,2018 People Staying Counts,GPR4,Weekday2_Morning,Weekday,Morning,20180907,1016,1026,,Sun-Exposed,63,UD4H,3,1,3,1,,,1,,,,,,,,,,,,1,,1,,,,,,,,,,,,1,,,,,,,,,,,,
603,2018 People Staying Counts,GPR4,Weekday2_Morning,Weekday,Morning,20180907,1016,1026,,Sun-Exposed,63,UD4H,4,1,3,,1,,1,,,,,,,,,,1,,,,1,,,,,,,,,,,,1,,,,,,,,,,,,
604,2018 People Staying Counts,GPR4,Weekday2_Morning,Weekday,Morning,20180907,1016,1026,,Sun-Exposed,63,UD4H,5,1,3,,1,,1,,,,,,,,,,,,1,,1,,,,,,,,,,,,1,,,,,,,,,,,,
605,2018 People Staying Counts,GPR4,Weekday2_Midday,Weekday,Midday,20180907,1342,1352,,Sun-Shaded,69,UD4H,1,1,2,,1,,1,,,,,,,,,,,,1,,1,,,,,,,,,1,,,1,,,,,,,,,,,,
606,2018 People Staying Counts,GPR4,Weekday2_Midday,Weekday,Midday,20180907,1342,1352,,Sun-Shaded,69,UD4H,2,1,2,,1,,1,,,,,,,,,,,,,1,1,,,,,,,,1,,,,1,,,,,,,,,,,,
607,2018 People Staying Counts,GPR4,Weekday2_Midday,Weekday,Midday,20180907,1342,1352,,Sun-Shaded,69,UD4H,3,1,2,1,,,1,,,,,,,,,,,1,,,,,,1,,,,,,1,,1,1,,1,,,,,,,,,,
608,2018 People Staying Counts,GPR4,Weekday2_Midday,Weekday,Midday,20180907,1342,1352,,Sun-Shaded,69,UD4H,4,1,2,,1,,1,,,,,,,,,,,1,,,,,,1,,,,,,1,,1,1,,1,,,,,,,,,,
609,2018 People Staying Counts,GPR4,Weekday2_Midday,Weekday,Midday,20180907,1342,1352,,Sun-Shaded,69,UD4H,5,1,1,1,,,1,,,,,,,,,,,,1,,1,,,,,,,,,,1,,,,,,,,,,,,,,
610,2018 People Staying Counts,GPR4,Weekday2_Midday,Weekday,Midday,20180907,1342,1352,,Sun-Shaded,69,UD4H,6,1,2,1,,,1,,,,,,,,,,,,,1,,,,1,,,,,,1,,1,1,,,,,,,,,,,,
611,2018 People Staying Counts,GPR4,Weekday2_Midday,Weekday,Midday,20180907,1342,1352,,Sun-Shaded,69,UD4H,7,1,2,,1,,1,,,,,,,,,,,1,,,,,,1,,,,,,1,,1,1,,,,,,,,,,,,
612,2018 People Staying Counts,GPR4,Weekday2_Evening,Weekday,Evening,20180907,1730,1740,,Light Clouds,70,UD4H,1,1,2,,1,,1,,,,,,,,,,,,1,,,,,1,,,,,,1,,1,1,,,,,,,,,,,,
613,2018 People Staying Counts,GPR4,Weekday2_Evening,Weekday,Evening,20180907,1730,1740,,Light Clouds,70,UD4H,2,1,2,1,,,1,,,,,,,,,,,,1,,,,,1,,,,,,1,,1,1,,,,,,,,,,,,
614,2018 People Staying Counts,GPR4,Weekday2_Evening,Weekday,Evening,20180907,1730,1740,,Light Clouds,70,UD4H,3,1,2,1,,,,,,,,,,1,,,,1,,,,,,1,,,,,,1,,1,1,,,,,,,,,,,,
615,2018 People Staying Counts,GPR4,Weekday2_Evening,Weekday,Evening,20180907,1730,1740,,Light Clouds,70,UD4H,4,1,2,1,,,1,,,,,,,,,,,,1,,,,,1,,,,,,1,,1,1,,,,,,,,,,,,
616,2018 People Staying Counts,GPR4,Weekday2_Evening,Weekday,Evening,20180907,1730,1740,,Light Clouds,70,UD4H,5,1,1,1,,,,,,,,,,1,,,,,1,,1,,,,,,,,,,,,,,1,,,,,,,,,,
617,2018 People Staying Counts,GPR4,Weekend_Midday,Weekend,Midday,20180908,1410,1420,,Heavy Clouds,65,UD4H,1,1,1,,,1,,,,1,,,,,,,,1,,,1,,,,,,,,,,,,,,1,,,,,,,,,,
618,2018 People Staying Counts,GPR4,Weekend_Evening,Weekend,Evening,20180908,1745,1755,,Light Clouds,69,UD4H,1,1,1,1,,,1,,,,,,,,,,,,1,,1,,,,,,,,,,,,,,,,,,,1,,,,,
619,2018 People Staying Counts,RAV4,Weekday1_Morning,Weekday,Morning,20180913,0957,1007,,Sun-Shaded,57,UD4H,1,0,,,,,,,,,,,,,,,,,,,,,,,,,,,,,,,,,,,,,,,,,,,
620,2018 People Staying Counts,RAV4,Weekday1_Midday,Weekday,Midday,20180913,1319,1329,,Sun-Shaded,64,UD4H,1,1,1,1,,,,1,,,,,,,,,,1,,,1,,,,,,,,,,,,,,,,1,,,,,,,,
621,2018 People Staying Counts,RAV4,Weekday1_Evening,Weekday,Evening,20180913,1706,1716,,Heavy Clouds,66,UD4H,1,1,2,,1,,,1,,,,,,,,,1,,,,1,,,,,,,,,,,,1,,,,,,,,,,,,
622,2018 People Staying Counts,RAV4,Weekday1_Evening,Weekday,Evening,20180913,1706,1716,,Heavy Clouds,66,UD4H,2,1,2,,1,,,1,,,,,,,,,1,,,,1,,,,,,,,,,,,1,,,,,,,,,,,,
623,2018 People Staying Counts,RAV4,Weekday1_Evening,Weekday,Evening,20180913,1706,1716,,Heavy Clouds,66,UD4H,3,1,1,1,,,1,,,,,,,,,,,,1,,1,,,,,,,,,,,,,,1,,,,,1,,,,,
624,2018 People Staying Counts,RAV4,Weekday2_Morning,Weekday,Morning,20180914,0937,0947,,Heavy Clouds,56,UD4H,1,1,1,1,,,,1,,,,,,,,,,1,,,1,,,,,,,,,,,,,,1,,,,,,,,,,
625,2018 People Staying Counts,RAV4,Weekday2_Morning,Weekday,Morning,20180914,0937,0947,,Heavy Clouds,56,UD4H,2,1,2,1,,,1,,,,,,,,,,,,1,,1,,,,,,,,,,,,1,,,,,,,,,,,,
626,2018 People Staying Counts,RAV4,Weekday2_Morning,Weekday,Morning,20180914,0937,0947,,Heavy Clouds,56,UD4H,3,1,2,,1,,1,,,,,,,,,,,,1,,1,,,,,,,,,,,,1,,,,,,,,,,,,
627,2018 People Staying Counts,RAV4,Weekday2_Midday,Weekday,Midday,20180914,1311,1321,,Light Clouds,63,UD4H,1,1,1,,1,,,,,1,,,,,,,1,,,,1,,,,,,,,,,,,,,1,,,,,,,,,,
628,2018 People Staying Counts,RAV4,Weekday2_Evening,Weekday,Evening,20180914,1709,1719,,Heavy Clouds,65,UD4H,1,0,,,,,,,,,,,,,,,,,,,,,,,,,,,,,,,,,,,,,,,,,,,
629,2018 People Staying Counts,RAV4,Weekend_Midday,Weekend,Midday,20180915,1323,1333,,Heavy Clouds,64,UD4H,1,1,1,1,,,1,,,,,,,,,,,1,,,,1,,,,,,,,,,,,,,,1,,,,,,,,
630,2018 People Staying Counts,RAV4,Weekend_Evening,Weekend,Evening,20180915,1708,1718,,Light Rain,63,UD4H,1,0,,,,,,,,,,,,,,,,,,,,,,,,,,,,,,,,,,,,,,,,,,,
631,2018 People Staying Counts,WHP2,Weekday1_Morning,Weekday,Morning,20180919,0929,0939,,Sun-Shaded,54,UD4H,1,0,,,,,,,,,,,,,,,,,,,,,,,,,,,,,,,,,,,,,,,,,,,
632,2018 People Staying Counts,WHP2,Weekday1_Midday,Weekday,Midday,20180919,1304,1314,,Sun-Shaded,65,UD4H,1,1,1,,1,,,,,,,1,,,,,,1,,,,,,,,1,,,1,,,,,,1,,1,,,,,,,,
633,2018 People Staying Counts,WHP2,Weekday1_Evening,Weekday,Evening,20180919,1703,1713,,Sun-Shaded,68,UD4H,1,0,,,,,,,,,,,,,,,,,,,,,,,,,,,,,,,,,,,,,,,,,,,
634,2018 People Staying Counts,WHP2,Weekday2_Morning,Weekday,Morning,20180920,0923,0933,,Heavy Clouds,56,UD4H,1,0,,,,,,,,,,,,,,,,,,,,,,,,,,,,,,,,,,,,,,,,,,,
635,2018 People Staying Counts,WHP2,Weekday2_Midday,Weekday,Midday,20180920,1304,1314,,Light Clouds,64,UD4H,1,0,,,,,,,,,,,,,,,,,,,,,,,,,,,,,,,,,,,,,,,,,,,
636,2018 People Staying Counts,WHP2,Weekday2_Evening,Weekday,Evening,20180920,1705,1715,,Heavy Clouds,60,UD4H,1,0,,,,,,,,,,,,,,,,,,,,,,,,,,,,,,,,,,,,,,,,,,,
637,2018 People Staying Counts,WHP2,Weekend_Midday,Weekend,Midday,20180922,1307,1317,,Light Clouds,65,UD4H,1,0,,,,,,,,,,,,,,,,,,,,,,,,,,,,,,,,,,,,,,,,,,,
638,2018 People Staying Counts,WHP2,Weekend_Evening,Weekend,Evening,20180922,1707,1717,,Light Rain,66,UD4H,1,0,,,,,,,,,,,,,,,,,,,,,,,,,,,,,,,,,,,,,,,,,,,
639,2018 People Staying Counts,OTH2,Weekday1_Morning,Weekday,Morning,20180814,1002,1012,,Light Clouds,68,UD4H,1,1,1,,1,,,,,1,,,,,,,,,1,,1,,,,,,,,,,,,,,,,,1,,,,,,,
640,2018 People Staying Counts,OTH2,Weekday1_Morning,Weekday,Morning,20180814,1002,1012,,Light Clouds,68,UD4H,2,1,1,,1,,,,,1,,,,,,,,,1,,1,,,,,,,,1,,,,,,,,,,,,,,,,
641,2018 People Staying Counts,OTH2,Weekday1_Morning,Weekday,Morning,20180814,1002,1012,,Light Clouds,68,UD4H,3,1,1,,1,,,,,1,,,,,,,,,1,,,,,,,1,,,,,,,,,,,,,,,,,1,,
642,2018 People Staying Counts,OTH2,Weekday1_Morning,Weekday,Morning,20180814,1002,1012,,Light Clouds,68,UD4H,4,1,2,1,,,,1,,,,,,,,,,,1,,,,1,,,,,,,,,,1,,,,,1,,,,,,,
643,2018 People Staying Counts,OTH2,Weekday1_Morning,Weekday,Morning,20180814,1002,1012,,Light Clouds,68,UD4H,5,1,2,1,,,,1,,,,,,,,,,,1,,,,1,,,,,,,,,,1,,,,,1,,,,,,,
644,2018 People Staying Counts,OTH2,Weekday1_Morning,Weekday,Morning,20180814,1002,1012,,Light Clouds,68,UD4H,6,1,1,1,,,,,,1,,,,,,,,1,,,1,,,,,,,,,,,,,,1,,,1,,,,,,,
645,2018 People Staying Counts,OTH2,Weekday1_Morning,Weekday,Morning,20180814,1002,1012,,Light Clouds,68,UD4H,7,1,1,,1,,,,,1,,,,,,,,1,,,1,,,,,,,,,,,,,,,,,1,,,,,,,
646,2018 People Staying Counts,OTH2,Weekday1_Morning,Weekday,Morning,20180814,1002,1012,,Light Clouds,68,UD4H,8,1,1,1,,,1,,,,,,,,,,,1,,,1,,,,,,,,,,,1,,,1,,,1,,,,,,,
647,2018 People Staying Counts,OTH2,Weekday1_Morning,Weekday,Morning,20180814,1002,1012,,Light Clouds,68,UD4H,9,1,1,,1,,,,,1,,,,,,,,,1,,1,,,,,,,,,,,,,,,,,1,,,,,,,
648,2018 People Staying Counts,OTH2,Weekday1_Morning,Weekday,Morning,20180814,1002,1012,,Light Clouds,68,UD4H,10,1,10,,1,,,,,,,1,,,,,,1,,,1,,,,,,,,,,,,1,,,,,1,,,,,,,
649,2018 People Staying Counts,OTH2,Weekday1_Morning,Weekday,Morning,20180814,1002,1012,,Light Clouds,68,UD4H,11,1,10,,1,,,1,,,,,,,,,,1,,,1,,,,,,,,,,,,1,,,,,1,,,,,,,
650,2018 People Staying Counts,OTH2,Weekday1_Morning,Weekday,Morning,20180814,1002,1012,,Light Clouds,68,UD4H,12,1,10,1,,,,,,,,1,,,,1,,,,,1,,,,,,,,,,,,1,,,,,1,,,,,,,
651,2018 People Staying Counts,OTH2,Weekday1_Morning,Weekday,Morning,20180814,1002,1012,,Light Clouds,68,UD4H,13,1,10,,1,,,,,,,1,,,,1,,,,,1,,,,,,,,,,,,1,,,,,1,,,,,,,
652,2018 People Staying Counts,OTH2,Weekday1_Morning,Weekday,Morning,20180814,1002,1012,,Light Clouds,68,UD4H,14,1,10,,1,,,1,,,,,,,,1,,,,,1,,,,,,,,,,,,1,,,,,1,,,,,,,
653,2018 People Staying Counts,OTH2,Weekday1_Morning,Weekday,Morning,20180814,1002,1012,,Light Clouds,68,UD4H,15,1,10,,1,,,1,,,,,,,,1,,,,,1,,,,,,,,,,,,1,,,,,1,,,,,,,
654,2018 People Staying Counts,OTH2,Weekday1_Morning,Weekday,Morning,20180814,1002,1012,,Light Clouds,68,UD4H,16,1,10,1,,,,1,,,,,,,1,,,,,,1,,,,,,,,,,,,1,,,,,1,,,,,,,
655,2018 People Staying Counts,OTH2,Weekday1_Morning,Weekday,Morning,20180814,1002,1012,,Light Clouds,68,UD4H,17,1,10,1,,,,1,,,,,,,,1,,,,,1,,,,,,,,,,,,1,,,,,1,,,,,,,
656,2018 People Staying Counts,OTH2,Weekday1_Morning,Weekday,Morning,20180814,1002,1012,,Light Clouds,68,UD4H,18,1,10,1,,,,1,,,,,,,,1,,,,,1,,,,,,,,,,,,1,,,,,1,,,,,,,
657,2018 People Staying Counts,OTH2,Weekday1_Morning,Weekday,Morning,20180814,1002,1012,,Light Clouds,68,UD4H,19,1,10,1,,,,1,,,,,,,,1,,,,,1,,,,,,,,,,,,1,,,,,1,,,,,,,
658,2018 People Staying Counts,OTH2,Weekday1_Midday,Weekday,Midday,20180814,1339,1349,,Light Clouds,76,UD4H,1,1,2,,1,,,,,1,,,,,,,,,1,,1,,,,,,,,,,,,,,,,,1,,,,,,,
659,2018 People Staying Counts,OTH2,Weekday1_Midday,Weekday,Midday,20180814,1339,1349,,Light Clouds,76,UD4H,2,1,2,1,,,,,,1,,,,,1,,,,,,,,,,1,,,,,,,,,,,,,1,,,,,,,
660,2018 People Staying Counts,OTH2,Weekday1_Midday,Weekday,Midday,20180814,1339,1349,,Light Clouds,76,UD4H,3,1,1,1,,,,1,,,,,,,,1,,,,,1,,,,,,,,,,,,,1,1,,,1,,,,,,,
661,2018 People Staying Counts,OTH2,Weekday1_Midday,Weekday,Midday,20180814,1339,1349,,Light Clouds,76,UD4H,4,1,2,,1,,,,,1,,,,,,,,,1,,1,,,,,,,,,,,,,,,,,1,,,,,,,
662,2018 People Staying Counts,OTH2,Weekday1_Midday,Weekday,Midday,20180814,1339,1349,,Light Clouds,76,UD4H,5,1,2,1,,,,,,1,,,,,1,,,,,,1,,,,,,,,,,,,,1,,,,1,,,,,,,
663,2018 People Staying Counts,OTH2,Weekday1_Midday,Weekday,Midday,20180814,1339,1349,,Light Clouds,76,UD4H,6,1,2,,1,,1,,,,,,,,,,,1,,,,,1,,,,,,,,,,1,,,1,,1,,,,,,,
664,2018 People Staying Counts,OTH2,Weekday1_Midday,Weekday,Midday,20180814,1339,1349,,Light Clouds,76,UD4H,7,1,2,,1,,1,,,,,,,,,,,1,,,,,1,,,,,,,,,,1,,,1,,1,,,,,,,
665,2018 People Staying Counts,OTH2,Weekday1_Midday,Weekday,Midday,20180814,1339,1349,,Light Clouds,76,UD4H,8,1,1,,1,,,,,,,1,,,,,,1,,,1,,,,,,,,,,,,,,1,,,1,,,,,,,
666,2018 People Staying Counts,OTH2,Weekday1_Midday,Weekday,Midday,20180814,1339,1349,,Light Clouds,76,UD4H,9,1,1,1,,,,1,,,,,,,,,,,1,,,,1,,,,,,,,,,,,1,,,1,,,,,,,
667,2018 People Staying Counts,OTH2,Weekday1_Evening,Weekday,Evening,20180814,1736,1746,,Light Clouds,80,UD4H,1,1,1,1,,,,1,,,,,,,,1,,,,,1,,,,,,,,,,,1,,,,,,,,,,,,,
668,2018 People Staying Counts,OTH2,Weekday1_Evening,Weekday,Evening,20180814,1736,1746,,Light Clouds,80,UD4H,2,1,1,,1,,,,,1,,,,,,,,,1,,,,1,,,,,,,,,,,,1,,,1,,,,,,,
669,2018 People Staying Counts,OTH2,Weekday1_Evening,Weekday,Evening,20180814,1736,1746,,Light Clouds,80,UD4H,3,1,1,,1,,,,,1,,,,,,,,,1,,1,,,,,,,,,,,,,,,,,1,,,,,,,
670,2018 People Staying Counts,OTH2,Weekday1_Evening,Weekday,Evening,20180814,1736,1746,,Light Clouds,80,UD4H,4,1,2,1,,,,,,,,,,1,,,,1,,,1,,,,,,,,,,,1,1,,,,,1,,,,,,,
671,2018 People Staying Counts,OTH2,Weekday1_Evening,Weekday,Evening,20180814,1736,1746,,Light Clouds,80,UD4H,5,1,2,,1,,,,,,,,,1,,,,1,,,1,,,,,,,,,,,,1,,,,,1,,,,,,,
672,2018 People Staying Counts,OTH2,Weekday1_Evening,Weekday,Evening,20180814,1736,1746,,Light Clouds,80,UD4H,6,1,1,1,,,,,,1,,,,,,,,,1,,,1,,,,,,,,,,,1,,,,,1,,,,,,,
673,2018 People Staying Counts,OTH2,Weekday1_Evening,Weekday,Evening,20180814,1736,1746,,Light Clouds,80,UD4H,7,1,2,,1,,,1,,,,,,,,1,,,,,1,,,,,,,,,,,,1,,,,,1,,,,,,,
674,2018 People Staying Counts,OTH2,Weekday1_Evening,Weekday,Evening,20180814,1736,1746,,Light Clouds,80,UD4H,8,1,2,,1,,,1,,,,,,,,,,,,1,,1,,,,,,,,,,,1,,,,,1,,,,,,,
675,2018 People Staying Counts,OTH2,Weekday1_Evening,Weekday,Evening,20180814,1736,1746,,Light Clouds,80,UD4H,9,1,1,,1,,,,,1,,,,,,,,,1,,1,,,,,,,,,,,,,,,,,1,,,,,,,
676,2018 People Staying Counts,OTH2,Weekday1_Evening,Weekday,Evening,20180814,1736,1746,,Light Clouds,80,UD4H,10,1,1,1,,,,1,,,,,,,,,,1,,,1,,,,,,,,,,,1,,,,,,1,,,,,,,
677,2018 People Staying Counts,OTH2,Weekday1_Evening,Weekday,Evening,20180814,1736,1746,,Light Clouds,80,UD4H,11,1,1,,1,,,,,1,,,,,,,,1,,,1,,,,,,,,,,,1,,,1,,,1,,,,,,,
678,2018 People Staying Counts,OTH2,Weekday1_Evening,Weekday,Evening,20180814,1736,1746,,Light Clouds,80,UD4H,12,1,1,1,,,1,,,,,,,,,,,1,,,1,,,,,,,,,,,,,,1,,,1,,,,,,,
679,2018 People Staying Counts,OTH2,Weekday1_Evening,Weekday,Evening,20180814,1736,1746,,Light Clouds,80,UD4H,13,1,1,,1,,,,,,,1,,,,,,,1,,1,,,,,,,,,,,,,,1,,,1,,,,,,,
680,2018 People Staying Counts,OTH2,Weekday1_Evening,Weekday,Evening,20180814,1736,1746,,Light Clouds,80,UD4H,14,1,1,,1,,,,,,,,,1,,,,1,,,1,,,,,,,,,,,,,,1,,,1,,,,,,,
681,2018 People Staying Counts,OTH2,Weekend_Midday,Weekend,Midday,20180818,1421,1431,,Sun-Shaded,71,UD4H,1,1,1,,1,,,,,1,,,,,,,,,,1,1,,,,,,,,,,,,,,,,,1,,,,,,,
682,2018 People Staying Counts,OTH2,Weekend_Midday,Weekend,Midday,20180818,1421,1431,,Sun-Shaded,71,UD4H,2,1,2,,1,,,,,1,,,,,,,,,,1,,,1,,,,,,,,,,1,,,,,1,,,,,,,
683,2018 People Staying Counts,OTH2,Weekend_Midday,Weekend,Midday,20180818,1421,1431,,Sun-Shaded,71,UD4H,3,1,2,,1,,,,,1,,,,,,,,,,1,1,,,,,,,,,,,,1,,,,,1,,,,,,,
684,2018 People Staying Counts,OTH2,Weekend_Midday,Weekend,Midday,20180818,1421,1431,,Sun-Shaded,71,UD4H,4,1,1,,1,,,,,1,,,,,,,,,,1,,,1,,,,,,,,,,,,,,,1,,,,,,,
685,2018 People Staying Counts,OTH2,Weekend_Midday,Weekend,Midday,20180818,1421,1431,,Sun-Shaded,71,UD4H,5,1,1,1,,,,,,1,,,,,,,,1,,,1,,,,,,,,,,,,,,,,,1,,,,,,,
686,2018 People Staying Counts,OTH2,Weekend_Evening,Weekend,Evening,20180818,1720,1730,,Sun-Shaded,75,UD4H,1,1,2,1,,,,1,,,,,,,,,1,,,,1,,,,,,,,,,,,1,,1,,,,,,,,,,
687,2018 People Staying Counts,OTH2,Weekend_Evening,Weekend,Evening,20180818,1720,1730,,Sun-Shaded,75,UD4H,2,1,2,1,,,,1,,,,,,,,,1,,,,1,,,,,,,,,,,,1,,1,,,,,,,,,,
688,2018 People Staying Counts,OTH2,Weekend_Evening,Weekend,Evening,20180818,1720,1730,,Sun-Shaded,75,UD4H,3,1,2,,1,,,,,1,,,,,,,,1,,,1,,,,,,,,,,,,1,,,,,1,,,,,,,
689,2018 People Staying Counts,OTH2,Weekend_Evening,Weekend,Evening,20180818,1720,1730,,Sun-Shaded,75,UD4H,4,1,2,1,,,1,,,,,,,,,,,1,,,1,,,,,,,,,,,,1,,,,,1,,,,,,,
690,2018 People Staying Counts,OTH2,Weekend_Evening,Weekend,Evening,20180818,1720,1730,,Sun-Shaded,75,UD4H,5,1,1,,1,,,,,1,,,,,,,,,1,,1,,,,,,,,,,,,,,1,,,1,,,,,,,
691,2018 People Staying Counts,OTH2,Weekend_Evening,Weekend,Evening,20180818,1720,1730,,Sun-Shaded,75,UD4H,6,1,1,,1,,,,,,,,,1,,,1,,,,,,1,,,,,,,,,,,,1,,,1,,,,,,,
692,2018 People Staying Counts,OTH2,Weekend_Evening,Weekend,Evening,20180818,1720,1730,,Sun-Shaded,75,UD4H,7,1,1,,1,,,,,1,,,,,,,,,1,,,,1,,,,,,,,,,,,,,,1,,,,,,,
693,2018 People Staying Counts,OTH2,Weekend_Evening,Weekend,Evening,20180818,1720,1730,,Sun-Shaded,75,UD4H,8,1,1,1,,,,1,,,,,,,,,,1,,,1,,,,,,,,,,,,,,,,,1,,,,,,,
694,2018 People Staying Counts,OTH2,Weekend_Evening,Weekend,Evening,20180818,1720,1730,,Sun-Shaded,75,UD4H,9,1,1,,1,,,1,,,,,,,,,,1,,,1,,,,,,,,,,,1,,,1,,,1,,,,,,,
695,2018 People Staying Counts,OTH2,Weekend_Evening,Weekend,Evening,20180818,1720,1730,,Sun-Shaded,75,UD4H,10,1,1,1,,,,1,,,,,,,,,,,,1,1,,,,,,,,,,,,,,,,,1,,,,,,,
696,2018 People Staying Counts,OTH2,Weekend_Evening,Weekend,Evening,20180818,1720,1730,,Sun-Shaded,75,UD4H,11,1,1,1,,,,,,1,,,,,,,,1,,,1,,,,,,,,,,,,,,,,,1,,,,,,,
697,2018 People Staying Counts,OTH2,Weekend_Evening,Weekend,Evening,20180818,1720,1730,,Sun-Shaded,75,UD4H,12,1,2,,1,,,,,1,,,,,,,1,,,,,,1,,,,,,,,,,1,,,,,1,,,,,,,
698,2018 People Staying Counts,OTH2,Weekend_Evening,Weekend,Evening,20180818,1720,1730,,Sun-Shaded,75,UD4H,13,1,2,,1,,1,,,,,,,,,,1,,,,,,1,,,,,,,,,,1,,1,,,1,,,,,,,
699,2018 People Staying Counts,OTH2,Weekend_Evening,Weekend,Evening,20180818,1720,1730,,Sun-Shaded,75,UD4H,14,1,1,1,,,,,,1,,,,,,,,,,1,,,1,,,,,,,,,,,,,,,1,,,,,,,
700,2018 People Staying Counts,OTH2,Weekday2_Morning,Weekday,Morning,20180820,1018,1028,,Sun-Shaded,65,UD4H,1,1,1,,1,,,,,1,,,,,,,,,,1,1,,,,,,,1,,,,,,,,,,1,,,,,,,
701,2018 People Staying Counts,OTH2,Weekday2_Morning,Weekday,Morning,20180820,1018,1028,,Sun-Shaded,65,UD4H,2,1,1,,1,,,1,,,,,,,,,1,,,,,,1,,,,,,,,,,,,1,,,1,,,,,,,
702,2018 People Staying Counts,OTH2,Weekday2_Morning,Weekday,Morning,20180820,1018,1028,,Sun-Shaded,65,UD4H,3,1,1,,1,,,1,,,,,,,,,,,,1,1,,,,,,,,,,,,,,,,,1,,,,,,,
703,2018 People Staying Counts,OTH2,Weekday2_Morning,Weekday,Morning,20180820,1018,1028,,Sun-Shaded,65,UD4H,4,1,1,1,,,,,,1,,,,,,,,,1,,1,,,,,,,,,,1,,,,1,,,,,,,,,,
704,2018 People Staying Counts,OTH2,Weekday2_Morning,Weekday,Morning,20180820,1018,1028,,Sun-Shaded,65,UD4H,5,1,1,,1,,1,,,,,,,,,,,,,1,1,,,,,,,,,,,,,,,,,1,,,,,,,
705,2018 People Staying Counts,OTH2,Weekday2_Morning,Weekday,Morning,20180820,1018,1028,,Sun-Shaded,65,UD4H,6,1,2,1,,,,,,1,,,,,,,1,,,,,,1,,,,,,,,,1,1,,,,,1,,,,,,,
706,2018 People Staying Counts,OTH2,Weekday2_Morning,Weekday,Morning,20180820,1018,1028,,Sun-Shaded,65,UD4H,7,1,2,,1,,,,,1,,,,,,,1,,,,,,1,,,,,,,,,1,1,,,,,1,,,,,,,
707,2018 People Staying Counts,OTH2,Weekday2_Morning,Weekday,Morning,20180820,1018,1028,,Sun-Shaded,65,UD4H,8,1,1,,1,,,,,1,,,,,,,1,,,,1,,,,,,,,,,,,,,1,,,1,,,,,,,
708,2018 People Staying Counts,OTH2,Weekday2_Morning,Weekday,Morning,20180820,1018,1028,,Sun-Shaded,65,UD4H,9,1,1,1,,,,,,1,,,,,,,,,1,,,1,,,,,,,,,,,,,,,,,,1,,,,,
709,2018 People Staying Counts,OTH2,Weekday2_Morning,Weekday,Morning,20180820,1018,1028,,Sun-Shaded,65,UD4H,10,1,1,,1,,,,,1,,,,,,,,,1,,,,1,,,,,,,,,,,,,,,1,,,,,,,
710,2018 People Staying Counts,OTH2,Weekday2_Midday,Weekday,Midday,20180820,1350,1400,,Sun-Shaded,77,UD4H,1,1,1,1,,,,,,1,,,,,,,,,,1,,,1,,,,,,,,,,,,,,,1,,,,,,,
711,2018 People Staying Counts,OTH2,Weekday2_Midday,Weekday,Midday,20180820,1350,1400,,Sun-Shaded,77,UD4H,2,1,1,1,,,1,,,,,,,,,,,,1,,1,,,,,,,,,,,,,,1,,,1,,,,,,,
712,2018 People Staying Counts,OTH2,Weekday2_Midday,Weekday,Midday,20180820,1350,1400,,Sun-Shaded,77,UD4H,3,1,1,1,,,,1,,,,,,,,,,,1,,,1,,,,,,,,,,,,,,,,1,,,,,,,
713,2018 People Staying Counts,OTH2,Weekday2_Midday,Weekday,Midday,20180820,1350,1400,,Sun-Shaded,77,UD4H,4,1,2,1,,,1,,,,,,,,,,,,1,,1,,,,,,,,,,,,1,,,,,1,,1,,,,,
714,2018 People Staying Counts,OTH2,Weekday2_Midday,Weekday,Midday,20180820,1350,1400,,Sun-Shaded,77,UD4H,5,1,2,1,,,,1,,,,,,,,,,,1,,1,,,,,,,,,,,,1,,,,,1,,1,,,,,
715,2018 People Staying Counts,OTH2,Weekday2_Midday,Weekday,Midday,20180820,1350,1400,,Sun-Shaded,77,UD4H,6,1,1,,1,,,,,1,,,,,,,,,1,,,,1,,,,,1,,,,,,,,,,1,,,,,,,
716,2018 People Staying Counts,OTH2,Weekday2_Midday,Weekday,Midday,20180820,1350,1400,,Sun-Shaded,77,UD4H,7,1,1,,1,,,1,,,,,,,,,1,,,,1,,,,,,,,,,,,,,1,,,1,,,,,,,
717,2018 People Staying Counts,OTH2,Weekday2_Midday,Weekday,Midday,20180820,1350,1400,,Sun-Shaded,77,UD4H,8,1,2,,1,,,,,1,,,,,,,,,1,,1,,,,,,,,,,,,1,,,,,1,,,,,,,
718,2018 People Staying Counts,OTH2,Weekday2_Midday,Weekday,Midday,20180820,1350,1400,,Sun-Shaded,77,UD4H,9,1,2,1,,,,,,1,,,,,,,1,,,,1,,,,,,,,,,,,1,,1,,,1,,,,,,,
719,2018 People Staying Counts,OTH2,Weekday2_Midday,Weekday,Midday,20180820,1350,1400,,Sun-Shaded,77,UD4H,10,1,1,,1,,1,,,,,,,,,,,,1,,1,,,,,,,,,,,,,,1,,,1,,,,,,,
720,2018 People Staying Counts,OTH2,Weekday2_Midday,Weekday,Midday,20180820,1350,1400,,Sun-Shaded,77,UD4H,11,1,1,,1,,1,,,,,,,,,,,1,,,1,,,,,,,,,,,,,,1,,,1,,,,,,,
721,2018 People Staying Counts,OTH2,Weekday2_Midday,Weekday,Midday,20180820,1350,1400,,Sun-Shaded,77,UD4H,12,1,3,1,,,,1,,,,,,,,,1,,,,1,,,,,,,,,,1,,1,,1,,,,,,,,,,
722,2018 People Staying Counts,OTH2,Weekday2_Midday,Weekday,Midday,20180820,1350,1400,,Sun-Shaded,77,UD4H,13,1,3,,,1,,1,,,,,,,1,,,,,,,,,,1,,,1,,,,,,,,,1,,,,,,,,
723,2018 People Staying Counts,OTH2,Weekday2_Midday,Weekday,Midday,20180820,1350,1400,,Sun-Shaded,77,UD4H,14,1,3,,1,,,1,,,,,,,,,1,,,,1,,,,,,,,,,1,,1,,,,,,,,,,,,
724,2018 People Staying Counts,OTH2,Weekday2_Midday,Weekday,Midday,20180820,1350,1400,,Sun-Shaded,77,UD4H,15,1,1,1,,,,1,,,,,,,,,,1,,,,,1,,,,,,,,,,,,1,,,1,,,,,,,
725,2018 People Staying Counts,OTH2,Weekday2_Midday,Weekday,Midday,20180820,1350,1400,,Sun-Shaded,77,UD4H,16,1,1,1,,,,,,1,,,,,,,,1,,,1,,,,,,,,,,,1,,,,,,1,,,,,,,
726,2018 People Staying Counts,OTH2,Weekday2_Midday,Weekday,Midday,20180820,1350,1400,,Sun-Shaded,77,UD4H,17,1,2,,1,,,,,1,,,,,,,,,1,,1,,,,,,,,,,,,1,,,,,1,,,,,,,
727,2018 People Staying Counts,OTH2,Weekday2_Midday,Weekday,Midday,20180820,1350,1400,,Sun-Shaded,77,UD4H,18,1,2,,1,,,,,1,,,,,,,,,1,,1,,,,,,,,,,,,1,,,,,1,,,,,,,
728,2018 People Staying Counts,OTH2,Weekday2_Evening,Weekday,Evening,20180820,1719,1729,,Heavy Clouds,80,UD4H,1,1,1,,1,,,,,,,1,,,,,,1,,,1,,,,,,,,,,,,,,1,,,1,,,,,,,
729,2018 People Staying Counts,OTH2,Weekday2_Evening,Weekday,Evening,20180820,1719,1729,,Heavy Clouds,80,UD4H,2,1,1,1,,,,,,,,,,1,,,,,1,,,,1,,,,,,,,,1,,,,,,1,,,,,,,
730,2018 People Staying Counts,OTH2,Weekday2_Evening,Weekday,Evening,20180820,1719,1729,,Heavy Clouds,80,UD4H,3,1,1,,1,,,,,1,,,,,,,,,1,,1,,,,,,,,,,,,,,,,,1,,,,,,,
731,2018 People Staying Counts,OTH2,Weekday2_Evening,Weekday,Evening,20180820,1719,1729,,Heavy Clouds,80,UD4H,4,1,1,,1,,1,,,,,,,,,,,,1,,,,1,,,,,,,,,,,,,,,1,,,,,,,
732,2018 People Staying Counts,OTH2,Weekday2_Evening,Weekday,Evening,20180820,1719,1729,,Heavy Clouds,80,UD4H,5,1,1,,1,,,,,1,,,,,,,,,,1,,,1,,,,,,,,,,,,,,,1,,,,,,,
733,2018 People Staying Counts,OTH2,Weekday2_Evening,Weekday,Evening,20180820,1719,1729,,Heavy Clouds,80,UD4H,6,1,1,,1,,,,,1,,,,,,,,,,1,1,,,,,,,,,,,,,,,,,1,,,,,,,
734,2018 People Staying Counts,OTH2,Weekday2_Evening,Weekday,Evening,20180820,1719,1729,,Heavy Clouds,80,UD4H,7,1,4,,1,,,,,1,,,,,,,,1,,,1,,,,,,,,,,,,1,,,,,1,,,,,,,
735,2018 People Staying Counts,OTH2,Weekday2_Evening,Weekday,Evening,20180820,1719,1729,,Heavy Clouds,80,UD4H,8,1,4,,1,,,,,1,,,,,,1,,,,,1,,,,,,,,,,,,1,,,,,1,,,,,,,
736,2018 People Staying Counts,OTH2,Weekday2_Evening,Weekday,Evening,20180820,1719,1729,,Heavy Clouds,80,UD4H,9,1,4,,1,,,,,1,,,,,,1,,,,,1,,,,,,,,,,,,1,,,,,1,,,,,,,
737,2018 People Staying Counts,OTH2,Weekday2_Evening,Weekday,Evening,20180820,1719,1729,,Heavy Clouds,80,UD4H,10,1,4,,1,,,,,1,,,,,,1,,,,,1,,,,,,,,,,,,1,,,,,1,,,,,,,
738,2018 People Staying Counts,OTH2,Weekday2_Evening,Weekday,Evening,20180820,1719,1729,,Heavy Clouds,80,UD4H,11,1,1,1,,,,,,,,,,1,,,,,1,,,,1,,,,,,,,,1,,,,,,1,,,,,,,
739,2018 People Staying Counts,OTH2,Weekday2_Evening,Weekday,Evening,20180820,1719,1729,,Heavy Clouds,80,UD4H,12,1,1,1,,,,,,1,,,,,,,,1,,,1,,,,,,,,,,,,,,1,,,1,,,,,,,
740,2018 People Staying Counts,OTH2,Weekday2_Evening,Weekday,Evening,20180820,1719,1729,,Heavy Clouds,80,UD4H,13,1,1,,1,,,,,1,,,,,,,,,,1,1,,,,,,,,,,,,,,,,,1,,,,,,,
741,2018 People Staying Counts,OTH2,Weekday2_Evening,Weekday,Evening,20180820,1719,1729,,Heavy Clouds,80,UD4H,14,1,1,,1,,,1,,,,,,,,,1,,,,1,,,,,,,,,,,,,,1,,,1,,,,,,,
742,2018 People Staying Counts,OTH2,Weekday2_Evening,Weekday,Evening,20180820,1719,1729,,Heavy Clouds,80,UD4H,15,1,1,1,,,,1,,,,,,,,,,,1,,1,,,,,,,,,,,,,,,,,1,,,,,,,
743,2018 People Staying Counts,OTH2,Weekday2_Evening,Weekday,Evening,20180820,1719,1729,,Heavy Clouds,80,UD4H,16,1,1,,1,,,,,,,,1,,,,,1,,,,,1,,,,,,,,,,,,1,,,1,,,,,,,
744,2018 People Staying Counts,MAM1,Weekday1_Morning,Weekday,Morning,20180816,0842,0852,,Heavy Clouds,61,UD4H,1,1,1,1,,,1,,,,,,,,,,,1,,,,,1,,,,,,,,,,,,1,,,1,,,,,,,
745,2018 People Staying Counts,MAM1,Weekday1_Morning,Weekday,Morning,20180816,0842,0852,,Heavy Clouds,61,UD4H,2,1,1,,1,,,,,1,,,,,,,,1,,,1,,,,,,,,,,,,,,1,,,1,,,,,,,
746,2018 People Staying Counts,MAM1,Weekday1_Morning,Weekday,Morning,20180816,0842,0852,,Heavy Clouds,61,UD4H,3,1,1,,1,,1,,,,,,,,,,,1,,,1,,,,,,,,,,,,,,,,,1,,,,,,,
747,2018 People Staying Counts,MAM1,Weekday1_Midday,Weekday,Midday,20180816,1236,1246,,Heavy Clouds,67,UD4H,1,1,1,,1,,1,,,,,,,,,,,1,,,1,,,,,,,,,,,,,,1,,,1,,,,,,,
748,2018 People Staying Counts,MAM1,Weekday1_Midday,Weekday,Midday,20180816,1236,1246,,Heavy Clouds,67,UD4H,2,1,1,1,,,1,,,,,,,,,,,1,,,1,,,,,,,,,,,,,,1,,,1,,,,,,,
749,2018 People Staying Counts,MAM1,Weekday1_Midday,Weekday,Midday,20180816,1236,1246,,Heavy Clouds,67,UD4H,3,1,1,1,,,1,,,,,,,,,,,1,,,1,,,,,,,,,,,,,,,,1,,,1,,,,,
750,2018 People Staying Counts,MAM1,Weekday1_Midday,Weekday,Midday,20180816,1236,1246,,Heavy Clouds,67,UD4H,4,1,1,1,,,,,,,,1,,,,,1,,,,1,,,,,,,,,,,,,,1,,,1,,,,,,,
751,2018 People Staying Counts,MAM1,Weekday1_Evening,Weekday,Evening,20180816,1640,1650,,Light Clouds,74,UD4H,1,1,3,,1,,1,,,,,,,,,,,1,,,1,,,,,,,,,,,,1,,,,,1,,,,,,,
752,2018 People Staying Counts,MAM1,Weekday1_Evening,Weekday,Evening,20180816,1640,1650,,Light Clouds,74,UD4H,2,1,3,1,,,,,,,,1,,,,,,1,,,1,,,,,,,,,,,,1,,,,,1,,1,,,,,
753,2018 People Staying Counts,MAM1,Weekday1_Evening,Weekday,Evening,20180816,1640,1650,,Light Clouds,74,UD4H,3,1,3,1,,,,,,,,,1,,1,,,,,,,,,,1,,,,,,,,,,,,1,,,,,,,,
754,2018 People Staying Counts,MAM1,Weekday1_Evening,Weekday,Evening,20180816,1640,1650,,Light Clouds,74,UD4H,4,1,1,,1,,1,,,,,,,,,,,1,,,1,,,,,,,,,,,,,,1,,1,,,,,,,,
755,2018 People Staying Counts,MAM1,Weekday2_Morning,Weekday,Morning,20180817,0832,0842,,Heavy Clouds,58,UD4H,1,1,1,,1,,,,,1,,,,,,,,1,,,1,,,,,,,,,,,,,,,,,1,,,,,,,
756,2018 People Staying Counts,MAM1,Weekday2_Morning,Weekday,Morning,20180817,0832,0842,,Heavy Clouds,58,UD4H,2,1,1,,1,,,1,,,,,,,,,,1,,,1,,,,,,,,,,,,,,,,,1,,,,,,,
757,2018 People Staying Counts,MAM1,Weekday2_Midday,Weekday,Midday,20180817,1231,1241,,Sun-Exposed,63,UD4H,1,1,1,1,,,1,,,,,,,,,,,1,,,1,,,,,,,,,,,,,,1,,,1,,,,,,,
758,2018 People Staying Counts,MAM1,Weekday2_Evening,Weekday,Evening,20180817,1630,1640,,Sun-Shaded,72,UD4H,1,1,1,1,,,1,,,,,,,,,,,1,,,1,,,,,,,,,,,,,,1,,,,,,,,,,
759,2018 People Staying Counts,MAM1,Weekday2_Evening,Weekday,Evening,20180817,1630,1640,,Sun-Shaded,72,UD4H,2,1,1,,1,,1,,,,,,,,,,,1,,,1,,,,,,,,,,,,,,,,1,,,,,,,,
760,2018 People Staying Counts,MAM1,Weekday2_Evening,Weekday,Evening,20180817,1630,1640,,Sun-Shaded,72,UD4H,3,1,1,1,,,,1,,,,,,,,,,1,,,1,,,,,,,,,,,,,,,,,1,,,,,,,
761,2018 People Staying Counts,MAM1,Weekend_Midday,Weekend,Midday,20180825,1310,1320,,Heavy Clouds,59,UD4H,1,1,1,1,,,,,,,,1,,,,,,1,,,,,1,,,,,,,,,,,,1,,,1,,,,,,,
762,2018 People Staying Counts,MAM1,Weekend_Midday,Weekend,Midday,20180825,1310,1320,,Heavy Clouds,59,UD4H,2,1,1,1,,,,,,1,,,,,,,,1,,,,1,,,,,,,,,,,,,1,,,,,,,,,,
763,2018 People Staying Counts,MAM1,Weekend_Evening,Weekend,Evening,20180825,1549,1559,,Heavy Clouds,63,UD4H,1,1,1,,1,,1,,,,,,,,,,,1,,,,,1,,,,,,,,,,,,1,,,1,,,,,,,
764,2018 People Staying Counts,MAM1,Weekend_Evening,Weekend,Evening,20180825,1549,1559,,Heavy Clouds,63,UD4H,2,1,1,,1,,,,,1,,,,,,,,1,,,,,,,,1,,,,,,,,,,,,1,,,,,,,
765,2018 People Staying Counts,MAM1,Weekend_Evening,Weekend,Evening,20180825,1549,1559,,Heavy Clouds,63,UD4H,3,1,1,1,,,1,,,,,,,,,,,,,1,1,,,,,,,,,,,,,,,,,1,,,,,,,
766,2018 People Staying Counts,PIK4,Weekday1_Morning,Weekday,Morning,20180723,0935,0945,,Sun-Shaded,72,UD4H,1,1,1,1,,,1,,,,,,,,,,,1,,,1,,,,,,,,,,,,,,1,,,1,,,,,,,
767,2018 People Staying Counts,PIK4,Weekday1_Morning,Weekday,Morning,20180723,0935,0945,,Sun-Shaded,72,UD4H,2,1,1,,1,,1,,,,,,,,,,,1,,,1,,,,,,,,,,,,,,1,,,1,,,,,,,
768,2018 People Staying Counts,PIK4,Weekday1_Morning,Weekday,Morning,20180723,0935,0945,,Sun-Shaded,72,UD4H,3,1,1,,1,,1,,,,,,,,,,,1,,,,,1,,,,,,,,,,,,1,,,1,,,,,,,
769,2018 People Staying Counts,PIK4,Weekday1_Morning,Weekday,Morning,20180723,0935,0945,,Sun-Shaded,72,UD4H,4,1,1,1,,,1,,,,,,,,,,,1,,,1,,,,,,,,,,,,,,1,,,1,,,,,,,
770,2018 People Staying Counts,PIK4,Weekday1_Morning,Weekday,Morning,20180723,0935,0945,,Sun-Shaded,72,UD4H,5,1,1,,1,,1,,,,,,,,,,,1,,,1,,,,,,,,,,,,,,,,,1,,,,,,,
771,2018 People Staying Counts,PIK4,Weekday1_Midday,Weekday,Midday,20180723,1340,1350,,Sun-Shaded,80,UD4H,1,1,3,1,,,1,,,,,,,,,1,,,,,1,,,,,,,,,,,,1,,,,,1,,,,,,,
772,2018 People Staying Counts,PIK4,Weekday1_Midday,Weekday,Midday,20180723,1340,1350,,Sun-Shaded,80,UD4H,2,1,3,1,,,1,,,,,,,,,1,,,,,1,,,,,,,,,,,,1,,,,,1,,,,,,,
773,2018 People Staying Counts,PIK4,Weekday1_Midday,Weekday,Midday,20180723,1340,1350,,Sun-Shaded,80,UD4H,3,1,3,,1,,1,,,,,,,,,,,1,,,1,,,,,,,,,,,,1,,1,,,1,,,,,,,
774,2018 People Staying Counts,PIK4,Weekday1_Midday,Weekday,Midday,20180723,1340,1350,,Sun-Shaded,80,UD4H,4,1,1,1,,,,,,,,1,,,,,,1,,,,,1,,,,,,,,,,,,,,,1,,,,,,,
775,2018 People Staying Counts,PIK4,Weekday1_Midday,Weekday,Midday,20180723,1340,1350,,Sun-Shaded,80,UD4H,5,1,1,1,,,1,,,,,,,,,,,1,,,1,,,,,,,,,,,,,,,,,1,,,,,,,
776,2018 People Staying Counts,PIK4,Weekday1_Evening,Weekday,Evening,20180723,1905,1915,,Sun-Shaded,75,UD4H,1,1,1,,1,,1,,,,,,,,,,,,1,,,,1,,,,,,,,,,,,,,1,,,,,,,,
777,2018 People Staying Counts,PIK4,Weekday1_Evening,Weekday,Evening,20180723,1905,1915,,Sun-Shaded,75,UD4H,2,1,1,1,,,1,,,,,,,,,,,1,,,1,,,,,,,,,,,,,,,,,1,,,,,,,
778,2018 People Staying Counts,PIK4,Weekday1_Evening,Weekday,Evening,20180723,1905,1915,,Sun-Shaded,75,UD4H,3,1,1,1,,,1,,,,,,,,,,,1,,,1,,,,,,,,,,,,,,1,,,,,,,,,,
779,2018 People Staying Counts,PIK4,Weekday1_Evening,Weekday,Evening,20180723,1905,1915,,Sun-Shaded,75,UD4H,4,1,1,1,,,1,,,,,,,,,,,1,,,1,,,,,,,,,,,,,,1,,,,1,,,,,,
780,2018 People Staying Counts,PIK4,Weekday1_Evening,Weekday,Evening,20180723,1905,1915,,Sun-Shaded,75,UD4H,5,1,1,1,,,,1,,,,,,,,,,1,,,1,,,,,,,,,,,,,,1,,,,,,,,,,
781,2018 People Staying Counts,PIK4,Weekday1_Evening,Weekday,Evening,20180723,1905,1915,,Sun-Shaded,75,UD4H,6,1,1,,1,,,,,1,,,,,,,1,,,,1,,,,,,,,,,,,,,1,,,,,,,,,,
782,2018 People Staying Counts,PIK4,Weekday1_Evening,Weekday,Evening,20180723,1905,1915,,Sun-Shaded,75,UD4H,7,1,1,1,,,,,,,,1,,,,,1,,,,1,,,,,,,,,,,,,,1,,,,,,,,,,
783,2018 People Staying Counts,PIK4,Weekday1_Evening,Weekday,Evening,20180723,1905,1915,,Sun-Shaded,75,UD4H,8,1,1,1,,,1,,,,,,,,,,,1,,,1,,,,,,,,,,,,,,1,,,,,,,,,,
784,2018 People Staying Counts,PIK4,Weekday1_Evening,Weekday,Evening,20180723,1905,1915,,Sun-Shaded,75,UD4H,9,1,1,1,,,1,,,,,,,,,,,1,,,1,,,,,,,,,,,,,,1,,,1,,,,,,,
785,2018 People Staying Counts,PIK4,Weekday2_Morning,Weekday,Morning,20180724,0918,0928,,Sun-Shaded,74,UD4H,1,1,1,1,,,,,,1,,,,,,,,1,,,,,1,,,,,,,,,,,,1,,,1,,,,,,,
786,2018 People Staying Counts,PIK4,Weekday2_Morning,Weekday,Morning,20180724,0918,0928,,Sun-Shaded,74,UD4H,2,1,1,1,,,1,,,,,,,,,,,1,,,,,1,,,,,,,,,,,,,,1,,,,,,,,
787,2018 People Staying Counts,PIK4,Weekday2_Morning,Weekday,Morning,20180724,0918,0928,,Sun-Shaded,74,UD4H,3,1,1,1,,,,,,,,1,,,,,,1,,,1,,,,,,,,,,,,,,,,,,1,,,,,,
788,2018 People Staying Counts,PIK4,Weekday2_Morning,Weekday,Morning,20180724,0918,0928,,Sun-Shaded,74,UD4H,4,1,1,,1,,1,,,,,,,,,,,1,,,1,,,,,,,,,,,,,,1,,,,,,,,,,
789,2018 People Staying Counts,PIK4,Weekday2_Morning,Weekday,Morning,20180724,0918,0928,,Sun-Shaded,74,UD4H,5,1,1,1,,,1,,,,,,,,,,1,,,,,,1,,,,,,,,,,,,1,,,1,,,,,,,
790,2018 People Staying Counts,PIK4,Weekday2_Midday,Weekday,Midday,20180724,1306,1316,,Sun-Shaded,72,UD4H,1,1,1,1,,,1,,,,,,,,,,,1,,,,,1,,,,,,,,,,,,1,,,1,,,,,,,
791,2018 People Staying Counts,PIK4,Weekday2_Midday,Weekday,Midday,20180724,1306,1316,,Sun-Shaded,72,UD4H,2,1,1,1,,,1,,,,,,,,,,,1,,,,,1,,,,,,,,,,,,,,,1,,,,,,,
792,2018 People Staying Counts,PIK4,Weekday2_Evening,Weekday,Evening,20180724,1720,1730,,Sun-Shaded,85,UD4H,1,1,1,,,1,1,,,,,,,,,,,1,,,,,1,,,,,,,,,,,,,,,1,,,,,,,
793,2018 People Staying Counts,PIK4,Weekday2_Evening,Weekday,Evening,20180724,1720,1730,,Sun-Shaded,85,UD4H,2,1,1,1,,,1,,,,,,,,,,,1,,,,,1,,,,,,,,,,,,1,,,1,,,,,,,
794,2018 People Staying Counts,PIK4,Weekday2_Evening,Weekday,Evening,20180724,1720,1730,,Sun-Shaded,85,UD4H,3,1,1,,1,,,,,1,,,,,,,1,,,,1,,,,,,,,,,,,,,1,,,1,,,,,,,
795,2018 People Staying Counts,PIK4,Weekday2_Evening,Weekday,Evening,20180724,1720,1730,,Sun-Shaded,85,UD4H,4,1,1,,1,,,,,,,1,,,,,,1,,,1,,,,,,,,,,,,,,1,1,,,,,,,,,
796,2018 People Staying Counts,PIK4,Weekday2_Evening,Weekday,Evening,20180724,1720,1730,,Sun-Shaded,85,UD4H,5,1,1,,1,,,,,1,,,,,,,,1,,,,,1,,,,,,,,,,,,1,,,,,,,,,,
797,2018 People Staying Counts,PIK4,Weekend_Midday,Weekend,Midday,20180818,1326,1336,,Sun-Shaded,72,UD4H,1,1,1,1,,,,,,1,,,,,,,,1,,,,,1,,,,,,,,,,,,1,,,,,,,,,,
798,2018 People Staying Counts,PIK4,Weekend_Midday,Weekend,Midday,20180818,1326,1336,,Sun-Shaded,72,UD4H,2,1,1,1,,,1,,,,,,,,,,,1,,,,1,,,,,,,,,,,,,1,,,,,,,,,,
799,2018 People Staying Counts,PIK4,Weekend_Midday,Weekend,Midday,20180818,1326,1336,,Sun-Shaded,72,UD4H,3,1,1,1,,,1,,,,,,,,,,,,1,,,1,,,,,,,,,,,,,1,,,,,,,,,,
800,2018 People Staying Counts,PIK4,Weekend_Midday,Weekend,Midday,20180818,1326,1336,,Sun-Shaded,72,UD4H,4,1,1,1,,,1,,,,,,,,,,,,1,,,,1,,,,,,,,,,,,1,,,1,,,,,,,
801,2018 People Staying Counts,PIK4,Weekend_Midday,Weekend,Midday,20180818,1326,1336,,Sun-Shaded,72,UD4H,5,1,2,,1,,1,,,,,,,,,,,1,,,,,1,,,,,,,,,,1,,,,,1,,,,,,,
802,2018 People Staying Counts,PIK4,Weekend_Midday,Weekend,Midday,20180818,1326,1336,,Sun-Shaded,72,UD4H,6,1,2,,1,,1,,,,,,,,,1,,,,,,,1,,,,,,,,,1,1,,1,,,1,,,,,,,
803,2018 People Staying Counts,PIK4,Weekend_Midday,Weekend,Midday,20180818,1326,1336,,Sun-Shaded,72,UD4H,7,1,4,1,,,1,,,,,,,,,,,,1,,1,,,,,,,,,,,,1,,,,,,,,,,,,
804,2018 People Staying Counts,PIK4,Weekend_Midday,Weekend,Midday,20180818,1326,1336,,Sun-Shaded,72,UD4H,8,1,4,,1,,1,,,,,,,,,,,,1,,1,,,,,,,,,,,,1,,,,,,,,,,,,
805,2018 People Staying Counts,PIK4,Weekend_Midday,Weekend,Midday,20180818,1326,1336,,Sun-Shaded,72,UD4H,9,1,4,1,,,1,,,,,,,,,,,1,,,1,,,,,,,,,,,,1,,,,,,,,,,,,
806,2018 People Staying Counts,PIK4,Weekend_Midday,Weekend,Midday,20180818,1326,1336,,Sun-Shaded,72,UD4H,10,1,4,,1,,1,,,,,,,,,,,1,,,1,,,,,,,,,,,,1,,1,,,,,,,,,,
807,2018 People Staying Counts,PIK4,Weekend_Midday,Weekend,Midday,20180818,1326,1336,,Sun-Shaded,72,UD4H,11,1,2,,1,,1,,,,,,,,,,,1,,,1,,,,,,,,,,,,1,,1,,,,,,,,,,
808,2018 People Staying Counts,PIK4,Weekend_Midday,Weekend,Midday,20180818,1326,1336,,Sun-Shaded,72,UD4H,12,1,2,1,,,1,,,,,,,,,,,1,,,1,,,,,,,,,,,,1,,,,1,,,,,,,,
809,2018 People Staying Counts,PIK4,Weekend_Evening,Weekend,Evening,20180818,1719,1729,,Sun-Shaded,77,UD4H,1,1,1,1,,,1,,,,,,,,,,,1,,,,,1,,,,,,,,,,,,,,1,,,,,,,,
810,2018 People Staying Counts,PIK4,Weekend_Evening,Weekend,Evening,20180818,1719,1729,,Sun-Shaded,77,UD4H,2,1,1,1,,,,,,1,,,,,,,,1,,,1,,,,,,,,,,,,,,,,,1,,,,,,,
811,2018 People Staying Counts,PIK4,Weekend_Evening,Weekend,Evening,20180818,1719,1729,,Sun-Shaded,77,UD4H,3,1,1,,1,,,1,,,,,,,,,,1,,,1,,,,,,,,,,,,,,1,,,1,,,,,,,
812,2018 People Staying Counts,PIK4,Weekend_Evening,Weekend,Evening,20180818,1719,1729,,Sun-Shaded,77,UD4H,4,1,1,1,,,1,,,,,,,,,,,1,,,,,1,,,,,,,1,,1,,,,,,1,,,,,,,
813,2018 People Staying Counts,PIK4,Weekend_Evening,Weekend,Evening,20180818,1719,1729,,Sun-Shaded,77,UD4H,5,1,1,1,,,1,,,,,,,,,,,1,,,,,1,,,,,,,,,,,,1,,,1,,,,,,,
814,2018 People Staying Counts,PIK4,Weekend_Evening,Weekend,Evening,20180818,1719,1729,,Sun-Shaded,77,UD4H,6,1,1,,1,,1,,,,,,,,,,,1,,,1,,,,,,,,,1,,1,,,1,,1,,,,,,,,
815,2018 People Staying Counts,PIK4,Weekend_Evening,Weekend,Evening,20180818,1719,1729,,Sun-Shaded,77,UD4H,7,1,4,1,,,,,,1,,,,,,,,1,,,1,,,,,,,,,,,,1,,1,,,,,,,,,,
816,2018 People Staying Counts,PIK4,Weekend_Evening,Weekend,Evening,20180818,1719,1729,,Sun-Shaded,77,UD4H,8,1,4,,1,,,,,1,,,,,,,,1,,,1,,,,,,,,,,,,1,,,,,,,,,,,,
817,2018 People Staying Counts,PIK4,Weekend_Evening,Weekend,Evening,20180818,1719,1729,,Sun-Shaded,77,UD4H,9,1,4,1,,,,,,1,,,,,,1,,,,,1,,,,,,,,,,,,1,,,,1,,,,,,,,
818,2018 People Staying Counts,PIK4,Weekend_Evening,Weekend,Evening,20180818,1719,1729,,Sun-Shaded,77,UD4H,10,1,4,,1,,,,,1,,,,,1,,,,,,1,,,,,,,,,,,,,,,,1,,,,,,,,
819,2018 People Staying Counts,PIK4,Weekend_Evening,Weekend,Evening,20180818,1719,1729,,Sun-Shaded,77,UD4H,11,1,2,1,,,,,,1,,,,,,,,1,,,1,,,,,,,,,,,,1,,,,,,,,,,,,
820,2018 People Staying Counts,PIK4,Weekend_Evening,Weekend,Evening,20180818,1719,1729,,Sun-Shaded,77,UD4H,12,1,2,,1,,,,,1,,,,,,,,1,,,1,,,,,,,,,,,,1,,,,,,,,,,,,
821,2018 People Staying Counts,BEA1,Weekend_Midday,Weekend,Midday,20180721,1329,1339,,Sun-Exposed,68,UD4H,1,1,1,,1,,,1,,,,,,,,,,1,,,1,,,,,,,,,,,,,,1,,,,,,,,,,
822,2018 People Staying Counts,BEA1,Weekend_Midday,Weekend,Midday,20180721,1329,1339,,Sun-Exposed,68,UD4H,2,1,1,1,,,,1,,,,,,,,1,,,,,,,,1,,,,,,,,,,,,,1,,,,,,,,
823,2018 People Staying Counts,BEA1,Weekend_Midday,Weekend,Midday,20180721,1329,1339,,Sun-Exposed,68,UD4H,3,1,4,1,,,,,,,,1,,,,,,1,,,1,,,,,,,,,,,,1,,1,,,,,,,,,,
824,2018 People Staying Counts,BEA1,Weekend_Midday,Weekend,Midday,20180721,1329,1339,,Sun-Exposed,68,UD4H,4,1,4,1,,,,,,,,1,,,,1,,,,,1,,,,,,,,,,,,1,,,,,,,,,,,,
825,2018 People Staying Counts,BEA1,Weekend_Midday,Weekend,Midday,20180721,1329,1339,,Sun-Exposed,68,UD4H,5,1,4,1,,,,,,,,1,,,,1,,,,,1,,,,,,,,,,,,1,,,,,,,,,,,,
826,2018 People Staying Counts,BEA1,Weekend_Midday,Weekend,Midday,20180721,1329,1339,,Sun-Exposed,68,UD4H,6,1,4,1,,,,,,,,1,,,1,,,,,,,,,,,1,,,,,,,,,,,1,,,,,,,,
827,2018 People Staying Counts,BEA1,Weekend_Midday,Weekend,Midday,20180721,1329,1339,,Sun-Exposed,68,UD4H,7,1,1,,1,,1,,,,,,,,,,1,,,,,,,1,,,,,,,,,,,1,,,1,,,,,,,
828,2018 People Staying Counts,BEA1,Weekend_Evening,Weekend,Evening,20180721,1658,1708,,Light Clouds,68,UD4H,1,1,1,1,,,1,,,,,,,,,,,1,,,1,,,,,,,,,,,,,,1,,,,,,,,,,
829,2018 People Staying Counts,BEA1,Weekend_Evening,Weekend,Evening,20180721,1658,1708,,Light Clouds,68,UD4H,2,1,1,,1,,1,,,,,,,,,,,1,,,1,,,,,,,,,,,,,,1,,,,,,,,,,
830,2018 People Staying Counts,BEA1,Weekday1_Morning,Weekday,Morning,20180725,0936,0946,,Sun-Shaded,65,UD4H,1,1,1,,1,,1,,,,,,,,,,,1,,,1,,,,,,,,,,,1,,,,,1,,,,,,,,
831,2018 People Staying Counts,BEA1,Weekday1_Midday,Weekday,Midday,20180725,1313,1323,event:commercial_event,Sun-Shaded,72,UD4H,1,1,1,,1,,1,,,,,,,,,,,1,,,,,,1,,,,,,,,,,,1,,1,,,,,,,,
832,2018 People Staying Counts,BEA1,Weekday1_Midday,Weekday,Midday,20180725,1313,1323,event:commercial_event,Sun-Shaded,72,UD4H,2,1,1,1,,,,,,1,,,,,,,,1,,,1,,,,,,,,1,,,,1,,,,,,,,,,,,
833,2018 People Staying Counts,BEA1,Weekday1_Midday,Weekday,Midday,20180725,1313,1323,event:commercial_event,Sun-Shaded,72,UD4H,3,1,1,,1,,1,,,,,,,,,,1,,,,1,,,,,,,,,1,1,,1,,,,,,,,,,,,
834,2018 People Staying Counts,BEA1,Weekday1_Midday,Weekday,Midday,20180725,1313,1323,event:commercial_event,Sun-Shaded,72,UD4H,4,1,1,,1,,1,,,,,,,,,,1,,,,1,,,,,,,,,,,,,,,,1,,,,,,,,
835,2018 People Staying Counts,BEA1,Weekday1_Evening,Weekday,Evening,20180725,1709,1719,,Sun-Shaded,72,UD4H,1,1,1,,1,,1,,,,,,,,,,,1,,,,,1,,,,,,,,,,,,1,,1,,,,,,,,
836,2018 People Staying Counts,BEA1,Weekday1_Evening,Weekday,Evening,20180725,1709,1719,,Sun-Shaded,72,UD4H,2,1,1,,1,,,,,1,,,,,,,1,,,,,,,1,,,,,,,,1,,,1,,,,,,,,,,
837,2018 People Staying Counts,BEA1,Weekday1_Evening,Weekday,Evening,20180725,1709,1719,,Sun-Shaded,72,UD4H,3,1,2,,1,,1,,,,,,,,,1,,,,,1,,,,,,,,,,,,1,,,,1,,,,1,,,,
838,2018 People Staying Counts,BEA1,Weekday1_Evening,Weekday,Evening,20180725,1709,1719,,Sun-Shaded,72,UD4H,4,1,2,1,,,1,,,,,,,,,,,1,,,1,,,,,,,,,1,,,1,,,,,,,,,,,,
839,2018 People Staying Counts,BEA1,Weekday1_Evening,Weekday,Evening,20180725,1709,1719,,Sun-Shaded,72,UD4H,5,1,2,,1,,,,,1,,,,,,,1,,,,,,1,,,,,,,,,,1,,,,,,,,,,,,
840,2018 People Staying Counts,BEA1,Weekday1_Evening,Weekday,Evening,20180725,1709,1719,,Sun-Shaded,72,UD4H,6,1,2,,1,,,,,1,,,,,,,1,,,,,,1,,,,,,,,,,1,,,,,,,,,,,,
841,2018 People Staying Counts,BEA1,Weekday2_Morning,Weekday,Morning,20180727,0917,0927,,Sun-Shaded,62,UD4H,1,1,2,,1,,1,,,,,,,,,,,1,,,,,,1,,,,,,,,1,1,,,,,,,,,,,,
842,2018 People Staying Counts,BEA1,Weekday2_Morning,Weekday,Morning,20180727,0917,0927,,Sun-Shaded,62,UD4H,2,1,2,1,,,1,,,,,,,,,,,1,,,,,1,,,,,,,,,1,1,,,,,,,,,,,,
843,2018 People Staying Counts,BEA1,Weekday2_Morning,Weekday,Morning,20180727,0917,0927,,Sun-Shaded,62,UD4H,3,1,1,1,,,1,,,,,,,,,,,1,,,,,,1,,,,,,,,1,,,1,,,,,,,,,,
844,2018 People Staying Counts,BEA1,Weekday2_Midday,Weekday,Midday,20180727,1323,1333,event:commercial_event,Sun-Shaded,72,UD4H,1,1,1,,1,,1,,,,,,,,,,1,,,,,,,1,,,,,,,,1,,,,,1,,,,1,,,,
845,2018 People Staying Counts,BEA1,Weekday2_Midday,Weekday,Midday,20180727,1323,1333,event:commercial_event,Sun-Shaded,72,UD4H,2,1,1,,1,,1,,,,,,,,,,1,,,,1,,,,,,,,,1,,,,,,,1,,,,,,,,
846,2018 People Staying Counts,BEA1,Weekday2_Midday,Weekday,Midday,20180727,1323,1333,event:commercial_event,Sun-Shaded,72,UD4H,3,1,1,1,,,1,,,,,,,,,,,1,,,1,,,,,,,,,,1,,,,,,1,,,,,,,,
847,2018 People Staying Counts,BEA1,Weekday2_Midday,Weekday,Midday,20180727,1323,1333,event:commercial_event,Sun-Shaded,72,UD4H,4,1,1,1,,,,1,,,,,,,,,,1,,,,1,,,,,,,,,1,,1,,,,,,,,,,,,
848,2018 People Staying Counts,BEA1,Weekday2_Evening,Weekday,Evening,20180727,1714,1724,event:commercial_event,Sun-Shaded,84,UD4H,1,1,1,1,,,1,,,,,,,,,,,1,,,,,,,,,1,,,,,,,,1,,,,,,,,,,
849,2018 People Staying Counts,BEA1,Weekday2_Evening,Weekday,Evening,20180727,1714,1724,event:commercial_event,Sun-Shaded,84,UD4H,2,1,1,1,,,,1,,,,,,,,,1,,,,,,,1,,,,,,,,1,,,,,1,,,,,,,,
850,2018 People Staying Counts,BEA1,Weekday2_Evening,Weekday,Evening,20180727,1714,1724,event:commercial_event,Sun-Shaded,84,UD4H,3,1,1,1,,,1,,,,,,,,,,,1,,,,,1,,,,,,,,,,,,1,,1,,,,,,,,
851,2018 People Staying Counts,BEA1,Weekday2_Evening,Weekday,Evening,20180727,1714,1724,event:commercial_event,Sun-Shaded,84,UD4H,4,1,1,1,,,1,,,,,,,,,,,1,,,1,,,,,,,,,1,,,1,,,,,,,,,,,,
852,2018 People Staying Counts,BEA1,Weekday2_Evening,Weekday,Evening,20180727,1714,1724,event:commercial_event,Sun-Shaded,84,UD4H,5,1,1,1,,,1,,,,,,,,,,1,,,,1,,,,,,,,,,,,,,1,,1,,,,,,,,
853,2018 People Staying Counts,UNI4,Weekday1_Morning,Weekday,Morning,20180816,0912,0922,,Heavy Clouds,60,UD4H,1,1,1,,1,,1,,,,,,,,,,1,,,,1,,,,,,,,,,1,,,,1,,,,,,,,,,
854,2018 People Staying Counts,UNI4,Weekday1_Morning,Weekday,Morning,20180816,0912,0922,,Heavy Clouds,60,UD4H,2,1,2,1,,,,1,,,,,,,,,1,,,,1,,,,,,,,,,,,1,,1,,,,,,,,,,
855,2018 People Staying Counts,UNI4,Weekday1_Morning,Weekday,Morning,20180816,0912,0922,,Heavy Clouds,60,UD4H,3,1,2,,,1,1,,,,,,,,,,1,,,,1,,,,,,,,,,,,1,,,,,,,,,,,,
856,2018 People Staying Counts,UNI4,Weekday1_Morning,Weekday,Morning,20180816,0912,0922,,Heavy Clouds,60,UD4H,4,1,1,1,,,,,,,,,,1,,,,1,,,1,,,,,,,,,,,,,,1,,,,,,,,,,
857,2018 People Staying Counts,UNI4,Weekday1_Midday,Weekday,Midday,20180816,1310,1320,,Heavy Clouds,63,UD4H,1,1,3,,1,,,,,1,,,,,,,1,,,,1,,,,,,,,,,,,1,,1,,,,,,,,,,
858,2018 People Staying Counts,UNI4,Weekday1_Midday,Weekday,Midday,20180816,1310,1320,,Heavy Clouds,63,UD4H,2,1,3,,1,,,,,1,,,,,,,1,,,,1,,,,,,,,,,,,1,,1,,,,,,,,,,
859,2018 People Staying Counts,UNI4,Weekday1_Midday,Weekday,Midday,20180816,1310,1320,,Heavy Clouds,63,UD4H,3,1,3,,1,,,,,1,,,,,,,1,,,,,1,,,,,,,,,,,1,,,,,,,,,,,,
860,2018 People Staying Counts,UNI4,Weekday1_Midday,Weekday,Midday,20180816,1310,1320,,Heavy Clouds,63,UD4H,4,1,1,1,,,1,,,,,,,,,,,,,1,1,,,,,,,,,,1,,,,,,,,,,,,,,
861,2018 People Staying Counts,UNI4,Weekday1_Midday,Weekday,Midday,20180816,1310,1320,,Heavy Clouds,63,UD4H,5,1,1,1,,,1,,,,,,,,,,,,1,,,1,,,,,,,,,,,,,1,,,,,1,,,,,
862,2018 People Staying Counts,UNI4,Weekday1_Midday,Weekday,Midday,20180816,1310,1320,,Heavy Clouds,63,UD4H,6,1,1,,1,,,,,1,,,,,,,,,,1,1,,,,,,,,,,,,1,,,,,,,,,,1,,
863,2018 People Staying Counts,UNI4,Weekday1_Midday,Weekday,Midday,20180816,1310,1320,,Heavy Clouds,63,UD4H,7,1,1,1,,,1,,,,,,,,,,,,,1,1,,,,,,,,1,,1,,,,,,,,,,,,,,
864,2018 People Staying Counts,UNI4,Weekday1_Midday,Weekday,Midday,20180816,1310,1320,,Heavy Clouds,63,UD4H,8,1,1,,1,,1,,,,,,,,,,,,,1,1,,,,,,,,,,1,,,,,,,,,,,,,,
865,2018 People Staying Counts,UNI4,Weekday1_Evening,Weekday,Evening,20180816,1725,1735,,Sun-Exposed,73,UD4H,1,1,1,1,,,1,,,,,,,,,,,1,,,1,,,,,,,,,,1,,1,,,,1,,,,,,,,
866,2018 People Staying Counts,UNI4,Weekday1_Evening,Weekday,Evening,20180816,1725,1735,,Sun-Exposed,73,UD4H,2,1,1,1,,,1,,,,,,,,,,,,,1,1,,,,,,,,,,1,,,,,,1,,,,,,,,
867,2018 People Staying Counts,UNI4,Weekday1_Evening,Weekday,Evening,20180816,1725,1735,,Sun-Exposed,73,UD4H,3,1,1,1,,,1,,,,,,,,,,1,,,,1,,,,,,,,,,1,,,,1,,,,,,,,,,
868,2018 People Staying Counts,UNI4,Weekday1_Evening,Weekday,Evening,20180816,1725,1735,,Sun-Exposed,73,UD4H,4,1,2,,1,,,1,,,,,,,,,,1,,,1,,,,,,,,,,,,1,,,,,,,,,,,,
869,2018 People Staying Counts,UNI4,Weekday1_Evening,Weekday,Evening,20180816,1725,1735,,Sun-Exposed,73,UD4H,5,1,2,,1,,,,,1,,,,,,,,1,,,1,,,,,,,,,,,,1,,,,,,,,,,,,
870,2018 People Staying Counts,UNI4,Weekday1_Evening,Weekday,Evening,20180816,1725,1735,,Sun-Exposed,73,UD4H,6,1,1,1,,,1,,,,,,,,,,,,1,,1,,,,,,,,,,,,,,1,,,,1,,,,,,
871,2018 People Staying Counts,UNI4,Weekday2_Morning,Weekday,Morning,20180817,0914,0924,,Sun-Exposed,60,UD4H,1,0,,,,,,,,,,,,,,,,,,,,,,,,,,,,,,,,,,,,,,,,,,,
872,2018 People Staying Counts,UNI4,Weekday2_Midday,Weekday,Midday,20180817,1307,1317,,Sun-Exposed,60,UD4H,1,1,1,1,,,1,,,,,,,,,,1,,,,1,,,,,,,,,,1,,,,,,,,,,,,,,
873,2018 People Staying Counts,UNI4,Weekday2_Midday,Weekday,Midday,20180817,1307,1317,,Sun-Exposed,60,UD4H,2,1,1,1,,,1,,,,,,,,,,,,1,,1,,,,,,,,,,1,,,,,,,,,,,,,,
874,2018 People Staying Counts,UNI4,Weekday2_Midday,Weekday,Midday,20180817,1307,1317,,Sun-Exposed,60,UD4H,3,1,1,,1,,,,,1,,,,,,,,,1,,1,,,,,,,,,,1,,,,,,,,,,,,,,
875,2018 People Staying Counts,UNI4,Weekday2_Evening,Weekday,Evening,20180817,1705,1715,,Sun-Shaded,72,UD4H,1,1,1,1,,,1,,,,,,,,,,,1,,,1,,,,,,,,,,1,,,,1,,,,,,,,,,
876,2018 People Staying Counts,UNI4,Weekend_Midday,Weekend,Midday,20180825,1315,1325,,Heavy Clouds,61,UD4H,1,1,1,1,,,1,,,,,,,,,,,,1,,1,,,,,,,,,,1,,,,,,1,,,,,,,,
877,2018 People Staying Counts,UNI4,Weekend_Midday,Weekend,Midday,20180825,1315,1325,,Heavy Clouds,61,UD4H,2,1,1,,1,,,,,1,,,,,,,,1,,,1,,,,,,,,,1,1,,,,,,,,,,,,,,
878,2018 People Staying Counts,UNI4,Weekend_Midday,Weekend,Midday,20180825,1315,1325,,Heavy Clouds,61,UD4H,3,1,1,,1,,1,,,,,,,,,,,1,,,1,,,,,,,,,1,1,,,,1,,,,,,,,,,
879,2018 People Staying Counts,UNI4,Weekend_Midday,Weekend,Midday,20180825,1315,1325,,Heavy Clouds,61,UD4H,4,1,3,1,,,1,,,,,,,,,,,1,,,1,,,,,,,,,,,,1,,,,,,,,,,,,
880,2018 People Staying Counts,UNI4,Weekend_Midday,Weekend,Midday,20180825,1315,1325,,Heavy Clouds,61,UD4H,5,1,3,1,,,1,,,,,,,,,,,,,1,1,,,,,,,,,,,,1,,,,,,,,,,,,
881,2018 People Staying Counts,UNI4,Weekend_Midday,Weekend,Midday,20180825,1315,1325,,Heavy Clouds,61,UD4H,6,1,3,,1,,1,,,,,,,,,,,,1,,1,,,,,,,,,,1,,1,,,,,,,,,,,,
882,2018 People Staying Counts,UNI4,Weekend_Evening,Weekend,Evening,20180825,1730,1740,,Heavy Clouds,61,UD4H,1,0,,,,,,,,,,,,,,,,,,,,,,,,,,,,,,,,,,,,,,,,,,,
883,2018 People Staying Counts,GPR2,Weekday1_Morning,Weekday,Morning,20180823,0900,0910,,Heavy Clouds,59,UD4H,1,1,3,1,,,1,,,,,,,,,,1,,,,,,,,,,1,,,,,1,1,,,,,,,,,,1,,
884,2018 People Staying Counts,GPR2,Weekday1_Morning,Weekday,Morning,20180823,0900,0910,,Heavy Clouds,59,UD4H,2,1,3,1,,,1,,,,,,,,,,1,,,,,1,,,,,,,,,,1,1,,,,,,,,,,1,,
885,2018 People Staying Counts,GPR2,Weekday1_Morning,Weekday,Morning,20180823,0900,0910,,Heavy Clouds,59,UD4H,3,1,3,1,,,1,,,,,,,,,,,1,,,,,,,,,1,,,,,,1,,,,,,,,,,1,,
886,2018 People Staying Counts,GPR2,Weekday1_Morning,Weekday,Morning,20180823,0900,0910,,Heavy Clouds,59,UD4H,4,1,1,1,,,1,,,,,,,,,,,,1,,1,,,,,,,,,,,,,,,,,1,,,,,,,
887,2018 People Staying Counts,GPR2,Weekday1_Midday,Weekday,Midday,20180823,1308,1318,,Sun-Shaded,62,UD4H,1,1,1,1,,,,,,,,1,,,,,,1,,,,1,,,,,,,,,,,,,1,,,,,,,,,,
888,2018 People Staying Counts,GPR2,Weekday1_Midday,Weekday,Midday,20180823,1308,1318,,Sun-Shaded,62,UD4H,2,1,1,1,,,1,,,,,,,,,,,,1,,1,,,,,,,,,,,,,,,,1,1,,,,,,,
889,2018 People Staying Counts,GPR2,Weekday1_Midday,Weekday,Midday,20180823,1308,1318,,Sun-Shaded,62,UD4H,3,1,1,,1,,1,,,,,,,,,,,1,,,1,,,,,,,,,,,,,,1,,,,,,,,,,
890,2018 People Staying Counts,GPR2,Weekday1_Evening,Weekday,Evening,20180823,1702,1712,,Sun-Exposed,70,UD4H,1,1,1,1,,,1,,,,,,,,,,,1,,,1,,,,,,,,,,,,,,1,,,1,,,,,,,
891,2018 People Staying Counts,GPR2,Weekday1_Evening,Weekday,Evening,20180823,1702,1712,,Sun-Exposed,70,UD4H,2,1,1,1,,,1,,,,,,,,,,,,1,,1,,,,,,,,,,,,,,,,1,1,,,,,,,
892,2018 People Staying Counts,GPR2,Weekday1_Evening,Weekday,Evening,20180823,1702,1712,,Sun-Exposed,70,UD4H,3,1,1,1,,,,,,,,1,,,,,,,1,,,1,,,,,,,1,,,,,,,,1,,,,,,,,
893,2018 People Staying Counts,GPR2,Weekday1_Evening,Weekday,Evening,20180823,1702,1712,,Sun-Exposed,70,UD4H,4,1,2,,1,,1,,,,,,,,,,,1,,,,,1,,,,,,,1,,1,1,,,,,,,,,,,,
894,2018 People Staying Counts,GPR2,Weekday1_Evening,Weekday,Evening,20180823,1702,1712,,Sun-Exposed,70,UD4H,5,1,2,,1,,1,,,,,,,,,,,1,,,,,1,,,,,,,1,,1,1,,,,,,,,,,,,
895,2018 People Staying Counts,GPR2,Weekday2_Morning,Weekday,Morning,20180824,0909,0919,,Sun-Shaded,62,UD4H,1,0,,,,,,,,,,,,,,,,,,,,,,,,,,,,,,,,,,,,,,,,,,,
896,2018 People Staying Counts,GPR2,Weekday2_Midday,Weekday,Midday,20180824,1315,1325,,Light Clouds,63,UD4H,1,1,2,1,,,1,,,,,,,,,,,1,,,,,1,,,,,,,1,,1,1,,1,,,,,,,,,,
897,2018 People Staying Counts,GPR2,Weekday2_Midday,Weekday,Midday,20180824,1315,1325,,Light Clouds,63,UD4H,2,1,2,1,,,1,,,,,,,,,,,1,,,,,1,,,,,,,1,,1,1,,1,,,,,,,,,,
898,2018 People Staying Counts,GPR2,Weekday2_Evening,Weekday,Evening,20180824,1706,1716,,Sun-Shaded,65,UD4H,1,1,1,,1,,1,,,,,,,,,,,,,1,1,,,,,,,,,,,,,,,,1,1,,,,,,,
899,2018 People Staying Counts,GPR2,Weekday2_Evening,Weekday,Evening,20180824,1706,1716,,Sun-Shaded,65,UD4H,2,1,3,,1,,,,,,,1,,,,,,,1,,1,,,,,,,,1,,1,,1,,,,,,,,,,,,
900,2018 People Staying Counts,GPR2,Weekday2_Evening,Weekday,Evening,20180824,1706,1716,,Sun-Shaded,65,UD4H,3,1,3,,1,,,,,,,1,,,,,,,1,,1,,,,,,,,1,,,,1,,,,,,,,,,,,
901,2018 People Staying Counts,GPR2,Weekday2_Evening,Weekday,Evening,20180824,1706,1716,,Sun-Shaded,65,UD4H,4,1,3,1,,,,,,,,1,,,,,,,1,,,1,,,,,,,1,,,,1,,,,,,,,,,,,
902,2018 People Staying Counts,GPR2,Weekday2_Evening,Weekday,Evening,20180824,1706,1716,,Sun-Shaded,65,UD4H,5,1,2,,1,,1,,,,,,,,,,,1,,,,,1,,,,,,,1,,1,1,,,,,,,,,,,,
903,2018 People Staying Counts,GPR2,Weekday2_Evening,Weekday,Evening,20180824,1706,1716,,Sun-Shaded,65,UD4H,6,1,2,,1,,1,,,,,,,,,,1,,,,,,1,,,,,,,1,,1,1,,,,,,,,,,,,
904,2018 People Staying Counts,GPR2,Weekend_Midday,Weekend,Midday,20180908,1347,1357,,Sun-Shaded,67,UD4H,1,1,2,1,,,1,,,,,,,,,,,1,,,1,,,,,,,,,,,1,1,,,,,,,,,,,,
905,2018 People Staying Counts,GPR2,Weekend_Midday,Weekend,Midday,20180908,1347,1357,,Sun-Shaded,67,UD4H,2,1,2,,1,,1,,,,,,,,,,,1,,,1,,,,,,,,,,,1,1,,,,,,,,,,,,
906,2018 People Staying Counts,GPR2,Weekend_Midday,Weekend,Midday,20180908,1347,1357,,Sun-Shaded,67,UD4H,3,1,2,,1,,,,,1,,,,,,,,1,,,1,,,,,,,,,,,,1,,,,,1,,,,,,,
907,2018 People Staying Counts,GPR2,Weekend_Midday,Weekend,Midday,20180908,1347,1357,,Sun-Shaded,67,UD4H,4,1,2,1,,,,,,1,,,,,,,,1,,,1,,,,,,,,,,,1,1,,,,,1,,,,,,,
908,2018 People Staying Counts,GPR2,Weekend_Midday,Weekend,Midday,20180908,1347,1357,,Sun-Shaded,67,UD4H,5,1,1,1,,,1,,,,,,,,,,1,,,,,1,,,,,,,,,,,,,,,,,,1,,,,,
909,2018 People Staying Counts,GPR2,Weekend_Evening,Weekend,Evening,20180908,1709,1719,,Sun-Shaded,70,UD4H,1,1,2,1,,,1,,,,,,,,,,,,1,,,1,,,,,,,,,,,1,,,,,,,1,,,,,
910,2018 People Staying Counts,GPR2,Weekend_Evening,Weekend,Evening,20180908,1709,1719,,Sun-Shaded,70,UD4H,2,1,2,1,,,,,,,,1,,,,,,,1,,1,,,,,,,,1,,,,1,,,,,,,1,,,,,
911,2018 People Staying Counts,GPR2,Weekend_Evening,Weekend,Evening,20180908,1709,1719,,Sun-Shaded,70,UD4H,3,1,1,1,,,,,,,,1,,,,,,,1,,1,,,,,,,,,,1,,,,1,,,,,1,,,,,
912,2018 People Staying Counts,GPR2,Weekend_Evening,Weekend,Evening,20180908,1709,1719,,Sun-Shaded,70,UD4H,4,1,2,1,,,1,,,,,,,,,,,,1,,,,,,,1,,,,,,1,1,,,,,,,,,,1,,
913,2018 People Staying Counts,GPR2,Weekend_Evening,Weekend,Evening,20180908,1709,1719,,Sun-Shaded,70,UD4H,5,1,2,,1,,1,,,,,,,,,,,,1,,,,,,,1,,,,,,,1,,,,,,,,,,1,,
914,2018 People Staying Counts,PIO2,Weekend_Midday,Weekend,Midday,20180714,1343,1353,,Sun-Shaded,74,UD4H,1,1,3,,1,,,1,,,,,,,,,,1,,,1,,,,,,,,,,,,1,,,,,,,,,,,,
915,2018 People Staying Counts,PIO2,Weekend_Midday,Weekend,Midday,20180714,1343,1353,,Sun-Shaded,74,UD4H,2,1,3,1,,,,1,,,,,,,,1,,,,,1,,,,,,,,,,,,1,,,,,,,,,,,,
"5,486",2018 People Staying Counts,RAI2,Weekend_Evening,Weekend,Evening,20180811,1723,1733,,Light Rain,75,UD4H,1,0,,,,,,,,,,,,,,,,,,,,,,,,,,,,,,,,,,,,,,,,,,,
916,2018 People Staying Counts,PIO2,Weekend_Midday,Weekend,Midday,20180714,1343,1353,,Sun-Shaded,74,UD4H,3,1,3,,1,,,,,,,,1,,,,,1,,,1,,,,,,,,,,,,1,,1,,,,,,,,,,
917,2018 People Staying Counts,PIO2,Weekend_Evening,Weekend,Evening,20180714,1733,1743,,Sun-Shaded,80,UD4H,1,1,1,1,,,,,1,,,,,,,,,1,,,1,,,,,,,,,,,,,,,,,,,1,,,,,
918,2018 People Staying Counts,PIO2,Weekday1_Morning,Weekday,Morning,20180716,0955,1005,,Sun-Shaded,80,UD4H,1,1,2,1,,,1,,,,,,,,,,,,1,,1,,,,,,,,,,,,,,,,,,1,,,,,,
919,2018 People Staying Counts,PIO2,Weekday1_Morning,Weekday,Morning,20180716,0955,1005,,Sun-Shaded,80,UD4H,2,1,2,1,,,,1,,,,,,,,,,,1,,1,,,,,,,,,,,,,,,,,,1,,,,,,
920,2018 People Staying Counts,PIO2,Weekday1_Midday,Weekday,Midday,20180716,1330,1340,,Sun-Shaded,75,UD4H,1,1,1,1,,,1,,,,,,,,,,1,,,,1,,,,,,,,,,,,,,1,,,,,,,,,,
921,2018 People Staying Counts,PIO2,Weekday1_Midday,Weekday,Midday,20180716,1330,1340,,Sun-Shaded,75,UD4H,2,1,1,1,,,,,,1,,,,,,,,,,1,,,,,,1,,,,,,,,,,,,,,1,,,,,
922,2018 People Staying Counts,PIO2,Weekday1_Evening,Weekday,Evening,20180716,1742,1752,,Sun-Shaded,81,UD4H,1,1,1,1,,,1,,,,,,,,,,,,1,,,,,,,1,,,,,,,1,,,,,,,,,,1,,
923,2018 People Staying Counts,PIO2,Weekday1_Evening,Weekday,Evening,20180716,1742,1752,,Sun-Shaded,81,UD4H,2,1,1,1,,,1,,,,,,,,,,,,1,,1,,,,,,,,,,,,,,1,,,,,,,,,,
924,2018 People Staying Counts,PIO2,Weekday1_Evening,Weekday,Evening,20180716,1742,1752,,Sun-Shaded,81,UD4H,3,1,2,1,,,1,,,,,,,,,,,1,,,1,,,,,,,,,,,,1,,,,,,,,,,,,
925,2018 People Staying Counts,PIO2,Weekday1_Evening,Weekday,Evening,20180716,1742,1752,,Sun-Shaded,81,UD4H,4,1,2,,1,,,,,,,,,1,,,,1,,,1,,,,,,,,,,,,1,,,,,,,,,,,,
926,2018 People Staying Counts,PIO2,Weekday2_Morning,Weekday,Morning,20180717,0958,1008,,Sun-Exposed,69,UD4H,1,1,2,1,,,,1,,,,,,,,,,,1,,1,,,,,,,,1,,,,1,,,,,,1,,,,,,
927,2018 People Staying Counts,PIO2,Weekday2_Morning,Weekday,Morning,20180717,0958,1008,,Sun-Exposed,69,UD4H,2,1,2,1,,,1,,,,,,,,,,,,1,,1,,,,,,,,,,,,1,,,,,,1,,,,,,
928,2018 People Staying Counts,PIO2,Weekday2_Midday,Weekday,Midday,20180717,1330,1340,,Sun-Shaded,78,UD4H,1,1,1,1,,,,1,,,,,,,,,,1,,,,,,,,1,,,,,,,,,,,,,,,,,1,1,
929,2018 People Staying Counts,PIO2,Weekday2_Evening,Weekday,Evening,20180717,1738,1748,,Sun-Exposed,84,UD4H,1,1,3,,1,,,,,,,,,1,,,1,,,,1,,,,,,,,,,,,1,1,1,,,,,,,,,,
930,2018 People Staying Counts,PIO2,Weekday2_Evening,Weekday,Evening,20180717,1738,1748,,Sun-Exposed,84,UD4H,2,1,3,1,,,,,,,,,,1,,,,1,,,1,,,,,,,,,,,,1,1,,,,,,,,,,,
931,2018 People Staying Counts,PIO2,Weekday2_Evening,Weekday,Evening,20180717,1738,1748,,Sun-Exposed,84,UD4H,3,1,3,1,,,,,,,,,,1,,,,1,,,1,,,,,,,,,,,,1,1,,,,,,,,,,,
932,2018 People Staying Counts,PIO2,Weekday2_Evening,Weekday,Evening,20180717,1738,1748,,Sun-Exposed,84,UD4H,4,1,1,1,,,1,,,,,,,,,,,1,,,,,,,,1,,,,,,,,,,,,,,,,,1,,
933,2018 People Staying Counts,UNI2,Weekday1_Morning,Weekday,Morning,20180816,0949,0959,,Heavy Clouds,65,UD4H,1,1,1,,1,,1,,,,,,,,,,1,,,,,,1,,,,,,,,,,,,1,,1,,,,,,,,
934,2018 People Staying Counts,UNI2,Weekday1_Midday,Weekday,Midday,20180816,1321,1331,,Heavy Clouds,69,UD4H,1,1,1,,1,,,,,1,,,,,,,1,,,,,,1,,,,,,,,,1,,,1,,1,,,,,,,,
935,2018 People Staying Counts,UNI2,Weekday1_Evening,Weekday,Evening,20180816,1709,1719,,Light Clouds,70,UD4H,1,0,,,,,,,,,,,,,,,,,,,,,,,,,,,,,,,,,,,,,,,,,,,
936,2018 People Staying Counts,UNI2,Weekday2_Morning,Weekday,Morning,20180817,0949,0959,,Heavy Clouds,59,UD4H,1,0,,,,,,,,,,,,,,,,,,,,,,,,,,,,,,,,,,,,,,,,,,,
937,2018 People Staying Counts,UNI2,Weekday2_Midday,Weekday,Midday,20180817,1323,1333,,Light Clouds,62,UD4H,1,1,1,1,,,,1,,,,,,,,,,,1,,,,1,,,,,,,,,,,,,,1,,,,,,,,
938,2018 People Staying Counts,UNI2,Weekday2_Evening,Weekday,Evening,20180817,1721,1731,,Light Clouds,73,UD4H,1,1,1,1,,,,1,,,,,,,,,,1,,,,1,,,,,,,,,,,,,,,1,,,1,,,,,
939,2018 People Staying Counts,UNI2,Weekend_Midday,Weekend,Midday,20180818,1336,1346,,Light Clouds,72,UD4H,1,0,,,,,,,,,,,,,,,,,,,,,,,,,,,,,,,,,,,,,,,,,,,
940,2018 People Staying Counts,UNI2,Weekend_Evening,Weekend,Evening,20180818,1712,1722,,Sun-Shaded,78,UD4H,1,1,1,1,,,,1,,,,,,,,,,1,,,,,1,,,,,,,,,,,,,,1,,,,,,,,
941,2018 People Staying Counts,BRY1,Weekday1_Morning,Weekday,Morning,20180830,0840,0850,,Heavy Clouds,62,UD4H,1,0,,,,,,,,,,,,,,,,,,,,,,,,,,,,,,,,,,,,,,,,,,,
942,2018 People Staying Counts,BRY1,Weekday1_Midday,Weekday,Midday,20180830,1228,1238,,Heavy Clouds,63,UD4H,1,0,,,,,,,,,,,,,,,,,,,,,,,,,,,,,,,,,,,,,,,,,,,
943,2018 People Staying Counts,BRY1,Weekday1_Evening,Weekday,Evening,20180830,1620,1630,,Sun-Exposed,72,UD4H,1,1,2,,1,,1,,,,,,,,,,,,1,,1,,,,,,,,,,1,,1,,,,,,,,,,,,
944,2018 People Staying Counts,BRY1,Weekday1_Evening,Weekday,Evening,20180830,1620,1630,,Sun-Exposed,72,UD4H,2,1,2,1,,,1,,,,,,,,,1,,,,,1,,,,,,,,,,1,,1,,,,,,,,,,,,
945,2018 People Staying Counts,BRY1,Weekday2_Morning,Weekday,Morning,20180831,0827,0837,,Light Clouds,60,UD4H,1,0,,,,,,,,,,,,,,,,,,,,,,,,,,,,,,,,,,,,,,,,,,,
946,2018 People Staying Counts,BRY1,Weekday2_Midday,Weekday,Midday,20180831,1231,1241,,Sun-Exposed,65,UD4H,1,1,1,1,,,1,,,,,,,,,,,1,,,,,,1,,,,,,,,,,,1,,,,,,,,,,
947,2018 People Staying Counts,BRY1,Weekday2_Midday,Weekday,Midday,20180831,1231,1241,,Sun-Exposed,65,UD4H,2,1,1,,1,,1,,,,,,,,,,1,,,,1,,,,,,,,,,1,,,,,1,,,,,,,,,
948,2018 People Staying Counts,BRY1,Weekday2_Evening,Weekday,Evening,20180831,1622,1632,,Sun-Exposed,68,UD4H,1,1,1,,1,,1,,,,,,,,,,1,,,,,,1,,,,,,,,,,,,1,,,,,,,,,,
949,2018 People Staying Counts,BRY1,Weekend_Midday,Weekend,Midday,20180901,1220,1230,,Sun-Exposed,67,UD4H,1,1,2,,1,,1,,,,,,,,,,,,1,,,,1,,,,,,,,,,1,,,,,,,,,,,,
950,2018 People Staying Counts,BRY1,Weekend_Midday,Weekend,Midday,20180901,1220,1230,,Sun-Exposed,67,UD4H,2,1,2,,1,,1,,,,,,,,,,,,1,,,,1,,,,,,,,,,1,,,,,,,,,,,,
951,2018 People Staying Counts,BRY1,Weekend_Midday,Weekend,Midday,20180901,1220,1230,,Sun-Exposed,67,UD4H,3,1,1,1,,,1,,,,,,,,,,,,1,,,,1,,,,,,,,1,1,,,,,,,,,,,,,
952,2018 People Staying Counts,BRY1,Weekend_Evening,Weekend,Evening,20180901,1635,1645,,Sun-Exposed,70,UD4H,1,0,,,,,,,,,,,,,,,,,,,,,,,,,,,,,,,,,,,,,,,,,,,
953,2018 People Staying Counts,BAL4,Weekday1_Morning,Weekday,Morning,20180731,0921,0931,,Heavy Clouds,65,UD4H,1,1,1,1,,,1,,,,,,,,,,,,1,,1,,,,,,,,,,,,,,1,,,,,,,,,,
954,2018 People Staying Counts,BAL4,Weekday1_Morning,Weekday,Morning,20180731,0921,0931,,Heavy Clouds,65,UD4H,2,1,1,,1,,1,,,,,,,,,,,1,,,1,,,,,,,,,,,,,,,,1,,,,,,,,
955,2018 People Staying Counts,BAL4,Weekday1_Morning,Weekday,Morning,20180731,0921,0931,,Heavy Clouds,65,UD4H,3,1,1,1,,,1,,,,,,,,,,,1,,,1,,,,,,,,,,,,,,1,,,,,,,,,,
956,2018 People Staying Counts,BAL4,Weekday1_Morning,Weekday,Morning,20180731,0921,0931,,Heavy Clouds,65,UD4H,4,1,1,1,,,1,,,,,,,,,,,,1,,1,,,,,,,,,,,,,,1,,,,,1,,,,,
957,2018 People Staying Counts,BAL4,Weekday1_Midday,Weekday,Midday,20180731,1327,1337,,Sun-Shaded,72,UD4H,1,1,2,,1,,1,,,,,,,,,,,1,,,1,,,,,,,,,,,,,,1,,,,,,,,,,
958,2018 People Staying Counts,BAL4,Weekday1_Midday,Weekday,Midday,20180731,1327,1337,,Sun-Shaded,72,UD4H,2,1,2,,,1,1,,,,,,,,1,,,,,,,,,,1,,,,,,,,,,,,1,,,,,,,,
959,2018 People Staying Counts,BAL4,Weekday1_Midday,Weekday,Midday,20180731,1327,1337,,Sun-Shaded,72,UD4H,3,1,1,1,,,,,,1,,,,,,,,1,,,1,,,,,,,,,,,,,,1,,,,,,,,,,
960,2018 People Staying Counts,BAL4,Weekday1_Midday,Weekday,Midday,20180731,1327,1337,,Sun-Shaded,72,UD4H,4,1,4,1,,,1,,,,,,,,,,,1,,,1,,,,,,,,,,1,,,,,,,,,,,,,,
961,2018 People Staying Counts,BAL4,Weekday1_Midday,Weekday,Midday,20180731,1327,1337,,Sun-Shaded,72,UD4H,5,1,4,,1,,1,,,,,,,,,,,1,,,1,,,,,,,,,,,,1,,,,,,,,,,,,
962,2018 People Staying Counts,BAL4,Weekday1_Midday,Weekday,Midday,20180731,1327,1337,,Sun-Shaded,72,UD4H,6,1,4,,1,,1,,,,,,,,,1,,,,,1,,,,,,,,,,,,1,,,,,,,,,,,,
963,2018 People Staying Counts,BAL4,Weekday1_Midday,Weekday,Midday,20180731,1327,1337,,Sun-Shaded,72,UD4H,7,1,4,,1,,1,,,,,,,,,1,,,,,1,,,,,,,,,,,,1,,,,,,,,,,,,
964,2018 People Staying Counts,BAL4,Weekday1_Midday,Weekday,Midday,20180731,1327,1337,,Sun-Shaded,72,UD4H,8,1,1,,1,,1,,,,,,,,,,,1,,,1,,,,,,,,,,1,,,,,,,,,,,,,,
965,2018 People Staying Counts,BAL4,Weekday1_Midday,Weekday,Midday,20180731,1327,1337,,Sun-Shaded,72,UD4H,9,1,1,,1,,1,,,,,,,,,,1,,,,1,,,,,,,,,,,,,,1,,,,,,,,,,
966,2018 People Staying Counts,BAL4,Weekday1_Midday,Weekday,Midday,20180731,1327,1337,,Sun-Shaded,72,UD4H,10,1,1,,1,,,1,,,,,,,,,,1,,,1,,,,,,,,,,,,,,,,1,,,,,,,,
967,2018 People Staying Counts,BAL4,Weekday1_Midday,Weekday,Midday,20180731,1327,1337,,Sun-Shaded,72,UD4H,11,1,1,1,,,,1,,,,,,,,,,1,,,1,,,,,,,,,,,,1,,,,1,,,,,,,,
968,2018 People Staying Counts,BAL4,Weekday1_Midday,Weekday,Midday,20180731,1327,1337,,Sun-Shaded,72,UD4H,12,1,2,,1,,,1,,,,,,,,,1,,,,1,,,,,,,,,,,,1,,,,,,,,,,,,
969,2018 People Staying Counts,BAL4,Weekday1_Midday,Weekday,Midday,20180731,1327,1337,,Sun-Shaded,72,UD4H,13,1,2,,1,,1,,,,,,,,,,1,,,,1,,,,,,,,,,,,1,,,,,,,,,,,,
970,2018 People Staying Counts,BAL4,Weekday1_Midday,Weekday,Midday,20180731,1327,1337,,Sun-Shaded,72,UD4H,14,1,2,1,,,1,,,,,,,,,,,1,,,1,,,,,,,,,,,,1,,,,,,,1,,,,,
971,2018 People Staying Counts,BAL4,Weekday1_Midday,Weekday,Midday,20180731,1327,1337,,Sun-Shaded,72,UD4H,15,1,2,1,,,1,,,,,,,,,,,1,,,1,,,,,,,,,,,,1,,,,,,,,,,,,
972,2018 People Staying Counts,BAL4,Weekday1_Evening,Weekday,Evening,20180731,1716,1726,,Sun-Shaded,82,UD4H,1,1,2,1,,,1,,,,,,,,,,,,,1,,,1,,,,,,,,,1,,,,,,,,,,,,,
973,2018 People Staying Counts,BAL4,Weekday1_Evening,Weekday,Evening,20180731,1716,1726,,Sun-Shaded,82,UD4H,2,1,2,,1,,1,,,,,,,,,,,,,1,,,1,,,,,,,,,1,,,,,,,,,,,,,
974,2018 People Staying Counts,BAL4,Weekday1_Evening,Weekday,Evening,20180731,1716,1726,,Sun-Shaded,82,UD4H,3,1,1,1,,,,,,,,1,,,,,,1,,,1,,,,,,,,,,,,,,1,,,,,,,,,,
975,2018 People Staying Counts,BAL4,Weekday1_Evening,Weekday,Evening,20180731,1716,1726,,Sun-Shaded,82,UD4H,4,1,2,1,,,1,,,,,,,,,,1,,,,1,,,,,,,,,,1,,,,,,,,,,,,,,
976,2018 People Staying Counts,BAL4,Weekday1_Evening,Weekday,Evening,20180731,1716,1726,,Sun-Shaded,82,UD4H,5,1,2,,1,,1,,,,,,,,,,1,,,,1,,,,,,,,,,1,,,,,,,,,,,,,,
977,2018 People Staying Counts,BAL4,Weekday1_Evening,Weekday,Evening,20180731,1716,1726,,Sun-Shaded,82,UD4H,6,1,1,,1,,1,,,,,,,,,,,,1,,1,,,,,,,,,,,,,,,,1,,,,,,,,
978,2018 People Staying Counts,BAL4,Weekday1_Evening,Weekday,Evening,20180731,1716,1726,,Sun-Shaded,82,UD4H,7,1,1,,1,,1,,,,,,,,,,,1,,,1,,,,,,,,,,1,,,,,,,,,,,,,,
979,2018 People Staying Counts,BAL4,Weekday1_Evening,Weekday,Evening,20180731,1716,1726,,Sun-Shaded,82,UD4H,8,1,2,,1,,1,,,,,,,,,,,1,,,,,1,,,,,,,,,1,1,,,,,,,,,,,,
980,2018 People Staying Counts,BAL4,Weekday1_Evening,Weekday,Evening,20180731,1716,1726,,Sun-Shaded,82,UD4H,9,1,2,,1,,1,,,,,,,,,,1,,,,,,1,,,,,,,,,1,1,,,,,,,,,,,,
981,2018 People Staying Counts,BAL4,Weekday1_Evening,Weekday,Evening,20180731,1716,1726,,Sun-Shaded,82,UD4H,10,1,1,,1,,1,,,,,,,,,,,1,,,1,,,,,,,,,,1,,,,,,,,,,,,,,
982,2018 People Staying Counts,BAL4,Weekday1_Evening,Weekday,Evening,20180731,1716,1726,,Sun-Shaded,82,UD4H,11,1,2,1,,,1,,,,,,,,,,,1,,,1,,,,,,,,,,1,,1,,,,,,,,,,,,
983,2018 People Staying Counts,BAL4,Weekday1_Evening,Weekday,Evening,20180731,1716,1726,,Sun-Shaded,82,UD4H,12,1,2,,1,,1,,,,,,,,,,,1,,,1,,,,,,,,,,1,,1,,,,,,,,,,,,
984,2018 People Staying Counts,BAL4,Weekday1_Evening,Weekday,Evening,20180731,1716,1726,,Sun-Shaded,82,UD4H,13,1,1,1,,,,1,,,,,,,,,,1,,,1,,,,,,,,,,,,,,1,,,,,,,,,,
985,2018 People Staying Counts,BAL4,Weekday1_Evening,Weekday,Evening,20180731,1716,1726,,Sun-Shaded,82,UD4H,14,1,4,1,,,,,,1,,,,,,,,1,,,1,,,,,,,,,,,,1,,,,,,,,,,,,
986,2018 People Staying Counts,BAL4,Weekday1_Evening,Weekday,Evening,20180731,1716,1726,,Sun-Shaded,82,UD4H,15,1,4,1,,,1,,,,,,,,,,,1,,,1,,,,,,,,,,,,1,,,,,,,,,,,,
987,2018 People Staying Counts,BAL4,Weekday1_Evening,Weekday,Evening,20180731,1716,1726,,Sun-Shaded,82,UD4H,16,1,4,,1,,1,,,,,,,,,,,1,,,1,,,,,,,,,,,,1,,,,,,,,,,,,
988,2018 People Staying Counts,BAL4,Weekday1_Evening,Weekday,Evening,20180731,1716,1726,,Sun-Shaded,82,UD4H,17,1,4,,1,,1,,,,,,,,,,,1,,,1,,,,,,,,,,,,1,,,,,,,,,,,,
989,2018 People Staying Counts,BAL4,Weekday1_Evening,Weekday,Evening,20180731,1716,1726,,Sun-Shaded,82,UD4H,18,1,1,1,,,1,,,,,,,,,,,1,,,1,,,,,,,,,,,,,,1,,,,,,,,,,
990,2018 People Staying Counts,BAL4,Weekday2_Morning,Weekday,Morning,20180801,0925,0935,,Heavy Clouds,61,UD4H,1,1,1,1,,,,1,,,,,,,,,,1,,,1,,,,,,,,,,,,,,,,,,1,,,,,,
991,2018 People Staying Counts,BAL4,Weekday2_Morning,Weekday,Morning,20180801,0925,0935,,Heavy Clouds,61,UD4H,2,1,1,1,,,1,,,,,,,,,,,,1,,1,,,,,,,,,,,,,,,,,,1,,,,,,
992,2018 People Staying Counts,BAL4,Weekday2_Morning,Weekday,Morning,20180801,0925,0935,,Heavy Clouds,61,UD4H,3,1,1,1,,,1,,,,,,,,,,,,1,,1,,,,,,,,,,,,,,,,1,,,,,,,,
993,2018 People Staying Counts,BAL4,Weekday2_Morning,Weekday,Morning,20180801,0925,0935,,Heavy Clouds,61,UD4H,4,1,1,1,,,1,,,,,,,,,,,1,,,,1,,,,,,,,,,,,,1,,,,,,,,,,
994,2018 People Staying Counts,BAL4,Weekday2_Morning,Weekday,Morning,20180801,0925,0935,,Heavy Clouds,61,UD4H,5,1,1,1,,,1,,,,,,,,,,,,1,,1,,,,,,,,,,,,,,,,1,,,,,,,,
995,2018 People Staying Counts,BAL4,Weekday2_Morning,Weekday,Morning,20180801,0925,0935,,Heavy Clouds,61,UD4H,6,1,1,,1,,1,,,,,,,,,,,,1,,1,,,,,,,,,,,,,,1,,,,,,,,,,
996,2018 People Staying Counts,BAL4,Weekday2_Morning,Weekday,Morning,20180801,0925,0935,,Heavy Clouds,61,UD4H,7,1,2,1,,,1,,,,,,,,,,,1,,,1,,,,,,,,,,,,1,,,,,,,,,,,,
997,2018 People Staying Counts,BAL4,Weekday2_Morning,Weekday,Morning,20180801,0925,0935,,Heavy Clouds,61,UD4H,8,1,2,1,,,1,,,,,,,,,,,1,,,1,,,,,,,,,,,,1,,,,,,,,,,,,
998,2018 People Staying Counts,BAL4,Weekday2_Morning,Weekday,Morning,20180801,0925,0935,,Heavy Clouds,61,UD4H,9,1,1,1,,,1,,,,,,,,,,,1,,,1,,,,,,,,,,,,,,1,,,,,1,,,,,
999,2018 People Staying Counts,BAL4,Weekday2_Midday,Weekday,Midday,20180801,1321,1331,,Heavy Clouds,65,UD4H,1,1,1,1,,,1,,,,,,,,,,,,1,,1,,,,,,,,,,,,,,1,,,,,1,,,,,
"1,000",2018 People Staying Counts,BAL4,Weekday2_Midday,Weekday,Midday,20180801,1321,1331,,Heavy Clouds,65,UD4H,2,1,1,1,,,1,,,,,,,,,,,,,1,1,,,,,,,,,,,,,,1,,,,,,,1,,,
"1,001",2018 People Staying Counts,BAL4,Weekday2_Midday,Weekday,Midday,20180801,1321,1331,,Heavy Clouds,65,UD4H,3,1,1,,1,,1,,,,,,,,,,,,1,,1,,,,,,,,,,1,,,,,,,,,,,,,,
"1,002",2018 People Staying Counts,BAL4,Weekday2_Midday,Weekday,Midday,20180801,1321,1331,,Heavy Clouds,65,UD4H,4,1,1,,1,,1,,,,,,,,,,,,1,,1,,,,,,,,,,,,,,,,,,1,,,,,,
"1,003",2018 People Staying Counts,BAL4,Weekday2_Midday,Weekday,Midday,20180801,1321,1331,,Heavy Clouds,65,UD4H,5,1,2,1,,,1,,,,,,,,,,,1,,,1,,,,,,,,,,,,1,,,,,,1,,,,,,
"1,004",2018 People Staying Counts,BAL4,Weekday2_Midday,Weekday,Midday,20180801,1321,1331,,Heavy Clouds,65,UD4H,6,1,2,1,,,,,,1,,,,,,,,1,,,1,,,,,,,,,,,,1,,,,,,1,,,,,,
"1,005",2018 People Staying Counts,BAL4,Weekday2_Midday,Weekday,Midday,20180801,1321,1331,,Heavy Clouds,65,UD4H,7,1,1,,1,,1,,,,,,,,,,,1,,,1,,,,,,,,,,,,,,1,,,,,,,,,,
"1,006",2018 People Staying Counts,BAL4,Weekday2_Midday,Weekday,Midday,20180801,1321,1331,,Heavy Clouds,65,UD4H,8,1,1,,1,,1,,,,,,,,,,,,,1,1,,,,,,,,,,,,,,,,1,,,,,,,,
"1,007",2018 People Staying Counts,BAL4,Weekday2_Midday,Weekday,Midday,20180801,1321,1331,,Heavy Clouds,65,UD4H,9,1,1,,1,,,1,,,,,,,,,1,,,,1,,,,,,,,,,,,,,1,,,,,,,,,,
"1,008",2018 People Staying Counts,BAL4,Weekday2_Midday,Weekday,Midday,20180801,1321,1331,,Heavy Clouds,65,UD4H,10,1,1,1,,,,,,1,,,,,,,1,,,,1,,,,,,,,,,,,,,1,,,,,,,,,,
"1,009",2018 People Staying Counts,BAL4,Weekday2_Midday,Weekday,Midday,20180801,1321,1331,,Heavy Clouds,65,UD4H,11,1,1,,1,,1,,,,,,,,,,,,1,,1,,,,,,,,,,1,,,,,,,,,,,,,,
"1,010",2018 People Staying Counts,BAL4,Weekday2_Evening,Weekday,Evening,20180801,1723,1733,,Sun-Shaded,76,UD4H,1,1,1,,1,,1,,,,,,,,,,,1,,,1,,,,,,,,,,,,,,1,,,,,,,,,,
"1,011",2018 People Staying Counts,BAL4,Weekday2_Evening,Weekday,Evening,20180801,1723,1733,,Sun-Shaded,76,UD4H,2,1,1,1,,,1,,,,,,,,,,,1,,,1,,,,,,,,,,,,,,1,,,,,,,,,,
"1,012",2018 People Staying Counts,BAL4,Weekday2_Evening,Weekday,Evening,20180801,1723,1733,,Sun-Shaded,76,UD4H,3,1,2,1,,,1,,,,,,,,,,,,1,,,,1,,,,,,,,,1,1,,,,,,,,,,,,
"1,013",2018 People Staying Counts,BAL4,Weekday2_Evening,Weekday,Evening,20180801,1723,1733,,Sun-Shaded,76,UD4H,4,1,2,,1,,1,,,,,,,,,,,,1,,,,1,,,,,,,,,1,1,,,,,,,,,,,,
"1,014",2018 People Staying Counts,BAL4,Weekday2_Evening,Weekday,Evening,20180801,1723,1733,,Sun-Shaded,76,UD4H,5,1,2,1,,,1,,,,,,,,,,,1,,,1,,,,,,,,,,1,,,,,,,,,,,,,,
"1,015",2018 People Staying Counts,BAL4,Weekday2_Evening,Weekday,Evening,20180801,1723,1733,,Sun-Shaded,76,UD4H,6,1,2,,1,,1,,,,,,,,,,,1,,,1,,,,,,,,,,1,,,,,,,,,,,,,,
"1,016",2018 People Staying Counts,BAL4,Weekday2_Evening,Weekday,Evening,20180801,1723,1733,,Sun-Shaded,76,UD4H,7,1,2,1,,,1,,,,,,,,,,,,1,,1,,,,,,,,,,1,,,,,,,,,,,,,,
"1,017",2018 People Staying Counts,BAL4,Weekday2_Evening,Weekday,Evening,20180801,1723,1733,,Sun-Shaded,76,UD4H,8,1,2,,1,,1,,,,,,,,,,,,1,,1,,,,,,,,,,1,,1,,,,,,,,,,,,
"1,018",2018 People Staying Counts,BAL4,Weekday2_Evening,Weekday,Evening,20180801,1723,1733,,Sun-Shaded,76,UD4H,9,1,1,1,,,1,,,,,,,,,,,,1,,1,,,,,,,,1,,1,,,,1,,,,,,,,,,
"1,019",2018 People Staying Counts,BAL4,Weekday2_Evening,Weekday,Evening,20180801,1723,1733,,Sun-Shaded,76,UD4H,10,1,1,,1,,1,,,,,,,,,,,1,,,,,,1,,,,,,,,1,,,,,,,,,,,,,
"1,020",2018 People Staying Counts,BAL4,Weekday2_Evening,Weekday,Evening,20180801,1723,1733,,Sun-Shaded,76,UD4H,11,1,2,1,,,1,,,,,,,,,,,1,,,1,,,,,,,,,,,,1,,,,,,,,,,,,
"1,021",2018 People Staying Counts,BAL4,Weekday2_Evening,Weekday,Evening,20180801,1723,1733,,Sun-Shaded,76,UD4H,12,1,2,1,,,1,,,,,,,,,,,1,,,1,,,,,,,,,,,,1,,,,,,,,,,,,
"1,022",2018 People Staying Counts,BAL4,Weekday2_Evening,Weekday,Evening,20180801,1723,1733,,Sun-Shaded,76,UD4H,13,1,1,,1,,1,,,,,,,,,,,1,,,1,,,,,,,,,,1,,,,,,,,,,,,,,
"1,023",2018 People Staying Counts,BAL4,Weekday2_Evening,Weekday,Evening,20180801,1723,1733,,Sun-Shaded,76,UD4H,14,1,6,1,,,1,,,,,,,,,,,,1,,1,,,,,,,,,,,,1,,,,,,,,,,,,
"1,024",2018 People Staying Counts,BAL4,Weekday2_Evening,Weekday,Evening,20180801,1723,1733,,Sun-Shaded,76,UD4H,15,1,6,1,,,1,,,,,,,,,,,1,,,1,,,,,,,,,,,,1,,,,,,,,,,,,
"1,025",2018 People Staying Counts,BAL4,Weekday2_Evening,Weekday,Evening,20180801,1723,1733,,Sun-Shaded,76,UD4H,16,1,6,1,,,1,,,,,,,,1,,,,,,1,,,,,,,,,,,,1,,,,,,,,,,,,
"1,026",2018 People Staying Counts,BAL4,Weekday2_Evening,Weekday,Evening,20180801,1723,1733,,Sun-Shaded,76,UD4H,17,1,6,1,,,1,,,,,,,,,1,,,,,1,,,,,,,,,,,,1,,,,,,,,,,,,
"1,027",2018 People Staying Counts,BAL4,Weekday2_Evening,Weekday,Evening,20180801,1723,1733,,Sun-Shaded,76,UD4H,18,1,6,,1,,1,,,,,,,,,,,,1,,1,,,,,,,,,,,,1,,,,,,,,,,,,
"1,028",2018 People Staying Counts,BAL4,Weekday2_Evening,Weekday,Evening,20180801,1723,1733,,Sun-Shaded,76,UD4H,19,1,6,,1,,1,,,,,,,,,,,1,,,1,,,,,,,,,,,,1,,,,,,,,,,,,
"1,029",2018 People Staying Counts,BAL4,Weekend_Midday,Weekend,Midday,20180804,1322,1332,,Sun-Shaded,71,UD4H,1,1,1,1,,,,,,1,,,,,,,,,,1,1,,,,,,,,,,,,,,1,,,,,,,,,,
"1,030",2018 People Staying Counts,BAL4,Weekend_Midday,Weekend,Midday,20180804,1322,1332,,Sun-Shaded,71,UD4H,2,1,1,1,,,1,,,,,,,,,,,,1,,1,,,,,,,,,,,,,,1,,,,,,,,,,
"1,031",2018 People Staying Counts,BAL4,Weekend_Midday,Weekend,Midday,20180804,1322,1332,,Sun-Shaded,71,UD4H,3,1,3,1,,,1,,,,,,,,,,,1,,,,,1,,,,,,,,,1,,,,,,,,,,,,,
"1,032",2018 People Staying Counts,BAL4,Weekend_Midday,Weekend,Midday,20180804,1322,1332,,Sun-Shaded,71,UD4H,4,1,3,,1,,1,,,,,,,,,,,1,,,,,1,,,,,,,,,1,,,,,,,,,,,,,
"1,033",2018 People Staying Counts,BAL4,Weekend_Midday,Weekend,Midday,20180804,1322,1332,,Sun-Shaded,71,UD4H,5,1,3,1,,,1,,,,,,,,1,,,,,,,,1,,,,,,,,,1,,,,,,,,,,,,,
"1,034",2018 People Staying Counts,BAL4,Weekend_Midday,Weekend,Midday,20180804,1322,1332,,Sun-Shaded,71,UD4H,6,1,1,,1,,1,,,,,,,,,,1,,,,,,1,,,,,,,,,1,,,,,,,,,,,,,
"1,035",2018 People Staying Counts,BAL4,Weekend_Midday,Weekend,Midday,20180804,1322,1332,,Sun-Shaded,71,UD4H,7,1,1,,1,,1,,,,,,,,,,,,1,,1,,,,,,,,,,,,,,,,1,,,,,,,,
"1,036",2018 People Staying Counts,BAL4,Weekend_Midday,Weekend,Midday,20180804,1322,1332,,Sun-Shaded,71,UD4H,8,1,1,1,,,1,,,,,,,,,,,,1,,1,,,,,,,,,,,,,,1,,,,,,,,,,
"1,037",2018 People Staying Counts,BAL4,Weekend_Midday,Weekend,Midday,20180804,1322,1332,,Sun-Shaded,71,UD4H,9,1,2,,1,,1,,,,,,,,,,,,1,,,,1,,,,,,,,,1,,,,,,,,,,,,,
"1,038",2018 People Staying Counts,BAL4,Weekend_Midday,Weekend,Midday,20180804,1322,1332,,Sun-Shaded,71,UD4H,10,1,2,,1,,1,,,,,,,,,,1,,,,,,1,,,,,,,,,1,,,,,,,,,,,,,
"1,039",2018 People Staying Counts,BAL4,Weekend_Midday,Weekend,Midday,20180804,1322,1332,,Sun-Shaded,71,UD4H,11,1,1,,1,,1,,,,,,,,,,,1,,,1,,,,,,,,,,1,,,,,,,,,,,,,,
"1,040",2018 People Staying Counts,BAL4,Weekend_Midday,Weekend,Midday,20180804,1322,1332,,Sun-Shaded,71,UD4H,12,1,1,,1,,1,,,,,,,,,,,,1,,1,,,,,,,,,,1,,,,,,,,,,,,,,
"1,041",2018 People Staying Counts,BAL4,Weekend_Evening,Weekend,Evening,20180804,1721,1731,,Sun-Shaded,77,UD4H,1,1,3,,1,,,1,,,,,,,,,,1,,,,,1,,,,,,,,,,,,,,1,,,,,,,,
"1,042",2018 People Staying Counts,BAL4,Weekend_Evening,Weekend,Evening,20180804,1721,1731,,Sun-Shaded,77,UD4H,2,1,3,1,,,,1,,,,,,,,1,,,,,,,1,,,,,,,,,,1,,,,,,,,,,,,
"1,043",2018 People Staying Counts,BAL4,Weekend_Evening,Weekend,Evening,20180804,1721,1731,,Sun-Shaded,77,UD4H,3,1,3,1,,,,1,,,,,,,1,,,,,,,,1,,,,,,,,,,1,,,,,,,,,,,,
"1,044",2018 People Staying Counts,BAL4,Weekend_Evening,Weekend,Evening,20180804,1721,1731,,Sun-Shaded,77,UD4H,4,1,3,1,,,,,,1,,,,,,,,1,,,1,,,,,,,,,,,,1,,,,,,,,,,,,
"1,045",2018 People Staying Counts,BAL4,Weekend_Evening,Weekend,Evening,20180804,1721,1731,,Sun-Shaded,77,UD4H,5,1,3,,1,,1,,,,,,,,,,,1,,,1,,,,,,,,,,,,1,,,,,,,,,,,,
"1,046",2018 People Staying Counts,BAL4,Weekend_Evening,Weekend,Evening,20180804,1721,1731,,Sun-Shaded,77,UD4H,6,1,3,,1,,,,,1,,,,,,,1,,,,1,,,,,,,,,,,,1,,,,,,,,,,,,
"1,047",2018 People Staying Counts,BAL4,Weekend_Evening,Weekend,Evening,20180804,1721,1731,,Sun-Shaded,77,UD4H,7,1,2,1,,,,,,1,,,,,,,,1,,,,,1,,,,,,,,,1,1,,,,,,,,,,,,
"1,048",2018 People Staying Counts,BAL4,Weekend_Evening,Weekend,Evening,20180804,1721,1731,,Sun-Shaded,77,UD4H,8,1,2,,1,,,,,1,,,,,,,,1,,,,,1,,,,,,,,,1,1,,,,,,,,,,,,
"1,049",2018 People Staying Counts,BAL4,Weekend_Evening,Weekend,Evening,20180804,1721,1731,,Sun-Shaded,77,UD4H,9,1,1,,1,,,,,1,,,,,,,,1,,,1,,,,,,,,,,,1,,,,,,,,,,,,,
"1,050",2018 People Staying Counts,BAL4,Weekend_Evening,Weekend,Evening,20180804,1721,1731,,Sun-Shaded,77,UD4H,10,1,1,1,,,1,,,,,,,,,,,,1,,1,,,,,,,,,,1,,,,,,,,,,,,,,
"1,051",2018 People Staying Counts,BAL4,Weekend_Evening,Weekend,Evening,20180804,1721,1731,,Sun-Shaded,77,UD4H,11,1,1,,1,,1,,,,,,,,,,,1,,,,,,,,1,,,,,,,,,,,1,,,,,,,,
"1,052",2018 People Staying Counts,BAL4,Weekend_Evening,Weekend,Evening,20180804,1721,1731,,Sun-Shaded,77,UD4H,12,1,3,1,,,1,,,,,,,,,,,,1,,1,,,,,,,,,,1,,,,,,,,,,,,,,
"1,053",2018 People Staying Counts,BAL4,Weekend_Evening,Weekend,Evening,20180804,1721,1731,,Sun-Shaded,77,UD4H,13,1,3,,1,,1,,,,,,,,,,,,1,,1,,,,,,,,,,,,1,,,,,,,,,,,,
"1,054",2018 People Staying Counts,BAL4,Weekend_Evening,Weekend,Evening,20180804,1721,1731,,Sun-Shaded,77,UD4H,14,1,3,,1,,1,,,,,,,,,,,,1,,1,,,,,,,,,,,,1,,,,,,,,,,,,
"1,055",2018 People Staying Counts,BAL4,Weekend_Evening,Weekend,Evening,20180804,1721,1731,,Sun-Shaded,77,UD4H,15,1,1,1,,,,1,,,,,,,,,,1,,,1,,,,,,,,,,,1,,,,,,,,,,,,,
"1,056",2018 People Staying Counts,BAL4,Weekend_Evening,Weekend,Evening,20180804,1721,1731,,Sun-Shaded,77,UD4H,16,1,2,,1,,1,,,,,,,,,,,1,,,1,,,,,,,,,,1,,,,,,,,,,,,,,
"1,057",2018 People Staying Counts,BAL4,Weekend_Evening,Weekend,Evening,20180804,1721,1731,,Sun-Shaded,77,UD4H,17,1,2,1,,,1,,,,,,,,,,,1,,,1,,,,,,,,,,1,,,,,,,,,,,,,,
"1,058",2018 People Staying Counts,BAL4,Weekend_Evening,Weekend,Evening,20180804,1721,1731,,Sun-Shaded,77,UD4H,18,1,2,1,,,,1,,,,,,,,,,1,,,1,,,,,,,,,,,,1,,,,,,,,,,,,
"1,059",2018 People Staying Counts,BAL4,Weekend_Evening,Weekend,Evening,20180804,1721,1731,,Sun-Shaded,77,UD4H,19,1,2,,1,,,1,,,,,,,,,,1,,,1,,,,,,,,,,,,1,,,,,,,,,,,,
"1,060",2018 People Staying Counts,BAL4,Weekend_Evening,Weekend,Evening,20180804,1721,1731,,Sun-Shaded,77,UD4H,20,1,2,1,,,1,,,,,,,,,,,1,,,1,,,,,,,,,,1,,1,,,,,,,,,,,,
"1,061",2018 People Staying Counts,BAL4,Weekend_Evening,Weekend,Evening,20180804,1721,1731,,Sun-Shaded,77,UD4H,21,1,2,,1,,1,,,,,,,,,,,1,,,1,,,,,,,,,,1,,1,,,,,,,,,,,,
"1,062",2018 People Staying Counts,BAL4,Weekend_Evening,Weekend,Evening,20180804,1721,1731,,Sun-Shaded,77,UD4H,22,1,2,1,,,1,,,,,,,,,,,1,,,1,,,,,,,,,,,,1,,,,,,,1,,,,,
"1,063",2018 People Staying Counts,BAL4,Weekend_Evening,Weekend,Evening,20180804,1721,1731,,Sun-Shaded,77,UD4H,23,1,2,,1,,1,,,,,,,,,,,1,,,1,,,,,,,,,,,,,,,,,,,1,,,,,
"1,064",2018 People Staying Counts,BAL4,Weekend_Evening,Weekend,Evening,20180804,1721,1731,,Sun-Shaded,77,UD4H,24,1,4,1,,,1,,,,,,,,,,,1,,,1,,,,,,,,,,1,,,,,,,,,,,,,,
"1,065",2018 People Staying Counts,BAL4,Weekend_Evening,Weekend,Evening,20180804,1721,1731,,Sun-Shaded,77,UD4H,25,1,4,1,,,1,,,,,,,,,,,1,,,1,,,,,,,,,,1,,,,,,,,,,,,,,
"1,066",2018 People Staying Counts,BAL4,Weekend_Evening,Weekend,Evening,20180804,1721,1731,,Sun-Shaded,77,UD4H,26,1,4,,1,,1,,,,,,,,,,,1,,,1,,,,,,,,,,1,,,,,,,,,,,,,,
"1,067",2018 People Staying Counts,BAL4,Weekend_Evening,Weekend,Evening,20180804,1721,1731,,Sun-Shaded,77,UD4H,27,1,4,,1,,1,,,,,,,,,,,1,,,1,,,,,,,,,,1,,1,,,,,,,,,,,,
"1,068",2018 People Staying Counts,BAL4,Weekend_Evening,Weekend,Evening,20180804,1721,1731,,Sun-Shaded,77,UD4H,28,1,2,1,,,1,,,,,,,,,,,1,,,1,,,,,,,,,,,,1,,,,,,,,,,,,
"1,069",2018 People Staying Counts,BAL4,Weekend_Evening,Weekend,Evening,20180804,1721,1731,,Sun-Shaded,77,UD4H,29,1,2,,1,,1,,,,,,,,,,,1,,,1,,,,,,,,,,,,1,,,,,,,,,,,,
"1,070",2018 People Staying Counts,BAL4,Weekend_Evening,Weekend,Evening,20180804,1721,1731,,Sun-Shaded,77,UD4H,30,1,2,1,,,1,,,,,,,,,,,1,,,1,,,,,,,,,,1,,1,,,,,,,,,,,,
"1,071",2018 People Staying Counts,BAL4,Weekend_Evening,Weekend,Evening,20180804,1721,1731,,Sun-Shaded,77,UD4H,31,1,2,,1,,1,,,,,,,,,,,1,,,1,,,,,,,,,,1,,1,,,,,,,,,,,,
"1,072",2018 People Staying Counts,BAL4,Weekend_Evening,Weekend,Evening,20180804,1721,1731,,Sun-Shaded,77,UD4H,32,1,2,1,,,1,,,,,,,,,,,1,,,1,,,,,,,,,,1,,1,,,,,,,,,,,,
"1,073",2018 People Staying Counts,BAL4,Weekend_Evening,Weekend,Evening,20180804,1721,1731,,Sun-Shaded,77,UD4H,33,1,2,,1,,1,,,,,,,,,,,1,,,1,,,,,,,,,,1,,1,,,,,,,,,,,,
"1,074",2018 People Staying Counts,BAL4,Weekend_Evening,Weekend,Evening,20180804,1721,1731,,Sun-Shaded,77,UD4H,34,1,2,1,,,,,,1,,,,,,,,1,,,1,,,,,,,,,,,1,,,,,,,,,,,,,
"1,075",2018 People Staying Counts,BAL4,Weekend_Evening,Weekend,Evening,20180804,1721,1731,,Sun-Shaded,77,UD4H,35,1,2,,1,,,,,1,,,,,,,,1,,,1,,,,,,,,,,,1,,,,,,,,,,,,,
"1,076",2018 People Staying Counts,BAL4,Weekend_Evening,Weekend,Evening,20180804,1721,1731,,Sun-Shaded,77,UD4H,36,1,3,1,,,,,,1,,,,,,,,1,,,1,,,,,,,,,,1,,1,,,,,,,,,,,,
"1,077",2018 People Staying Counts,BAL4,Weekend_Evening,Weekend,Evening,20180804,1721,1731,,Sun-Shaded,77,UD4H,37,1,3,,1,,,,,1,,,,,,,,1,,,1,,,,,,,,,,1,,1,,,,,,,,,,,,
"1,078",2018 People Staying Counts,BAL4,Weekend_Evening,Weekend,Evening,20180804,1721,1731,,Sun-Shaded,77,UD4H,38,1,3,,1,,1,,,,,,,,,,,1,,,1,,,,,,,,,,,,1,,,,,,,,,,,,
"1,079",2018 People Staying Counts,BAL4,Weekend_Evening,Weekend,Evening,20180804,1721,1731,,Sun-Shaded,77,UD4H,39,1,2,,1,,1,,,,,,,,,,,1,,,1,,,,,,,,,,1,,1,,,,,,,,,,,,
"1,080",2018 People Staying Counts,BAL4,Weekend_Evening,Weekend,Evening,20180804,1721,1731,,Sun-Shaded,77,UD4H,40,1,2,,1,,1,,,,,,,,,,1,,,,1,,,,,,,,,,1,,1,,,,,,,,,,,,
"1,081",2018 People Staying Counts,PIK2,Weekday1_Morning,Weekday,Morning,20180731,0951,1001,,Heavy Clouds,64,UD4H,1,1,1,1,,,1,,,,,,,,,,,,,1,,1,,,,,,,,,,,,,,,1,,,,,,,,
"1,082",2018 People Staying Counts,PIK2,Weekday1_Morning,Weekday,Morning,20180731,0951,1001,,Heavy Clouds,64,UD4H,2,1,1,1,,,,,,,,,,1,,,,,1,,1,,,,,,,,,1,,,,,,,,,,,,,,,
"1,083",2018 People Staying Counts,PIK2,Weekday1_Morning,Weekday,Morning,20180731,0951,1001,,Heavy Clouds,64,UD4H,3,1,1,1,,,1,,,,,,,,,,,1,,,1,,,,,,,,,,,,,1,1,,,,,,,,,,
"1,084",2018 People Staying Counts,PIK2,Weekday1_Morning,Weekday,Morning,20180731,0951,1001,,Heavy Clouds,64,UD4H,4,1,1,1,,,,,,1,,,,,,,,1,,,1,,,,,,,,,1,,,,,,,,,,,,,,,
"1,085",2018 People Staying Counts,PIK2,Weekday1_Morning,Weekday,Morning,20180731,0951,1001,,Heavy Clouds,64,UD4H,5,1,1,,1,,1,,,,,,,,,,,1,,,1,,,,,,,,,1,,,,,,,,,,,,,,,
"1,086",2018 People Staying Counts,PIK2,Weekday1_Morning,Weekday,Morning,20180731,0951,1001,,Heavy Clouds,64,UD4H,6,1,1,,1,,1,,,,,,,,,,,,,1,1,,,,,,,,,1,,,,,,,,,,,,,,,
"1,087",2018 People Staying Counts,PIK2,Weekday1_Morning,Weekday,Morning,20180731,0951,1001,,Heavy Clouds,64,UD4H,7,1,1,,1,,1,,,,,,,,,,,1,,,,,,1,,,,,,1,,1,,,,,,,,,,,,,
"1,088",2018 People Staying Counts,PIK2,Weekday1_Morning,Weekday,Morning,20180731,0951,1001,,Heavy Clouds,64,UD4H,8,1,1,1,,,1,,,,,,,,,,,1,,,1,,,,,,,,,,,,,,,1,,,,,,,,,
"1,089",2018 People Staying Counts,PIK2,Weekday1_Morning,Weekday,Morning,20180731,0951,1001,,Heavy Clouds,64,UD4H,9,1,1,1,,,,1,,,,,,,,,,1,,,1,,,,,,,,,1,,1,,,1,,,,,,,,,,
"1,090",2018 People Staying Counts,PIK2,Weekday1_Morning,Weekday,Morning,20180731,0951,1001,,Heavy Clouds,64,UD4H,10,1,1,1,,,1,,,,,,,,,,,,1,,1,,,,,,,,,,,,,,,1,,,,,,,1,,
"1,091",2018 People Staying Counts,PIK2,Weekday1_Midday,Weekday,Midday,20180731,1336,1346,,Sun-Shaded,75,UD4H,1,1,2,,1,,1,,,,,,,,,,1,,,,,,,1,,,,,,1,,1,1,,1,,,,,,,,,,
"1,092",2018 People Staying Counts,PIK2,Weekday1_Midday,Weekday,Midday,20180731,1336,1346,,Sun-Shaded,75,UD4H,2,1,2,,1,,1,,,,,,,,,,1,,,,,,,1,,,,,,1,,1,1,,1,,,,,,,,,,
"1,093",2018 People Staying Counts,PIK2,Weekday1_Midday,Weekday,Midday,20180731,1336,1346,,Sun-Shaded,75,UD4H,3,1,1,1,,,1,,,,,,,,,,,1,,,1,,,,,,,,,,,,,,,,1,,,,,,,,
"1,094",2018 People Staying Counts,PIK2,Weekday1_Midday,Weekday,Midday,20180731,1336,1346,,Sun-Shaded,75,UD4H,4,1,3,,1,,1,,,,,,,,,,1,,,,1,,,,,,,,,,,,1,1,1,,,,,,,,,,
"1,095",2018 People Staying Counts,PIK2,Weekday1_Midday,Weekday,Midday,20180731,1336,1346,,Sun-Shaded,75,UD4H,5,1,3,,1,,1,,,,,,,,,,1,,,,1,,,,,,,,,,,,1,1,,,,,,,,,,,
"1,096",2018 People Staying Counts,PIK2,Weekday1_Midday,Weekday,Midday,20180731,1336,1346,,Sun-Shaded,75,UD4H,6,1,3,,1,,1,,,,,,,,,,1,,,,1,,,,,,,,,,,,1,1,1,,,,,,,,,,
"1,097",2018 People Staying Counts,PIK2,Weekday1_Midday,Weekday,Midday,20180731,1336,1346,,Sun-Shaded,75,UD4H,7,1,1,,1,,,1,,,,,,,,,,,1,,,,,,1,,,1,1,,,,,,,,,,,,,,,1,
"1,098",2018 People Staying Counts,PIK2,Weekday1_Midday,Weekday,Midday,20180731,1336,1346,,Sun-Shaded,75,UD4H,8,1,3,1,,,1,,,,,,,,,,1,,,,,,,1,,,,,,,1,1,1,,,,,,,,,,,,
"1,099",2018 People Staying Counts,PIK2,Weekday1_Midday,Weekday,Midday,20180731,1336,1346,,Sun-Shaded,75,UD4H,9,1,3,,1,,1,,,,,,,,,,,1,,,,,,1,,,,,,1,,1,1,,,,,,,,,,,,
"1,100",2018 People Staying Counts,PIK2,Weekday1_Midday,Weekday,Midday,20180731,1336,1346,,Sun-Shaded,75,UD4H,10,1,3,,1,,1,,,,,,,,,,,1,,,,,,1,,,,,,,1,1,1,,,,,,,,,,,,
"1,101",2018 People Staying Counts,PIK2,Weekday1_Midday,Weekday,Midday,20180731,1336,1346,,Sun-Shaded,75,UD4H,11,1,2,1,,,,,,,,,,1,,,,1,,,,,,1,,,,,,1,,1,1,,,,,,,,,,,,
"1,102",2018 People Staying Counts,PIK2,Weekday1_Midday,Weekday,Midday,20180731,1336,1346,,Sun-Shaded,75,UD4H,12,1,2,,1,,1,,,,,,,,,,,1,,,,,,1,,,,,,1,,1,1,,,,,,,,,,,,
"1,103",2018 People Staying Counts,PIK2,Weekday1_Midday,Weekday,Midday,20180731,1336,1346,,Sun-Shaded,75,UD4H,13,1,2,,1,,1,,,,,,,,,,,1,,,,,,1,,,,,,1,,1,1,,,,,,,,,,,,
"1,104",2018 People Staying Counts,PIK2,Weekday1_Midday,Weekday,Midday,20180731,1336,1346,,Sun-Shaded,75,UD4H,14,1,2,1,,,1,,,,,,,,,,,1,,,,,,1,,,,,,1,,1,1,,,,,,,,,,,,
"1,105",2018 People Staying Counts,PIK2,Weekday1_Midday,Weekday,Midday,20180731,1336,1346,,Sun-Shaded,75,UD4H,15,1,2,,1,,,,,,,,,1,,,,1,,,,,,1,,,,,,1,,1,1,,,,,,,,,,,,
"1,106",2018 People Staying Counts,PIK2,Weekday1_Midday,Weekday,Midday,20180731,1336,1346,,Sun-Shaded,75,UD4H,16,1,2,1,,,,,,,,,,1,,,,1,,,,,,1,,,,,,1,,1,1,,,,,,,,,,,,
"1,107",2018 People Staying Counts,PIK2,Weekday1_Midday,Weekday,Midday,20180731,1336,1346,,Sun-Shaded,75,UD4H,17,1,1,1,,,1,,,,,,,,,,,,1,,1,,,,,,,,,,,,,,,,1,,,,,,1,,
"1,108",2018 People Staying Counts,PIK2,Weekday1_Evening,Weekday,Evening,20180731,1728,1738,,Sun-Shaded,81,UD4H,1,1,4,1,,,1,,,,,,,,,,,,1,,,,,1,,,,,,1,,1,1,,,,,,,,,,,,
"1,109",2018 People Staying Counts,PIK2,Weekday1_Evening,Weekday,Evening,20180731,1728,1738,,Sun-Shaded,81,UD4H,2,1,4,1,,,1,,,,,,,,,,,,1,,,,,1,,,,,,1,,1,1,,,,,,,,,,,,
"1,110",2018 People Staying Counts,PIK2,Weekday1_Evening,Weekday,Evening,20180731,1728,1738,,Sun-Shaded,81,UD4H,3,1,4,1,,,1,,,,,,,,,,,,1,,,,,1,,,,,,1,,1,1,,,,,,,,,,,,
"1,111",2018 People Staying Counts,PIK2,Weekday1_Evening,Weekday,Evening,20180731,1728,1738,,Sun-Shaded,81,UD4H,4,1,4,1,,,1,,,,,,,,,,,,1,,,,,1,,,,,,1,,1,1,,,,,,,,,,,,
"1,112",2018 People Staying Counts,PIK2,Weekday1_Evening,Weekday,Evening,20180731,1728,1738,,Sun-Shaded,81,UD4H,5,1,2,,1,,1,,,,,,,,,,,,1,,,,,1,,,,,,1,,1,1,,,,,,,,,,,,
"1,113",2018 People Staying Counts,PIK2,Weekday1_Evening,Weekday,Evening,20180731,1728,1738,,Sun-Shaded,81,UD4H,6,1,2,,1,,1,,,,,,,,,,,1,,,,,,1,,,,,,1,,1,1,,,,,,,,,,,,
"1,114",2018 People Staying Counts,PIK2,Weekday1_Evening,Weekday,Evening,20180731,1728,1738,,Sun-Shaded,81,UD4H,7,1,2,,1,,1,,,,,,,,,,,1,,,,,,1,,,,,,1,,1,1,,,,,,,,,,,,
"1,115",2018 People Staying Counts,PIK2,Weekday1_Evening,Weekday,Evening,20180731,1728,1738,,Sun-Shaded,81,UD4H,8,1,2,,1,,1,,,,,,,,,,,1,,,,,,1,,,,,,1,,1,1,,,,,,,,,,,,
"1,116",2018 People Staying Counts,PIK2,Weekday1_Evening,Weekday,Evening,20180731,1728,1738,,Sun-Shaded,81,UD4H,9,1,1,,1,,1,,,,,,,,,,,1,,,1,,,,,,,,,,,,,,,1,,,,,,,,,
"1,117",2018 People Staying Counts,PIK2,Weekday1_Evening,Weekday,Evening,20180731,1728,1738,,Sun-Shaded,81,UD4H,10,1,1,1,,,,1,,,,,,,,,,,1,,,1,,,,,,,,,,1,,,,,,,,,,,1,,
"1,118",2018 People Staying Counts,PIK2,Weekday1_Evening,Weekday,Evening,20180731,1728,1738,,Sun-Shaded,81,UD4H,11,1,5,,1,,1,,,,,,,,,,,1,,,1,,,,,,,,1,,,,1,,,,,,,,,,,,
"1,119",2018 People Staying Counts,PIK2,Weekday1_Evening,Weekday,Evening,20180731,1728,1738,,Sun-Shaded,81,UD4H,12,1,5,1,,,1,,,,,,,,,,,1,,,,,,1,,,,,,1,,1,1,,,,,,,,,,,,
"1,120",2018 People Staying Counts,PIK2,Weekday1_Evening,Weekday,Evening,20180731,1728,1738,,Sun-Shaded,81,UD4H,13,1,5,,1,,1,,,,,,,,,,,1,,,,,,1,,,,,,1,,1,1,,,,,,,,,,,,
"1,121",2018 People Staying Counts,PIK2,Weekday1_Evening,Weekday,Evening,20180731,1728,1738,,Sun-Shaded,81,UD4H,14,1,5,,1,,1,,,,,,,,,,,1,,,,,,1,,,,,,1,,1,1,,,,,,,,,,,,
"1,122",2018 People Staying Counts,PIK2,Weekday1_Evening,Weekday,Evening,20180731,1728,1738,,Sun-Shaded,81,UD4H,15,1,5,,1,,1,,,,,,,,,,,1,,,,,,1,,,,,,1,,1,1,,,,,,,,,,,,
"1,123",2018 People Staying Counts,PIK2,Weekday1_Evening,Weekday,Evening,20180731,1728,1738,,Sun-Shaded,81,UD4H,16,1,1,1,,,1,,,,,,,,,,,,1,,1,,,,,,,,,,,,1,,,,,,,1,,,,,
"1,124",2018 People Staying Counts,PIK2,Weekday1_Evening,Weekday,Evening,20180731,1728,1738,,Sun-Shaded,81,UD4H,17,1,1,,1,,1,,,,,,,,,,,1,,,,,,,,1,,,,,,,,,1,,,,,,,,,,
"1,125",2018 People Staying Counts,PIK2,Weekday1_Evening,Weekday,Evening,20180731,1728,1738,,Sun-Shaded,81,UD4H,18,1,1,1,,,1,,,,,,,,,,,,1,,1,,,,,,,,,,,,,,,,,,,1,,,,,
"1,126",2018 People Staying Counts,PIK2,Weekday1_Evening,Weekday,Evening,20180731,1728,1738,,Sun-Shaded,81,UD4H,19,1,1,1,,,1,,,,,,,,,,,1,,,,,,1,,,,,,1,,1,,,,,,,,,,,,,
"1,127",2018 People Staying Counts,PIK2,Weekday1_Evening,Weekday,Evening,20180731,1728,1738,,Sun-Shaded,81,UD4H,20,1,2,,1,,,,,,,,1,,,,,1,,,,,,1,,,,,,1,,1,1,,,,,,,,,,,,
"1,128",2018 People Staying Counts,PIK2,Weekday1_Evening,Weekday,Evening,20180731,1728,1738,,Sun-Shaded,81,UD4H,21,1,2,1,,,1,,,,,,,,,,,1,,,,,,1,,,,,,1,,1,1,,,,,,,,,,,,
"1,129",2018 People Staying Counts,PIK2,Weekday1_Evening,Weekday,Evening,20180731,1728,1738,,Sun-Shaded,81,UD4H,22,1,2,,1,,,1,,,,,,,,,,1,,,1,,,,,,,,,,,1,1,,,,,,,,,,,,
"1,130",2018 People Staying Counts,PIK2,Weekday1_Evening,Weekday,Evening,20180731,1728,1738,,Sun-Shaded,81,UD4H,23,1,2,1,,,1,,,,,,,,,,,1,,,1,,,,,,,,,,,,1,,,,,,,,,,,,
"1,131",2018 People Staying Counts,PIK2,Weekday1_Evening,Weekday,Evening,20180731,1728,1738,,Sun-Shaded,81,UD4H,24,1,1,1,,,1,,,,,,,,,,,1,,,1,,,,,,,,,,1,,,,,,,,,,,,,,
"1,132",2018 People Staying Counts,PIK2,Weekday1_Evening,Weekday,Evening,20180731,1728,1738,,Sun-Shaded,81,UD4H,25,1,3,,1,,1,,,,,,,,,,,,1,,1,,,,,,,,,,,,1,,,,,,,,,,,,
"1,133",2018 People Staying Counts,PIK2,Weekday1_Evening,Weekday,Evening,20180731,1728,1738,,Sun-Shaded,81,UD4H,26,1,3,,1,,1,,,,,,,,,,1,,,,1,,,,,,,,,,,,1,,,,,,,,,,,,
"1,134",2018 People Staying Counts,PIK2,Weekday1_Evening,Weekday,Evening,20180731,1728,1738,,Sun-Shaded,81,UD4H,27,1,3,,1,,1,,,,,,,,,,1,,,,1,,,,,,,,,,,,1,,,,,,,,,,,,
"1,135",2018 People Staying Counts,PIK2,Weekend_Midday,Weekend,Midday,20180728,1355,1405,,Sun-Shaded,79,UD4H,1,1,1,1,,,1,,,,,,,,,,,1,,,,,,1,,,,,,1,,1,1,,,,,,,,,,,,
"1,136",2018 People Staying Counts,PIK2,Weekend_Midday,Weekend,Midday,20180728,1355,1405,,Sun-Shaded,79,UD4H,2,1,2,,1,,1,,,,,,,,,,1,,,,,,,1,,,,,,1,,1,1,,1,,,,,,,,,,
"1,137",2018 People Staying Counts,PIK2,Weekend_Midday,Weekend,Midday,20180728,1355,1405,,Sun-Shaded,79,UD4H,3,1,2,,1,,1,,,,,,,,,,1,,,,,,,1,,,,,,1,,1,1,,1,,,,,,,,,,
"1,138",2018 People Staying Counts,PIK2,Weekend_Midday,Weekend,Midday,20180728,1355,1405,,Sun-Shaded,79,UD4H,4,1,3,,1,,1,,,,,,,,,,,,1,,1,,,,,,,,,,,,1,,,,,,,,,,,,
"1,139",2018 People Staying Counts,PIK2,Weekend_Midday,Weekend,Midday,20180728,1355,1405,,Sun-Shaded,79,UD4H,5,1,3,1,,,1,,,,,,,,,,,1,,,1,,,,,,,,,,,,1,,,,,,,,,,,,
"1,140",2018 People Staying Counts,PIK2,Weekend_Midday,Weekend,Midday,20180728,1355,1405,,Sun-Shaded,79,UD4H,6,1,3,1,,,1,,,,,,,,,,,1,,,1,,,,,,,,,,,,1,,,,,,,,,,,,
"1,141",2018 People Staying Counts,PIK2,Weekend_Midday,Weekend,Midday,20180728,1355,1405,,Sun-Shaded,79,UD4H,7,1,4,1,,,1,,,,,,,,,,,1,,,,,,1,,,,,,1,,1,1,,,,,,,,,,,,
"1,142",2018 People Staying Counts,PIK2,Weekend_Midday,Weekend,Midday,20180728,1355,1405,,Sun-Shaded,79,UD4H,8,1,4,,1,,1,,,,,,,,,,,1,,,,,,1,,,,,,1,,1,1,,1,,,,,,,,,,
"1,143",2018 People Staying Counts,PIK2,Weekend_Midday,Weekend,Midday,20180728,1355,1405,,Sun-Shaded,79,UD4H,9,1,4,1,,,1,,,,,,,,,,,1,,,,,,1,,,,,,1,,1,1,,,,,,,,,,,,
"1,144",2018 People Staying Counts,PIK2,Weekend_Midday,Weekend,Midday,20180728,1355,1405,,Sun-Shaded,79,UD4H,10,1,4,,1,,1,,,,,,,,,,,1,,,,,,1,,,,,,1,,1,1,,1,,,,,,,,,,
"1,145",2018 People Staying Counts,PIK2,Weekend_Midday,Weekend,Midday,20180728,1355,1405,,Sun-Shaded,79,UD4H,11,1,2,,1,,1,,,,,,,,,,,1,,,1,,,,,,,,,,,,1,,,,,,,,,,,,
"1,146",2018 People Staying Counts,PIK2,Weekend_Midday,Weekend,Midday,20180728,1355,1405,,Sun-Shaded,79,UD4H,12,1,2,1,,,1,,,,,,,,,,,1,,,1,,,,,,,,,,,,1,,,,,,,,,,,,
"1,147",2018 People Staying Counts,PIK2,Weekend_Midday,Weekend,Midday,20180728,1355,1405,,Sun-Shaded,79,UD4H,13,1,3,,1,,1,,,,,,,,,,,1,,,1,,,,,,,,1,,,,1,,,,,,,,,,,,
"1,148",2018 People Staying Counts,PIK2,Weekend_Midday,Weekend,Midday,20180728,1355,1405,,Sun-Shaded,79,UD4H,14,1,3,1,,,1,,,,,,,,,,,1,,,,,,1,,,,,,1,,,1,,,,,,,,,,,,
"1,149",2018 People Staying Counts,PIK2,Weekend_Midday,Weekend,Midday,20180728,1355,1405,,Sun-Shaded,79,UD4H,15,1,3,1,,,1,,,,,,,,,,,1,,,,,,1,,,,,,1,,,1,,,,,,,,,,,,
"1,150",2018 People Staying Counts,PIK2,Weekend_Midday,Weekend,Midday,20180728,1355,1405,,Sun-Shaded,79,UD4H,16,1,3,,1,,,,,1,,,,,,,,,1,,,,,1,,,,,,1,,1,1,,,,,,,,,,,,
"1,151",2018 People Staying Counts,PIK2,Weekend_Midday,Weekend,Midday,20180728,1355,1405,,Sun-Shaded,79,UD4H,17,1,3,,1,,,,,1,,,,,,,,1,,,,,,1,,,,,,1,,1,1,,1,,,,,,,,,,
"1,152",2018 People Staying Counts,PIK2,Weekend_Midday,Weekend,Midday,20180728,1355,1405,,Sun-Shaded,79,UD4H,18,1,3,1,,,,,,1,,,,,,,,1,,,1,,,,,,,,,1,,1,1,,,,,,,,,,,,
"1,153",2018 People Staying Counts,PIK2,Weekend_Midday,Weekend,Midday,20180728,1355,1405,,Sun-Shaded,79,UD4H,19,1,2,,1,,1,,,,,,,,,,,1,,,,,,1,,,,,,1,,1,1,,,,,,,,,,,,
"1,154",2018 People Staying Counts,PIK2,Weekend_Midday,Weekend,Midday,20180728,1355,1405,,Sun-Shaded,79,UD4H,20,1,2,1,,,1,,,,,,,,,,,1,,,,,,1,,,,,,1,,1,1,,,,,,,,,,,,
"1,155",2018 People Staying Counts,PIK2,Weekend_Midday,Weekend,Midday,20180728,1355,1405,,Sun-Shaded,79,UD4H,21,1,2,,1,,1,,,,,,,,,,,1,,,1,,,,,,,,,,1,,1,,,,,,,,,,,,
"1,156",2018 People Staying Counts,PIK2,Weekend_Midday,Weekend,Midday,20180728,1355,1405,,Sun-Shaded,79,UD4H,22,1,2,,1,,1,,,,,,,,,,,1,,,1,,,,,,,,,,1,,1,,,,,,,,,,,,
"1,157",2018 People Staying Counts,PIK2,Weekend_Midday,Weekend,Midday,20180728,1355,1405,,Sun-Shaded,79,UD4H,23,1,3,1,,,1,,,,,,,,,,,1,,,1,,,,,,,,,,,,1,,,,,,,,,,,,
"1,158",2018 People Staying Counts,PIK2,Weekend_Midday,Weekend,Midday,20180728,1355,1405,,Sun-Shaded,79,UD4H,24,1,3,,1,,1,,,,,,,,,,,1,,,1,,,,,,,,,,,,1,,,,,,,,,,,,
"1,159",2018 People Staying Counts,PIK2,Weekend_Midday,Weekend,Midday,20180728,1355,1405,,Sun-Shaded,79,UD4H,25,1,3,,1,,1,,,,,,,,,,,1,,,1,,,,,,,,,,,,1,,1,,,,,,,,,,
"1,160",2018 People Staying Counts,PIK2,Weekend_Midday,Weekend,Midday,20180728,1355,1405,,Sun-Shaded,79,UD4H,26,1,2,,1,,,,,1,,,,,,,,1,,,,,,1,,,,,,1,,1,1,,,,,,,,,,,,
"1,161",2018 People Staying Counts,PIK2,Weekend_Midday,Weekend,Midday,20180728,1355,1405,,Sun-Shaded,79,UD4H,27,1,2,,1,,,,,1,,,,,,,,1,,,,,,1,,,,,,1,,1,1,,,,,,,,,,,,
"1,162",2018 People Staying Counts,PIK2,Weekend_Midday,Weekend,Midday,20180728,1355,1405,,Sun-Shaded,79,UD4H,28,1,3,1,,,,,,1,,,,,,,,1,,,,,,1,,,,,,1,,1,1,,,,,,,,,,,,
"1,163",2018 People Staying Counts,PIK2,Weekend_Midday,Weekend,Midday,20180728,1355,1405,,Sun-Shaded,79,UD4H,29,1,3,1,,,1,,,,,,,,,,,1,,,,,,1,,,,,,1,,1,1,,,,,,,,,,,,
"1,164",2018 People Staying Counts,PIK2,Weekend_Midday,Weekend,Midday,20180728,1355,1405,,Sun-Shaded,79,UD4H,30,1,3,,1,,1,,,,,,,,,,,1,,,1,,,,,,,,1,,,,1,,,,,,,,,,,,
"1,165",2018 People Staying Counts,PIK2,Weekend_Evening,Weekend,Evening,20180728,1730,1740,,Sun-Shaded,85,UD4H,1,1,1,1,,,1,,,,,,,,,,1,,,,,1,,,,,,,,,,,,,1,,,,,,,,,,
"1,166",2018 People Staying Counts,PIK2,Weekend_Evening,Weekend,Evening,20180728,1730,1740,,Sun-Shaded,85,UD4H,2,1,2,1,,,1,,,,,,,,,,,,,1,1,,,,,,,,,,,,1,,,,,,,,,,,,
"1,167",2018 People Staying Counts,PIK2,Weekend_Evening,Weekend,Evening,20180728,1730,1740,,Sun-Shaded,85,UD4H,3,1,2,1,,,1,,,,,,,,,,,,,1,1,,,,,,,,,,,,1,,,,,,,,,,,,
"1,168",2018 People Staying Counts,PIK2,Weekend_Evening,Weekend,Evening,20180728,1730,1740,,Sun-Shaded,85,UD4H,4,1,3,1,,,1,,,,,,,,,,,,1,,,,,1,,,,,,1,,1,1,,,,,,,,,,,,
"1,169",2018 People Staying Counts,PIK2,Weekend_Evening,Weekend,Evening,20180728,1730,1740,,Sun-Shaded,85,UD4H,5,1,3,1,,,1,,,,,,,,,,,,1,,,,,1,,,,,,1,,1,1,,,,,,,,,,,,
"1,170",2018 People Staying Counts,PIK2,Weekend_Evening,Weekend,Evening,20180728,1730,1740,,Sun-Shaded,85,UD4H,6,1,3,1,,,1,,,,,,,,,,,,1,,,,,1,,,,,,1,,1,1,,,,,,,,,,,,
"1,171",2018 People Staying Counts,PIK2,Weekend_Evening,Weekend,Evening,20180728,1730,1740,,Sun-Shaded,85,UD4H,7,1,1,,,1,1,,,,,,,,,,,1,,,,,,1,,,,,,1,,1,1,,,,,,,,,,,,
"1,172",2018 People Staying Counts,PIK2,Weekend_Evening,Weekend,Evening,20180728,1730,1740,,Sun-Shaded,85,UD4H,8,1,2,,1,,1,,,,,,,,,,,,1,,,,,1,,,,,,1,,1,1,,,,,,,,,,,,
"1,173",2018 People Staying Counts,PIK2,Weekend_Evening,Weekend,Evening,20180728,1730,1740,,Sun-Shaded,85,UD4H,9,1,2,1,,,1,,,,,,,,,,,,1,,,,,1,,,,,,1,,1,1,,,,,,,,,,,,
"1,174",2018 People Staying Counts,PIK2,Weekend_Evening,Weekend,Evening,20180728,1730,1740,,Sun-Shaded,85,UD4H,10,1,3,1,,,1,,,,,,,,,,1,,,,,,,1,,,,,,1,,1,1,,,,,,,,,,,,
"1,175",2018 People Staying Counts,PIK2,Weekend_Evening,Weekend,Evening,20180728,1730,1740,,Sun-Shaded,85,UD4H,11,1,3,1,,,1,,,,,,,,,,1,,,,,,,1,,,,,,1,,1,1,,,,,,,,,,,,
"1,176",2018 People Staying Counts,PIK2,Weekend_Evening,Weekend,Evening,20180728,1730,1740,,Sun-Shaded,85,UD4H,12,1,3,1,,,1,,,,,,,,,,1,,,,,,,1,,,,,,1,,1,1,,,,,,,,,,,,
"1,177",2018 People Staying Counts,PIK2,Weekend_Evening,Weekend,Evening,20180728,1730,1740,,Sun-Shaded,85,UD4H,13,1,3,1,,,1,,,,,,,,,,,1,,,,1,,,,,,,,,,,1,,,,,,,,,,,,
"1,178",2018 People Staying Counts,PIK2,Weekend_Evening,Weekend,Evening,20180728,1730,1740,,Sun-Shaded,85,UD4H,14,1,3,1,,,1,,,,,,,,,1,,,,,,,,,,1,,,,,,,,,,,1,,,,,,,,
"1,179",2018 People Staying Counts,PIK2,Weekend_Evening,Weekend,Evening,20180728,1730,1740,,Sun-Shaded,85,UD4H,15,1,3,1,,,1,,,,,,,,,,,1,,,1,,,,,,,,,,,,1,,1,,,,,,,,,,
"1,180",2018 People Staying Counts,PIK2,Weekend_Evening,Weekend,Evening,20180728,1730,1740,,Sun-Shaded,85,UD4H,16,1,1,,1,,1,,,,,,,,,,,,1,,,1,,,,,,,,,,,,,1,,,,,,,,,,
"1,181",2018 People Staying Counts,PIK2,Weekend_Evening,Weekend,Evening,20180728,1730,1740,,Sun-Shaded,85,UD4H,17,1,3,,1,,1,,,,,,,,,,,1,,,,,,1,,,,,,1,,1,1,,,,,,,,,,,,
"5,487",2018 People Staying Counts,RAI2,Weekday1_Morning,Weekday,Morning,20180821,0923,0933,,Light Clouds,68,UD4H,1,0,,,,,,,,,,,,,,,,,,,,,,,,,,,,,,,,,,,,,,,,,,,
"1,182",2018 People Staying Counts,PIK2,Weekend_Evening,Weekend,Evening,20180728,1730,1740,,Sun-Shaded,85,UD4H,18,1,3,,1,,,,,1,,,,,,,,1,,,,,,1,,,,,,1,,1,1,,,,,,,,,,,,
"1,183",2018 People Staying Counts,PIK2,Weekend_Evening,Weekend,Evening,20180728,1730,1740,,Sun-Shaded,85,UD4H,19,1,3,,1,,,,,1,,,,,,,,1,,,,,,1,,,,,,1,,1,1,,,,,,,,,,,,
"1,184",2018 People Staying Counts,PIK2,Weekend_Evening,Weekend,Evening,20180728,1730,1740,,Sun-Shaded,85,UD4H,20,1,3,,1,,,,,1,,,,,,,,1,,,,,,1,,,,,,1,,1,1,,,,,,,,,,,,
"1,185",2018 People Staying Counts,PIK2,Weekend_Evening,Weekend,Evening,20180728,1730,1740,,Sun-Shaded,85,UD4H,21,1,3,1,,,,,,1,,,,,,,,1,,,,,,1,,,,,,1,,1,1,,,,,,,,,,,,
"1,186",2018 People Staying Counts,PIK2,Weekend_Evening,Weekend,Evening,20180728,1730,1740,,Sun-Shaded,85,UD4H,22,1,3,1,,,,,,1,,,,,,,,1,,,,,,1,,,,,,1,,1,1,,,,,,,,,,,,
"1,187",2018 People Staying Counts,PIK2,Weekend_Evening,Weekend,Evening,20180728,1730,1740,,Sun-Shaded,85,UD4H,23,1,2,,1,,1,,,,,,,,,,,1,,,,,,1,,,,,,1,,1,1,,,,,,,,,,,,
"1,188",2018 People Staying Counts,PIK2,Weekend_Evening,Weekend,Evening,20180728,1730,1740,,Sun-Shaded,85,UD4H,24,1,2,1,,,1,,,,,,,,,,,1,,,,,,1,,,,,,1,,1,1,,,,,,,,,,,,
"1,189",2018 People Staying Counts,PIK2,Weekend_Evening,Weekend,Evening,20180728,1730,1740,,Sun-Shaded,85,UD4H,25,1,2,1,,,1,,,,,,,,,,,1,,,,,,1,,,,,,1,,1,1,,,,,,,,,,,,
"1,190",2018 People Staying Counts,PIK2,Weekend_Evening,Weekend,Evening,20180728,1730,1740,,Sun-Shaded,85,UD4H,26,1,2,1,,,1,,,,,,,,,,,1,,,,,,1,,,,,,1,,1,1,,,,,,,,,,,,
"1,191",2018 People Staying Counts,PIK2,Weekend_Evening,Weekend,Evening,20180728,1730,1740,,Sun-Shaded,85,UD4H,27,1,3,,1,,,,,1,,,,,,,,1,,,1,,,,,,,,,,,1,1,,1,,,,,,,,,,
"1,192",2018 People Staying Counts,PIK2,Weekend_Evening,Weekend,Evening,20180728,1730,1740,,Sun-Shaded,85,UD4H,28,1,3,,1,,,,,1,,,,,,,,1,,,1,,,,,,,,,,,1,1,,,,,,,,,,,,
"1,193",2018 People Staying Counts,PIK2,Weekend_Evening,Weekend,Evening,20180728,1730,1740,,Sun-Shaded,85,UD4H,29,1,3,1,,,,,,1,,,,,,,,1,,,1,,,,,,,,,,,1,1,,,,,,,,,,,,
"1,194",2018 People Staying Counts,PIK2,Weekend_Evening,Weekend,Evening,20180728,1730,1740,,Sun-Shaded,85,UD4H,30,1,1,1,,,1,,,,,,,,,,,1,,,1,,,,,,,,,,,,,,1,,,,,,,,,,
"1,195",2018 People Staying Counts,PIK2,Weekend_Evening,Weekend,Evening,20180728,1730,1740,,Sun-Shaded,85,UD4H,31,1,2,1,,,1,,,,,,,,,,,1,,,,,,1,,,,,,1,,1,1,,,,,,,,,,,,
"1,196",2018 People Staying Counts,PIK2,Weekend_Evening,Weekend,Evening,20180728,1730,1740,,Sun-Shaded,85,UD4H,32,1,2,,1,,1,,,,,,,,,,,1,,,,,,1,,,,,,1,,1,1,,,,,,,,,,,,
"1,197",2018 People Staying Counts,PIK2,Weekend_Evening,Weekend,Evening,20180728,1730,1740,,Sun-Shaded,85,UD4H,33,1,1,1,,,1,,,,,,,,,,,1,,,1,,,,,,,,,1,,,1,,,,,,,,,,,,
"1,198",2018 People Staying Counts,PIK2,Weekend_Evening,Weekend,Evening,20180728,1730,1740,,Sun-Shaded,85,UD4H,34,1,2,1,,,1,,,,,,,,,,,1,,,1,,,,,,,,,1,,,1,,,,,,,,,,,,
"1,199",2018 People Staying Counts,PIK2,Weekend_Evening,Weekend,Evening,20180728,1730,1740,,Sun-Shaded,85,UD4H,35,1,2,1,,,1,,,,,,,,,,,1,,,1,,,,,,,,,1,,,1,,,,,,,,,,,,
"1,200",2018 People Staying Counts,PIK2,Weekend_Evening,Weekend,Evening,20180728,1730,1740,,Sun-Shaded,85,UD4H,36,1,3,1,,,1,,,,,,,,,,,,1,,1,,,,,,,,,,,,1,,,,,,,,,,,,
"1,201",2018 People Staying Counts,PIK2,Weekend_Evening,Weekend,Evening,20180728,1730,1740,,Sun-Shaded,85,UD4H,37,1,3,1,,,1,,,,,,,,,,,,1,,1,,,,,,,,,,,,1,,,,,,,,,,,,
"1,202",2018 People Staying Counts,PIK2,Weekend_Evening,Weekend,Evening,20180728,1730,1740,,Sun-Shaded,85,UD4H,38,1,3,,1,,1,,,,,,,,,,,,1,,1,,,,,,,,,,,,1,,,,,,,,,,,,
"1,203",2018 People Staying Counts,PIK2,Weekend_Evening,Weekend,Evening,20180728,1730,1740,,Sun-Shaded,85,UD4H,39,1,1,,1,,1,,,,,,,,,,,,1,,1,,,,,,,,,,,,,,,1,,,,,,,,,
"1,204",2018 People Staying Counts,PIK2,Weekday2_Morning,Weekday,Morning,20180730,0956,1006,,Sun-Shaded,67,UD4H,1,1,1,1,,,,1,,,,,,,,,,1,,,1,,,,,,,,,,,,,,,,,,1,,,,,,
"1,205",2018 People Staying Counts,PIK2,Weekday2_Morning,Weekday,Morning,20180730,0956,1006,,Sun-Shaded,67,UD4H,2,1,3,1,,,1,,,,,,,,,,,,1,,1,,,,,,,,,,,,1,,,,,,,,,,,,
"1,206",2018 People Staying Counts,PIK2,Weekday2_Morning,Weekday,Morning,20180730,0956,1006,,Sun-Shaded,67,UD4H,3,1,3,1,,,1,,,,,,,,,,,1,,,1,,,,,,,,,,,,1,,,,,,,,,,,,
"1,207",2018 People Staying Counts,PIK2,Weekday2_Morning,Weekday,Morning,20180730,0956,1006,,Sun-Shaded,67,UD4H,4,1,3,,1,,1,,,,,,,,,,,1,,,1,,,,,,,,,,,,1,,,,,,,,,,,,
"1,208",2018 People Staying Counts,PIK2,Weekday2_Morning,Weekday,Morning,20180730,0956,1006,,Sun-Shaded,67,UD4H,5,1,2,1,,,1,,,,,,,,,,,,1,,,,,1,,,,,,1,,1,1,,,,,,,,,,,,
"1,209",2018 People Staying Counts,PIK2,Weekday2_Morning,Weekday,Morning,20180730,0956,1006,,Sun-Shaded,67,UD4H,6,1,2,,1,,1,,,,,,,,,,,,1,,,,,1,,,,,,1,,1,1,,,,,,,,,,,,
"1,210",2018 People Staying Counts,PIK2,Weekday2_Morning,Weekday,Morning,20180730,0956,1006,,Sun-Shaded,67,UD4H,7,1,1,1,,,1,,,,,,,,,,,1,,,1,,,,,,,,1,,,,1,,,,,,,,,,,,
"1,211",2018 People Staying Counts,PIK2,Weekday2_Morning,Weekday,Morning,20180730,0956,1006,,Sun-Shaded,67,UD4H,8,1,2,,,1,1,,,,,,,,,,,1,,,1,,,,,,,,,,,,1,,,,,,,,,,,,
"1,212",2018 People Staying Counts,PIK2,Weekday2_Morning,Weekday,Morning,20180730,0956,1006,,Sun-Shaded,67,UD4H,9,1,2,,1,,1,,,,,,,,,,,1,,,1,,,,,,,,,,,,1,,,,,,,,,,,,
"1,213",2018 People Staying Counts,PIK2,Weekday2_Morning,Weekday,Morning,20180730,0956,1006,,Sun-Shaded,67,UD4H,10,1,1,,1,,,,,,,,1,,,,,1,,,1,,,,,,,,,1,,,,,,,,,,,,,,,
"1,214",2018 People Staying Counts,PIK2,Weekday2_Morning,Weekday,Morning,20180730,0956,1006,,Sun-Shaded,67,UD4H,11,1,1,1,,,1,,,,,,,,,,,1,,,1,,,,,,,,,,1,,,,,,,,,,,,,,
"1,215",2018 People Staying Counts,PIK2,Weekday2_Morning,Weekday,Morning,20180730,0956,1006,,Sun-Shaded,67,UD4H,12,1,2,1,,,,,,1,,,,,,,,,,1,1,,,,,,,,,,,,,,,,1,,,,,,,,
"1,216",2018 People Staying Counts,PIK2,Weekday2_Morning,Weekday,Morning,20180730,0956,1006,,Sun-Shaded,67,UD4H,13,1,2,,1,,,,,1,,,,,,,,,1,,1,,,,,,,,,,,,,,,,1,,,,,,,,
"1,217",2018 People Staying Counts,PIK2,Weekday2_Morning,Weekday,Morning,20180730,0956,1006,,Sun-Shaded,67,UD4H,14,1,1,1,,,1,,,,,,,,,,,1,,,1,,,,,,,,,1,,,,,,,,,,,,,,,
"1,218",2018 People Staying Counts,PIK2,Weekday2_Morning,Weekday,Morning,20180730,0956,1006,,Sun-Shaded,67,UD4H,15,1,1,1,,,1,,,,,,,,,,,1,,,,,,1,,,,,,1,,,,,1,,,,,,,,,,
"1,219",2018 People Staying Counts,PIK2,Weekday2_Morning,Weekday,Morning,20180730,0956,1006,,Sun-Shaded,67,UD4H,16,1,3,,1,,1,,,,,,,,,,,1,,,,,,1,,,,,,1,,,1,,,,,,,,,,,,
"1,220",2018 People Staying Counts,PIK2,Weekday2_Morning,Weekday,Morning,20180730,0956,1006,,Sun-Shaded,67,UD4H,17,1,3,,1,,1,,,,,,,,,,,1,,,,,,1,,,,,,1,,,1,,,,,,,,,,,,
"1,221",2018 People Staying Counts,PIK2,Weekday2_Morning,Weekday,Morning,20180730,0956,1006,,Sun-Shaded,67,UD4H,18,1,3,1,,,1,,,,,,,,,,,1,,,,,,1,,,,,,1,,,1,,,,,,,,,,,,
"1,222",2018 People Staying Counts,PIK2,Weekday2_Midday,Weekday,Midday,20180730,1342,1352,,Sun-Shaded,75,UD4H,1,1,1,1,,,1,,,,,,,,,,,,1,,1,,,,,,,,,,,,,,1,,,,,,,,,,
"1,223",2018 People Staying Counts,PIK2,Weekday2_Midday,Weekday,Midday,20180730,1342,1352,,Sun-Shaded,75,UD4H,2,1,3,,1,,1,,,,,,,,,1,,,,,,,,1,,,,,,1,,1,1,,,,,,,,,,,,
"1,224",2018 People Staying Counts,PIK2,Weekday2_Midday,Weekday,Midday,20180730,1342,1352,,Sun-Shaded,75,UD4H,3,1,3,,1,,1,,,,,,,,,,,,1,,,,,1,,,,,,1,,1,1,,,,,,,,,,,,
"1,225",2018 People Staying Counts,PIK2,Weekday2_Midday,Weekday,Midday,20180730,1342,1352,,Sun-Shaded,75,UD4H,4,1,3,1,,,1,,,,,,,,,,,1,,,,,,1,,,,,,1,,1,1,,,,,,,,,,,,
"1,226",2018 People Staying Counts,PIK2,Weekday2_Midday,Weekday,Midday,20180730,1342,1352,,Sun-Shaded,75,UD4H,5,1,2,,1,,,1,,,,,,,,,,1,,,,,,1,,,,,,1,,1,1,,,,,,,,,,,,
"1,227",2018 People Staying Counts,PIK2,Weekday2_Midday,Weekday,Midday,20180730,1342,1352,,Sun-Shaded,75,UD4H,6,1,2,1,,,,1,,,,,,,,,,1,,,,,,1,,,,,,1,,1,1,,,,,,,,,,,,
"1,228",2018 People Staying Counts,PIK2,Weekday2_Midday,Weekday,Midday,20180730,1342,1352,,Sun-Shaded,75,UD4H,7,1,1,,1,,,,,,,,,1,,,,,1,,,,,1,,,,,,1,,1,,,1,,,,,,,,,,
"1,229",2018 People Staying Counts,PIK2,Weekday2_Midday,Weekday,Midday,20180730,1342,1352,,Sun-Shaded,75,UD4H,8,1,2,1,,,1,,,,,,,,,,,1,,,,,,1,,,,,,1,,1,1,,,,,,,,,,,,
"1,230",2018 People Staying Counts,PIK2,Weekday2_Midday,Weekday,Midday,20180730,1342,1352,,Sun-Shaded,75,UD4H,9,1,2,,1,,1,,,,,,,,,,,1,,,,,,1,,,,,,1,,1,1,,,,,,,,,,,,
"1,231",2018 People Staying Counts,PIK2,Weekday2_Midday,Weekday,Midday,20180730,1342,1352,,Sun-Shaded,75,UD4H,10,1,3,,1,,1,,,,,,,,,,,1,,,,,,1,,,,,,1,,1,1,,,,,,,,,,,,
"1,232",2018 People Staying Counts,PIK2,Weekday2_Midday,Weekday,Midday,20180730,1342,1352,,Sun-Shaded,75,UD4H,11,1,3,,1,,1,,,,,,,,,,,1,,,,,,1,,,,,,1,,1,1,,,,,,,,,,,,
"1,233",2018 People Staying Counts,PIK2,Weekday2_Midday,Weekday,Midday,20180730,1342,1352,,Sun-Shaded,75,UD4H,12,1,3,,1,,1,,,,,,,,,,,1,,,,,,1,,,,,,1,,1,1,,,,,,,,,,,,
"1,234",2018 People Staying Counts,PIK2,Weekday2_Midday,Weekday,Midday,20180730,1342,1352,,Sun-Shaded,75,UD4H,13,1,1,,1,,1,,,,,,,,,,,,1,,1,,,,,,,,,,,,,,1,,,,,,,,,,
"1,235",2018 People Staying Counts,PIK2,Weekday2_Midday,Weekday,Midday,20180730,1342,1352,,Sun-Shaded,75,UD4H,14,1,1,1,,,,,,,,,,1,,,1,,,,1,,,,,,,,,,,,1,,,,,,,,,,,1,
"1,236",2018 People Staying Counts,PIK2,Weekday2_Midday,Weekday,Midday,20180730,1342,1352,,Sun-Shaded,75,UD4H,15,1,3,,1,,,1,,,,,,,,,,1,,,1,,,,,,,,,,,,1,,,,,,,,,,,,
"1,237",2018 People Staying Counts,PIK2,Weekday2_Midday,Weekday,Midday,20180730,1342,1352,,Sun-Shaded,75,UD4H,16,1,3,,1,,1,,,,,,,,,,,1,,,1,,,,,,,,,,,,1,,,,,,,,,,,,
"1,238",2018 People Staying Counts,PIK2,Weekday2_Midday,Weekday,Midday,20180730,1342,1352,,Sun-Shaded,75,UD4H,17,1,3,,1,,1,,,,,,,,,,,1,,,1,,,,,,,,,,,,1,,,,,,,,,,,,
"1,239",2018 People Staying Counts,PIK2,Weekday2_Midday,Weekday,Midday,20180730,1342,1352,,Sun-Shaded,75,UD4H,18,1,1,,1,,,,,1,,,,,,,,1,,,1,,,,,,,,,,,,,,1,,,,,1,,,,,
"1,240",2018 People Staying Counts,PIK2,Weekday2_Midday,Weekday,Midday,20180730,1342,1352,,Sun-Shaded,75,UD4H,19,1,1,,1,,1,,,,,,,,,,1,,,,1,,,,,,,,,,,,,,1,,,,,,,,,,
"1,241",2018 People Staying Counts,PIK2,Weekday2_Evening,Weekday,Evening,20180730,1733,1743,,Sun-Shaded,83,UD4H,1,1,2,,1,,1,,,,,,,,,,1,,,,1,,,,,,,,,,,,1,,,,,,,,,,,,
"1,242",2018 People Staying Counts,PIK2,Weekday2_Evening,Weekday,Evening,20180730,1733,1743,,Sun-Shaded,83,UD4H,2,1,2,,1,,,,,1,,,,,,,1,,,,1,,,,,,,,,,,,1,,,,,,,,,,,,
"1,243",2018 People Staying Counts,PIK2,Weekday2_Evening,Weekday,Evening,20180730,1733,1743,,Sun-Shaded,83,UD4H,3,1,2,,1,,,,,1,,,,,,,,1,,,,,,1,,,,,,1,,1,1,,1,,,,,,,,,,
"1,244",2018 People Staying Counts,PIK2,Weekday2_Evening,Weekday,Evening,20180730,1733,1743,,Sun-Shaded,83,UD4H,4,1,2,,1,,,,,1,,,,,,,1,,,,,,,1,,,,,,1,1,1,1,1,1,,,,,,,,,,
"1,245",2018 People Staying Counts,PIK2,Weekday2_Evening,Weekday,Evening,20180730,1733,1743,,Sun-Shaded,83,UD4H,5,1,2,,1,,1,,,,,,,,,,1,,,,,,,1,,,,,,,1,1,1,,1,,,,,,,,,,
"1,246",2018 People Staying Counts,PIK2,Weekday2_Evening,Weekday,Evening,20180730,1733,1743,,Sun-Shaded,83,UD4H,6,1,2,,1,,,,,,,,,1,,,,1,,,,,,1,,,,,,,1,1,1,,,,,,,,,,,,
"1,247",2018 People Staying Counts,PIK2,Weekday2_Evening,Weekday,Evening,20180730,1733,1743,,Sun-Shaded,83,UD4H,7,1,2,1,,,1,,,,,,,,,,,1,,,1,,,,,,,,,1,,,1,,,,,,,,,,,,
"1,248",2018 People Staying Counts,PIK2,Weekday2_Evening,Weekday,Evening,20180730,1733,1743,,Sun-Shaded,83,UD4H,8,1,2,,1,,1,,,,,,,,,,,1,,,1,,,,,,,,,1,,,1,,,,,,,,,,,,
"1,249",2018 People Staying Counts,PIK2,Weekday2_Evening,Weekday,Evening,20180730,1733,1743,,Sun-Shaded,83,UD4H,9,1,1,1,,,,1,,,,,,,,,,,1,,1,,,,,,,,,,,,,,,,1,,,,,,,,
"1,250",2018 People Staying Counts,PIK2,Weekday2_Evening,Weekday,Evening,20180730,1733,1743,,Sun-Shaded,83,UD4H,10,1,2,,1,,1,,,,,,,,,,,,1,,,,,1,,,,,,1,,1,1,,,,,,,,,,,,
"1,251",2018 People Staying Counts,PIK2,Weekday2_Evening,Weekday,Evening,20180730,1733,1743,,Sun-Shaded,83,UD4H,11,1,2,,1,,1,,,,,,,,,,,,1,,,,,1,,,,,,1,,1,1,,,,,,,,,,,,
"1,252",2018 People Staying Counts,PIK2,Weekday2_Evening,Weekday,Evening,20180730,1733,1743,,Sun-Shaded,83,UD4H,12,1,3,,1,,1,,,,,,,,,,,1,,,,,,1,,,,,,,1,1,1,,,,,,,,,,,,
"1,253",2018 People Staying Counts,PIK2,Weekday2_Evening,Weekday,Evening,20180730,1733,1743,,Sun-Shaded,83,UD4H,13,1,3,,1,,1,,,,,,,,,,,1,,,,,,1,,,,,,,1,1,1,,,,,,,,,,,,
"1,254",2018 People Staying Counts,PIK2,Weekday2_Evening,Weekday,Evening,20180730,1733,1743,,Sun-Shaded,83,UD4H,14,1,3,1,,,1,,,,,,,,,,,1,,,,,,1,,,,,,,1,1,1,,,,,,,,,,,,
"1,255",2018 People Staying Counts,PIK2,Weekday2_Evening,Weekday,Evening,20180730,1733,1743,,Sun-Shaded,83,UD4H,15,1,3,1,,,1,,,,,,,,,,,1,,,,,,1,,,,,,,1,1,1,,,,,,,,,,,,
"1,256",2018 People Staying Counts,PIK2,Weekday2_Evening,Weekday,Evening,20180730,1733,1743,,Sun-Shaded,83,UD4H,16,1,3,,1,,1,,,,,,,,,,,,1,,,,,1,,,,,,,1,1,1,,,,,,,,,,,,
"1,257",2018 People Staying Counts,PIK2,Weekday2_Evening,Weekday,Evening,20180730,1733,1743,,Sun-Shaded,83,UD4H,17,1,3,,1,,1,,,,,,,,,,,1,,,,,,1,,,,,,,1,1,1,,,,,,,,,,,,
"1,258",2018 People Staying Counts,PIK2,Weekday2_Evening,Weekday,Evening,20180730,1733,1743,,Sun-Shaded,83,UD4H,18,1,2,1,,,1,,,,,,,,,,,,1,,,,,1,,,,,,,1,1,1,,,,,,,,,,,,
"1,259",2018 People Staying Counts,PIK2,Weekday2_Evening,Weekday,Evening,20180730,1733,1743,,Sun-Shaded,83,UD4H,19,1,2,1,,,1,,,,,,,,,,,,1,,,,,1,,,,,,1,,1,1,,,,,,,,,,,,
"1,260",2018 People Staying Counts,PIK2,Weekday2_Evening,Weekday,Evening,20180730,1733,1743,,Sun-Shaded,83,UD4H,20,1,1,,1,,1,,,,,,,,,,,1,,,1,,,,,,,,,,,,,,1,,,,,,,,,,
"1,261",2018 People Staying Counts,PIK2,Weekday2_Evening,Weekday,Evening,20180730,1733,1743,,Sun-Shaded,83,UD4H,21,1,2,,1,,,,,1,,,,,,,,1,,,1,,,,,,,,,,,,1,,,,,,,1,,,,,
"1,262",2018 People Staying Counts,PIK2,Weekday2_Evening,Weekday,Evening,20180730,1733,1743,,Sun-Shaded,83,UD4H,22,1,2,1,,,1,,,,,,,,,,,1,,,1,,,,,,,,,,,,1,,,,,,,1,,,,,
"1,263",2018 People Staying Counts,PIK2,Weekday2_Evening,Weekday,Evening,20180730,1733,1743,,Sun-Shaded,83,UD4H,23,1,2,,1,,,1,,,,,,,,,,1,,,1,,,,,,,,,,,,1,,,,,,,1,,,,,
"1,264",2018 People Staying Counts,PIK2,Weekday2_Evening,Weekday,Evening,20180730,1733,1743,,Sun-Shaded,83,UD4H,24,1,2,1,,,1,,,,,,,,,,,1,,,1,,,,,,,,,,,,1,,,,,,,1,,,,,
"1,265",2018 People Staying Counts,PIK2,Weekday2_Evening,Weekday,Evening,20180730,1733,1743,,Sun-Shaded,83,UD4H,25,1,1,1,,,1,,,,,,,,,,,,1,,,1,,,,,,,,,,,,,,,,,,1,,,,,
"1,266",2018 People Staying Counts,PIK2,Weekday2_Evening,Weekday,Evening,20180730,1733,1743,,Sun-Shaded,83,UD4H,26,1,2,1,,,1,,,,,,,,,,,1,,,1,,,,,,,,,,,,1,,,,,,,,,,,,
"1,267",2018 People Staying Counts,PIK2,Weekday2_Evening,Weekday,Evening,20180730,1733,1743,,Sun-Shaded,83,UD4H,27,1,2,,1,,1,,,,,,,,,,,1,,,1,,,,,,,,,,,,1,,,,,,,,,,,,
"1,268",2018 People Staying Counts,CAP4,Weekday1_Morning,Weekday,Morning,20180726,0943,0953,,Sun-Shaded,67,UD4H,1,1,1,1,,,1,,,,,,,,,,,,,1,,1,,,,,,,,,,,,,,,1,,,,,,,,
"1,269",2018 People Staying Counts,CAP4,Weekday1_Midday,Weekday,Midday,20180726,1314,1324,,Sun-Exposed,77,UD4H,1,1,1,1,,,1,,,,,,,,,,,1,,,1,,,,,,,,1,,,,,,,,,,1,,,,,,
"1,270",2018 People Staying Counts,CAP4,Weekday1_Midday,Weekday,Midday,20180726,1314,1324,,Sun-Exposed,77,UD4H,2,1,1,1,,,1,,,,,,,,,,,1,,,1,,,,,,,,,,,,,,,1,,,,,,,,,
"1,271",2018 People Staying Counts,CAP4,Weekday1_Evening,Weekday,Evening,20180726,1716,1726,,Sun-Shaded,89,UD4H,1,1,1,1,,,,,,,,,,1,,,1,,,,,,,1,,,,,,1,,,,,1,,,,,,,,,,
"1,272",2018 People Staying Counts,CAP4,Weekday1_Evening,Weekday,Evening,20180726,1716,1726,,Sun-Shaded,89,UD4H,2,1,2,1,,,1,,,,,,,,,,,,1,,,,,1,,,,,,1,,1,1,,,,,,,,,,,,
"1,273",2018 People Staying Counts,CAP4,Weekday1_Evening,Weekday,Evening,20180726,1716,1726,,Sun-Shaded,89,UD4H,3,1,2,1,,,1,,,,,,,,,,,1,,,,,,1,,,,,,1,,1,1,,,,,,,,,,,,
"1,274",2018 People Staying Counts,CAP4,Weekday1_Evening,Weekday,Evening,20180726,1716,1726,,Sun-Shaded,89,UD4H,4,1,1,1,,,1,,,,,,,,,,,1,,,,,,1,,,,,,,,1,,,1,,,,,1,,,,,
"1,275",2018 People Staying Counts,CAP4,Weekday1_Evening,Weekday,Evening,20180726,1716,1726,,Sun-Shaded,89,UD4H,5,1,1,,1,,1,,,,,,,,,,1,,,,1,,,,,,,,,,,,,,1,,,,,,,,,,
"1,276",2018 People Staying Counts,CAP4,Weekday1_Evening,Weekday,Evening,20180726,1716,1726,,Sun-Shaded,89,UD4H,6,1,1,1,,,1,,,,,,,,,,,1,,,,1,,,,,,,,,,,,,1,,,,,,,,,,
"1,277",2018 People Staying Counts,CAP4,Weekday1_Evening,Weekday,Evening,20180726,1716,1726,,Sun-Shaded,89,UD4H,7,1,2,,1,,1,,,,,,,,,,1,,,,,,,,,1,,,1,,,,1,,1,,,,,,,,,,
"1,278",2018 People Staying Counts,CAP4,Weekday1_Evening,Weekday,Evening,20180726,1716,1726,,Sun-Shaded,89,UD4H,8,1,2,,1,,1,,,,,,,,,,1,,,,,1,,,,,,,,,,,1,,1,,,,,,,,,,
"1,279",2018 People Staying Counts,CAP4,Weekday1_Evening,Weekday,Evening,20180726,1716,1726,,Sun-Shaded,89,UD4H,9,1,2,,1,,1,,,,,,,,,,1,,,,1,,,,,,,,,,,,1,,,,,,,1,,,,,
"1,280",2018 People Staying Counts,CAP4,Weekday1_Evening,Weekday,Evening,20180726,1716,1726,,Sun-Shaded,89,UD4H,10,1,2,1,,,1,,,,,,,,,,,1,,,1,,,,,,,,,,,,1,,,,,,,1,,,,,
"1,281",2018 People Staying Counts,CAP4,Weekday1_Evening,Weekday,Evening,20180726,1716,1726,,Sun-Shaded,89,UD4H,11,1,3,1,,,1,,,,,,,,,,1,,,,1,,,,,,,,,,,,1,,,,,,,1,,,,,
"1,282",2018 People Staying Counts,CAP4,Weekday1_Evening,Weekday,Evening,20180726,1716,1726,,Sun-Shaded,89,UD4H,12,1,3,1,,,1,,,,,,,,,,,1,,,1,,,,,,,,,,,,1,,,,,,,1,,,,,
"1,283",2018 People Staying Counts,CAP4,Weekday1_Evening,Weekday,Evening,20180726,1716,1726,,Sun-Shaded,89,UD4H,13,1,3,1,,,1,,,,,,,,,,,,,1,1,,,,,,,,,,,,1,,,,,,,1,,,,,
"1,284",2018 People Staying Counts,CAP4,Weekday1_Evening,Weekday,Evening,20180726,1716,1726,,Sun-Shaded,89,UD4H,14,1,1,1,,,1,,,,,,,,,,,1,,,1,,,,,,,,,,,,1,,,,,,,,,,,,
"1,285",2018 People Staying Counts,CAP4,Weekday1_Evening,Weekday,Evening,20180726,1716,1726,,Sun-Shaded,89,UD4H,15,1,2,1,,,1,,,,,,,,,,1,,,,1,,,,,,,,,,,,1,,,,,,,,,,1,1,
"1,286",2018 People Staying Counts,CAP4,Weekday1_Evening,Weekday,Evening,20180726,1716,1726,,Sun-Shaded,89,UD4H,16,1,2,,1,,1,,,,,,,,,,,,1,,1,,,,,,,,,,,,1,,,,,,,,,,,,
"1,287",2018 People Staying Counts,CAP4,Weekday1_Evening,Weekday,Evening,20180726,1716,1726,,Sun-Shaded,89,UD4H,17,1,2,,1,,1,,,,,,,,,,,1,,,1,,,,,,,,,,,,1,,,,,,,,,,,,
"1,288",2018 People Staying Counts,CAP4,Weekday2_Morning,Weekday,Morning,20180727,0922,0932,,Sun-Exposed,64,UD4H,1,1,1,1,,,,,,,,1,,,,,,,1,,1,,,,,,,,,,,,,,,,,,1,,,,,,
"1,289",2018 People Staying Counts,CAP4,Weekday2_Morning,Weekday,Morning,20180727,0922,0932,,Sun-Exposed,64,UD4H,2,1,1,1,,,,,,,,1,,,,,1,,,,1,,,,,,,,,,,,,,,,,,1,,,,,,
"1,290",2018 People Staying Counts,CAP4,Weekday2_Midday,Weekday,Midday,20180727,1322,1332,,Sun-Exposed,77,UD4H,1,1,1,1,,,1,,,,,,,,,,1,,,,1,,,,,,,,,,,,,,,1,,,,,,,,,
"1,291",2018 People Staying Counts,CAP4,Weekday2_Midday,Weekday,Midday,20180727,1322,1332,,Sun-Exposed,77,UD4H,2,1,1,,,1,1,,,,,,,,,,1,,,,1,,,,,,,,,,,,1,,,,,,,,,,,,
"1,292",2018 People Staying Counts,CAP4,Weekday2_Evening,Weekday,Evening,20180727,1716,1726,,Sun-Shaded,80,UD4H,1,1,8,,1,,1,,,,,,,,,,,,1,,,,,1,,,,,,1,,1,1,,,,,,,,,,,,
"1,293",2018 People Staying Counts,CAP4,Weekday2_Evening,Weekday,Evening,20180727,1716,1726,,Sun-Shaded,80,UD4H,2,1,8,,1,,1,,,,,,,,,,1,,,,,,,1,,,,,,1,,1,1,,,,,,,,,,,,
"1,294",2018 People Staying Counts,CAP4,Weekday2_Evening,Weekday,Evening,20180727,1716,1726,,Sun-Shaded,80,UD4H,3,1,8,,1,,1,,,,,,,,,,1,,,,,,,1,,,,,,1,,1,1,,1,,,,,,,,,,
"1,295",2018 People Staying Counts,CAP4,Weekday2_Evening,Weekday,Evening,20180727,1716,1726,,Sun-Shaded,80,UD4H,4,1,8,,1,,,,,1,,,,,,,1,,,,,,,1,,,,,,1,,1,1,,,,,,,,,,,,
"1,296",2018 People Staying Counts,CAP4,Weekday2_Evening,Weekday,Evening,20180727,1716,1726,,Sun-Shaded,80,UD4H,5,1,8,1,,,1,,,,,,,,,,,1,,,,,,1,,,,,,1,,1,1,,,,,,,,,,,,
"1,297",2018 People Staying Counts,CAP4,Weekday2_Evening,Weekday,Evening,20180727,1716,1726,,Sun-Shaded,80,UD4H,6,1,8,1,,,1,,,,,,,,,,,1,,,,,,1,,,,,,1,,1,1,,,,,,,,,,,,
"1,298",2018 People Staying Counts,CAP4,Weekday2_Evening,Weekday,Evening,20180727,1716,1726,,Sun-Shaded,80,UD4H,7,1,8,1,,,,,,1,,,,,,,1,,,,,,,1,,,,,,1,,1,1,,,,,,,,,,,,
"1,299",2018 People Staying Counts,CAP4,Weekday2_Evening,Weekday,Evening,20180727,1716,1726,,Sun-Shaded,80,UD4H,8,1,8,,1,,1,,,,,,,,,,1,,,,,,,1,,,,,,1,,1,1,,,,,,,,,,,,
"1,300",2018 People Staying Counts,CAP4,Weekday2_Evening,Weekday,Evening,20180727,1716,1726,,Sun-Shaded,80,UD4H,9,1,2,,1,,,,,1,,,,,,,1,,,,,,,1,,,,,,1,,1,1,,,,,,,,,,,,
"1,301",2018 People Staying Counts,CAP4,Weekday2_Evening,Weekday,Evening,20180727,1716,1726,,Sun-Shaded,80,UD4H,10,1,2,,1,,,,,1,,,,,,,1,,,,,,,1,,,,,,1,,1,1,,,,,,,,,,,,
"1,302",2018 People Staying Counts,CAP4,Weekday2_Evening,Weekday,Evening,20180727,1716,1726,,Sun-Shaded,80,UD4H,11,1,2,,,1,1,,,,,,,,,,1,,,,,,,1,,,,,,1,,1,1,,1,,,,,,,,,,
"1,303",2018 People Staying Counts,CAP4,Weekday2_Evening,Weekday,Evening,20180727,1716,1726,,Sun-Shaded,80,UD4H,12,1,2,1,,,1,,,,,,,,,,1,,,,,,,1,,,,,,,,1,1,,1,,,,,,,,,,
"1,304",2018 People Staying Counts,CAP4,Weekday2_Evening,Weekday,Evening,20180727,1716,1726,,Sun-Shaded,80,UD4H,13,1,1,1,,,1,,,,,,,,,,,,,1,,1,,,,,,,,,,,,,,,1,,,,,,,,
"1,305",2018 People Staying Counts,CAP4,Weekday2_Evening,Weekday,Evening,20180727,1716,1726,,Sun-Shaded,80,UD4H,14,1,1,1,,,1,,,,,,,,,,1,,,,,1,,,,,,,,1,,1,,,1,,,,,,,,,,
"1,306",2018 People Staying Counts,CAP4,Weekday2_Evening,Weekday,Evening,20180727,1716,1726,,Sun-Shaded,80,UD4H,15,1,1,1,,,1,,,,,,,,,,,1,,,,,,1,,,,,,1,,1,,,1,,,,,,,,,,
"1,307",2018 People Staying Counts,CAP4,Weekday2_Evening,Weekday,Evening,20180727,1716,1726,,Sun-Shaded,80,UD4H,16,1,2,1,,,,,,1,,,,,,,1,,,,1,,,,,,,,,,,,1,,,,,,,1,,,,,
"1,308",2018 People Staying Counts,CAP4,Weekday2_Evening,Weekday,Evening,20180727,1716,1726,,Sun-Shaded,80,UD4H,17,1,2,1,,,1,,,,,,,,,,,,1,,1,,,,,,,,,,,,1,,,,,,,1,,,,,
"1,309",2018 People Staying Counts,CAP4,Weekday2_Evening,Weekday,Evening,20180727,1716,1726,,Sun-Shaded,80,UD4H,18,1,2,,1,,1,,,,,,,,,,,1,,,,1,,,,,,,,,,,1,,,,,,,1,,,,,
"1,310",2018 People Staying Counts,CAP4,Weekday2_Evening,Weekday,Evening,20180727,1716,1726,,Sun-Shaded,80,UD4H,19,1,2,,1,,1,,,,,,,,,,1,,,,1,,,,,,,,,,,,1,,,,,,,1,,,,,
"1,311",2018 People Staying Counts,CAP4,Weekday2_Evening,Weekday,Evening,20180727,1716,1726,,Sun-Shaded,80,UD4H,20,1,3,1,,,1,,,,,,,,,,,1,,,1,,,,,,,,,,,,1,,,,,,,1,,,,,
"1,312",2018 People Staying Counts,CAP4,Weekday2_Evening,Weekday,Evening,20180727,1716,1726,,Sun-Shaded,80,UD4H,21,1,3,1,,,1,,,,,,,,,,,1,,,1,,,,,,,,,,,,1,,,,,,,1,,,,,
"1,313",2018 People Staying Counts,CAP4,Weekday2_Evening,Weekday,Evening,20180727,1716,1726,,Sun-Shaded,80,UD4H,22,1,3,1,,,1,,,,,,,,,,1,,,,1,,,,,,,,,,,,1,,,,,,,1,,,,,
"1,314",2018 People Staying Counts,CAP4,Weekday2_Evening,Weekday,Evening,20180727,1716,1726,,Sun-Shaded,80,UD4H,23,1,1,1,,,,1,,,,,,,,,,1,,,,1,,,,,,,,,,,,,,,,,,1,,,,,
"1,315",2018 People Staying Counts,CAP4,Weekday2_Evening,Weekday,Evening,20180727,1716,1726,,Sun-Shaded,80,UD4H,24,1,1,,1,,1,,,,,,,,,,1,,,,1,,,,,,,,,,,,,,1,,1,,,,,,,,
"1,316",2018 People Staying Counts,CAP4,Weekend_Midday,Weekend,Midday,20180728,1322,1332,,Sun-Shaded,73,UD4H,1,1,2,,1,,1,,,,,,,,,,1,,,,1,,,,,,,,,,1,,1,,,,,,,,,,,,
"1,317",2018 People Staying Counts,CAP4,Weekend_Midday,Weekend,Midday,20180728,1322,1332,,Sun-Shaded,73,UD4H,2,1,2,1,,,1,,,,,,,,,,1,,,,1,,,,,,,,,,,,1,,1,,,,,,,,,,
"1,318",2018 People Staying Counts,CAP4,Weekend_Midday,Weekend,Midday,20180728,1322,1332,,Sun-Shaded,73,UD4H,3,1,1,,1,,1,,,,,,,,,,,1,,,1,,,,,,,,,,,,,,,,,,1,,,,,,
"1,319",2018 People Staying Counts,CAP4,Weekend_Midday,Weekend,Midday,20180728,1322,1332,,Sun-Shaded,73,UD4H,4,1,2,1,,,1,,,,,,,,,,,1,,,1,,,,,,,,,,,,1,,1,,,,,,,,,,
"1,320",2018 People Staying Counts,CAP4,Weekend_Midday,Weekend,Midday,20180728,1322,1332,,Sun-Shaded,73,UD4H,5,1,2,,1,,1,,,,,,,,,,,1,,,1,,,,,,,,,,,,1,,1,,,,,,,,,,
"1,321",2018 People Staying Counts,CAP4,Weekend_Evening,Weekend,Evening,20180728,1721,1731,,Sun-Shaded,80,UD4H,1,1,2,1,,,1,,,,,,,,,,,1,,,,,,1,,,,,,1,,1,1,,1,,,,,,,,,,
"1,322",2018 People Staying Counts,CAP4,Weekend_Evening,Weekend,Evening,20180728,1721,1731,,Sun-Shaded,80,UD4H,2,1,2,1,,,1,,,,,,,,,,,1,,,,,,1,,,,,,1,,1,1,,,,,,,,,,,,
"1,323",2018 People Staying Counts,CAP4,Weekend_Evening,Weekend,Evening,20180728,1721,1731,,Sun-Shaded,80,UD4H,3,1,2,,1,,1,,,,,,,,,,1,,,,,,,1,,,,,,1,,,1,,,,,,,,,,,,
"1,324",2018 People Staying Counts,CAP4,Weekend_Evening,Weekend,Evening,20180728,1721,1731,,Sun-Shaded,80,UD4H,4,1,2,1,,,1,,,,,,,,,,1,,,,,,,1,,,,,,1,,1,1,,,,,,,,,,,,
"1,325",2018 People Staying Counts,CAP4,Weekend_Evening,Weekend,Evening,20180728,1721,1731,,Sun-Shaded,80,UD4H,5,1,4,,1,,1,,,,,,,,,,,1,,,1,,,,,,,,,,,,1,,,,,,,1,,,,,
"1,326",2018 People Staying Counts,CAP4,Weekend_Evening,Weekend,Evening,20180728,1721,1731,,Sun-Shaded,80,UD4H,6,1,4,,1,,1,,,,,,,,,,,1,,,,1,,,,,,,,,,,1,,,,,,,1,,,,,
"1,327",2018 People Staying Counts,CAP4,Weekend_Evening,Weekend,Evening,20180728,1721,1731,,Sun-Shaded,80,UD4H,7,1,4,1,,,1,,,,,,,,,,,1,,,1,,,,,,,,,,,,1,,,,,,,1,,,,,
"1,328",2018 People Staying Counts,CAP4,Weekend_Evening,Weekend,Evening,20180728,1721,1731,,Sun-Shaded,80,UD4H,8,1,4,1,,,,1,,,,,,,,,,1,,,,1,,,,,,,,,,,1,,,,,,,1,,,,,
"1,329",2018 People Staying Counts,CAP4,Weekend_Evening,Weekend,Evening,20180728,1721,1731,,Sun-Shaded,80,UD4H,9,1,1,,1,,1,,,,,,,,,,,1,,,,1,,,,,,,,,,,1,,,,,,,1,,,,,
"1,330",2018 People Staying Counts,CAP4,Weekend_Evening,Weekend,Evening,20180728,1721,1731,,Sun-Shaded,80,UD4H,10,1,1,,1,,1,,,,,,,,,,,1,,,1,,,,,,,,,1,,1,,,,,,,,,,,,,
"1,331",2018 People Staying Counts,CAP4,Weekend_Evening,Weekend,Evening,20180728,1721,1731,,Sun-Shaded,80,UD4H,11,1,1,1,,,1,,,,,,,,,,,1,,,,,,1,,,,,,,,,,,,,,,,1,,,,,
"1,332",2018 People Staying Counts,CAP4,Weekend_Evening,Weekend,Evening,20180728,1721,1731,,Sun-Shaded,80,UD4H,12,1,1,1,,,1,,,,,,,,,,,1,,,,,,1,,,,,,1,,1,,,1,,,,,,,,,,
"1,333",2018 People Staying Counts,UPT4,Weekday1_Morning,Weekday,Morning,20180718,0942,0952,,Heavy Clouds,61,UD4H,1,1,1,1,,,1,,,,,,,,,,,1,,,1,,,,,,,,,,1,1,,,,,,,,,,,,,
"1,334",2018 People Staying Counts,UPT4,Weekday1_Morning,Weekday,Morning,20180718,0942,0952,,Heavy Clouds,61,UD4H,2,1,1,1,,,1,,,,,,,,,,,,1,,,,1,,,,,,,,,,,,,,1,,,,,,,,
"1,335",2018 People Staying Counts,UPT4,Weekday1_Morning,Weekday,Morning,20180718,0942,0952,,Heavy Clouds,61,UD4H,3,1,1,,1,,1,,,,,,,,,,,1,,,,1,,,,,,,,,,,,,,,,,,1,,,,,
"1,336",2018 People Staying Counts,UPT4,Weekday1_Midday,Weekday,Midday,20180718,1313,1323,,Sun-Shaded,70,UD4H,1,1,1,,1,,1,,,,,,,,,,,1,,,,,1,,,,,,,,,,,,1,,,,,,,,,,
"1,337",2018 People Staying Counts,UPT4,Weekday1_Midday,Weekday,Midday,20180718,1313,1323,,Sun-Shaded,70,UD4H,2,1,1,1,,,1,,,,,,,,,,,1,,,,1,,,,,,,,,,,,,,,,,,1,,,,,
"1,338",2018 People Staying Counts,UPT4,Weekday1_Evening,Weekday,Evening,20180718,1703,1713,,Sun-Shaded,74,UD4H,1,1,1,1,,,1,,,,,,,,,,,1,,,,1,,,,,,,,,,,,,,,,,,1,,,,,
"1,339",2018 People Staying Counts,UPT4,Weekday1_Evening,Weekday,Evening,20180718,1703,1713,,Sun-Shaded,74,UD4H,2,1,1,1,,,1,,,,,,,,,,,1,,,1,,,,,,,,,,,,,,,,,,,,,1,,,
"1,340",2018 People Staying Counts,UPT4,Weekday1_Evening,Weekday,Evening,20180718,1703,1713,,Sun-Shaded,74,UD4H,3,1,1,1,,,1,,,,,,,,,,,1,,,1,,,,,,,,,,,,,,1,,,,,,,,,,
"1,341",2018 People Staying Counts,UPT4,Weekday1_Evening,Weekday,Evening,20180718,1703,1713,,Sun-Shaded,74,UD4H,4,1,1,1,,,1,,,,,,,,,,1,,,,1,,,,,,,,,,,,,,1,,,,,,,,,,
"1,342",2018 People Staying Counts,UPT4,Weekday2_Morning,Weekday,Morning,20180719,0928,0938,,Heavy Clouds,59,UD4H,1,0,,,,,,,,,,,,,,,,,,,,,,,,,,,,,,,,,,,,,,,,,,,
"1,343",2018 People Staying Counts,UPT4,Weekday2_Midday,Weekday,Midday,20180719,1342,1352,,Heavy Clouds,63,UD4H,1,1,1,1,,,1,,,,,,,,,,,1,,,1,,,,,,,,,,,,,,1,,,,,,,,,,
"1,344",2018 People Staying Counts,UPT4,Weekday2_Midday,Weekday,Midday,20180719,1342,1352,,Heavy Clouds,63,UD4H,2,1,1,1,,,1,,,,,,,,,,,,1,,1,,,,,,,,,,,,,,1,,,,,,,,,,
"1,345",2018 People Staying Counts,UPT4,Weekday2_Midday,Weekday,Midday,20180719,1342,1352,,Heavy Clouds,63,UD4H,3,1,2,1,,,1,,,,,,,,,,,1,,,1,,,,,,,,,,,,1,,,,,,,,,,,,
"1,346",2018 People Staying Counts,UPT4,Weekday2_Midday,Weekday,Midday,20180719,1342,1352,,Heavy Clouds,63,UD4H,4,1,2,,1,,1,,,,,,,,,,,1,,,1,,,,,,,,,,,,1,,,,,,,,,,,,
"1,347",2018 People Staying Counts,UPT4,Weekday2_Evening,Weekday,Evening,20180719,1725,1735,,Heavy Clouds,67,UD4H,1,1,1,1,,,1,,,,,,,,,,,1,,,1,,,,,,,,,,,,,,1,,,,,1,,,,,
"1,348",2018 People Staying Counts,UPT4,Weekday2_Evening,Weekday,Evening,20180719,1725,1735,,Heavy Clouds,67,UD4H,2,1,1,1,,,,1,,,,,,,,,,1,,,,,1,,,,,,,,,,,,,,1,,,,,,,,
"1,349",2018 People Staying Counts,UPT4,Weekday2_Evening,Weekday,Evening,20180719,1725,1735,,Heavy Clouds,67,UD4H,3,1,2,1,,,1,,,,,,,,,,,1,,,1,,,,,,,,,,,,1,,1,,,,,,,,,,
"1,350",2018 People Staying Counts,UPT4,Weekday2_Evening,Weekday,Evening,20180719,1725,1735,,Heavy Clouds,67,UD4H,4,1,2,1,,,1,,,,,,,,,,,1,,,1,,,,,,,,,,,,1,,1,,,,,,,,,,
"1,351",2018 People Staying Counts,UPT4,Weekend_Midday,Weekend,Midday,20180721,1312,1322,,Sun-Shaded,71,UD4H,1,1,1,,1,,1,,,,,,,,,,1,,,,1,,,,,,,,,,,,,,1,,,,,,,,,,
"1,352",2018 People Staying Counts,UPT4,Weekend_Midday,Weekend,Midday,20180721,1312,1322,,Sun-Shaded,71,UD4H,2,1,1,,1,,1,,,,,,,,,,1,,,,1,,,,,,,,,,,,,,1,,,,,,,,,,
"1,353",2018 People Staying Counts,UPT4,Weekend_Evening,Weekend,Evening,20180721,1703,1713,,Sun-Shaded,75,UD4H,1,1,1,,1,,1,,,,,,,,,,,1,,,1,,,,,,,,,,,,,,1,,,,,,,,,,
"1,354",2018 People Staying Counts,UPT4,Weekend_Evening,Weekend,Evening,20180721,1703,1713,,Sun-Shaded,75,UD4H,2,1,1,1,,,,,,1,,,,,,,,1,,,1,,,,,,,,,,,,,,1,,,,,,,,,,
"1,355",2018 People Staying Counts,UPT4,Weekend_Evening,Weekend,Evening,20180721,1703,1713,,Sun-Shaded,75,UD4H,3,1,1,1,,,1,,,,,,,,,,,1,,,1,,,,,,,,,,,,,,1,,,,,,,,,,
"1,356",2018 People Staying Counts,UPT4,Weekend_Evening,Weekend,Evening,20180721,1703,1713,,Sun-Shaded,75,UD4H,4,1,1,1,,,,,,,,1,,,,,,1,,,,1,,,,,,,,,,,,,1,,,,,,,,,,
"1,357",2018 People Staying Counts,FHT2,Weekday1_Morning,Weekday,Morning,20180802,1010,1020,,Light Rain,63,UD4H,1,1,1,,1,,,1,,,,,,,,,,,1,,,,1,,,,,,,,,,,,1,,1,1,,,,,,,
"1,358",2018 People Staying Counts,FHT2,Weekday1_Morning,Weekday,Morning,20180802,1010,1020,,Light Rain,63,UD4H,2,1,1,,1,,,,,1,,,,,,,,1,,,,1,,,,,,,,,,,,,1,,,1,,,,,,,
"1,359",2018 People Staying Counts,FHT2,Weekday1_Morning,Weekday,Morning,20180802,1010,1020,,Light Rain,63,UD4H,3,1,1,1,,,,1,,,,,,,,,,1,,,,1,,,,,,,,,,,,,1,,,1,,,,,,,
"1,360",2018 People Staying Counts,FHT2,Weekday1_Morning,Weekday,Morning,20180802,1010,1020,,Light Rain,63,UD4H,4,1,1,,1,,1,,,,,,,,,,,1,,,1,,,,,,,,,,,,,,1,,,1,,,,,,,
"1,361",2018 People Staying Counts,FHT2,Weekday1_Morning,Weekday,Morning,20180802,1010,1020,,Light Rain,63,UD4H,5,1,1,,1,,1,,,,,,,,,,,,,1,,,1,,,,,,,,,,,,,,,1,,,,,,,
"1,362",2018 People Staying Counts,FHT2,Weekday1_Morning,Weekday,Morning,20180802,1010,1020,,Light Rain,63,UD4H,6,1,1,,1,,,,,1,,,,,,,,,,1,1,,,,,,,,,,,,,,,,,1,,,,,,,
"1,363",2018 People Staying Counts,FHT2,Weekday1_Morning,Weekday,Morning,20180802,1010,1020,,Light Rain,63,UD4H,7,1,1,,1,,,1,,,,,,,,,,,1,,,,1,,,,,,,,,,,,,,,1,,,,,,,
"1,364",2018 People Staying Counts,FHT2,Weekday1_Morning,Weekday,Morning,20180802,1010,1020,,Light Rain,63,UD4H,8,1,1,,1,,,,,1,,,,,,,,,1,,1,,,,,,,,,,,,,,,,,1,,,,,,,
"1,365",2018 People Staying Counts,FHT2,Weekday1_Morning,Weekday,Morning,20180802,1010,1020,,Light Rain,63,UD4H,9,1,1,1,,,1,,,,,,,,,,,,1,,1,,,,,,,,,,,,,,1,,,1,,,,,,,
"1,366",2018 People Staying Counts,FHT2,Weekday1_Midday,Weekday,Midday,20180802,1349,1359,,Heavy Clouds,66,UD4H,1,1,1,,1,,1,,,,,,,,,,,,1,,1,,,,,,,,,,,,1,,,,,1,,,,,,,
"1,367",2018 People Staying Counts,FHT2,Weekday1_Midday,Weekday,Midday,20180802,1349,1359,,Heavy Clouds,66,UD4H,2,1,1,,1,,1,,,,,,,,,,,,1,,1,,,,,,,,,,,,,,1,,,,,,,,,,
"1,368",2018 People Staying Counts,FHT2,Weekday1_Midday,Weekday,Midday,20180802,1349,1359,,Heavy Clouds,66,UD4H,3,1,1,1,,,1,,,,,,,,,,,1,,,1,,,,,,,,,,,,1,,1,,,1,,,,,,,
"1,369",2018 People Staying Counts,FHT2,Weekday1_Midday,Weekday,Midday,20180802,1349,1359,,Heavy Clouds,66,UD4H,4,1,1,1,,,1,,,,,,,,,,,1,,,1,,,,,,,,,,,,1,,,,,,,,,,,,
"1,370",2018 People Staying Counts,FHT2,Weekday1_Midday,Weekday,Midday,20180802,1349,1359,,Heavy Clouds,66,UD4H,5,1,1,1,,,1,,,,,,,,,,,1,,,1,,,,,,,,,,,,1,,,,,1,,,,,,,
"1,371",2018 People Staying Counts,FHT2,Weekday1_Midday,Weekday,Midday,20180802,1349,1359,,Heavy Clouds,66,UD4H,6,1,1,,1,,,,,1,,,,,,,,1,,,,,1,,,,,,,,,1,,,1,,,1,,,,,,,
"1,372",2018 People Staying Counts,FHT2,Weekday1_Midday,Weekday,Midday,20180802,1349,1359,,Heavy Clouds,66,UD4H,7,1,1,1,,,1,,,,,,,,,,,,,1,,,1,,,,,,,,,,,,1,,,,,,,,,,
"1,373",2018 People Staying Counts,FHT2,Weekday1_Midday,Weekday,Midday,20180802,1349,1359,,Heavy Clouds,66,UD4H,8,1,1,1,,,1,,,,,,,,,,,1,,,1,,,,,,,,,,,,,,,,,1,,,,,,,
"1,374",2018 People Staying Counts,FHT2,Weekday1_Evening,Weekday,Evening,20180802,1730,1740,,Heavy Clouds,70,UD4H,1,1,2,,1,,,,,1,,,,,,,,,1,,1,,,,,,,,,,,,,,1,,,1,,,,,,,
"1,375",2018 People Staying Counts,FHT2,Weekday1_Evening,Weekday,Evening,20180802,1730,1740,,Heavy Clouds,70,UD4H,2,1,1,,1,,1,,,,,,,,,,,1,,,,,1,,,,,,,,,,,,1,,,,,,,,,,
"1,376",2018 People Staying Counts,FHT2,Weekday1_Evening,Weekday,Evening,20180802,1730,1740,,Heavy Clouds,70,UD4H,3,1,2,1,,,,,,1,,,,,,,,,1,,1,,,,,,,,,,,,1,,,,,1,,,,,,,
"1,377",2018 People Staying Counts,FHT2,Weekday1_Evening,Weekday,Evening,20180802,1730,1740,,Heavy Clouds,70,UD4H,4,1,1,,1,,,,,1,,,,,,,,,1,,1,,,,,,,,,,,,,,1,,,1,,,,,,,
"1,378",2018 People Staying Counts,FHT2,Weekday1_Evening,Weekday,Evening,20180802,1730,1740,,Heavy Clouds,70,UD4H,5,1,1,,1,,1,,,,,,,,,,,,1,,1,,,,,,,,,,,,,,,,,1,,,,,,,
"1,379",2018 People Staying Counts,FHT2,Weekday1_Evening,Weekday,Evening,20180802,1730,1740,,Heavy Clouds,70,UD4H,6,1,1,,1,,,1,,,,,,,,,,1,,,1,,,,,,,,,,,,,,1,,,,,1,,,,,
"1,380",2018 People Staying Counts,FHT2,Weekday1_Evening,Weekday,Evening,20180802,1730,1740,,Heavy Clouds,70,UD4H,7,1,1,1,,,,1,,,,,,,,,,1,,,,,1,,,,,,,,,,,,1,,,1,,,,,,,
"1,381",2018 People Staying Counts,FHT2,Weekday1_Evening,Weekday,Evening,20180802,1730,1740,,Heavy Clouds,70,UD4H,8,1,1,,1,,,,,1,,,,,,,,1,,,,,1,,,,,,,,,,,,1,,,1,,,,,,,
"1,382",2018 People Staying Counts,FHT2,Weekday1_Evening,Weekday,Evening,20180802,1730,1740,,Heavy Clouds,70,UD4H,9,1,1,,1,,1,,,,,,,,,,,1,,,,,1,,,,,,,,,,,,1,,,1,,,,,,,
"1,383",2018 People Staying Counts,FHT2,Weekday1_Evening,Weekday,Evening,20180802,1730,1740,,Heavy Clouds,70,UD4H,10,1,1,,1,,,,,1,,,,,,,,,1,,1,,,,,,,,,,,,,,1,,,1,,,,,,,
"1,384",2018 People Staying Counts,FHT2,Weekday1_Evening,Weekday,Evening,20180802,1730,1740,,Heavy Clouds,70,UD4H,11,1,1,1,,,,,,,,,1,,,,1,,,,,,1,,,,,,,,,,,,1,,,1,,,,,,,
"1,385",2018 People Staying Counts,FHT2,Weekday1_Evening,Weekday,Evening,20180802,1730,1740,,Heavy Clouds,70,UD4H,12,1,1,,1,,1,,,,,,,,,,,1,,,1,,,,,,,,,,,,,,1,,,1,,,,,,,
"1,386",2018 People Staying Counts,FHT2,Weekday1_Evening,Weekday,Evening,20180802,1730,1740,,Heavy Clouds,70,UD4H,13,1,1,,1,,1,,,,,,,,,,,,1,,1,,,,,,,,,,,,,,,,,1,,,,,,,
"1,387",2018 People Staying Counts,FHT2,Weekday1_Evening,Weekday,Evening,20180802,1730,1740,,Heavy Clouds,70,UD4H,14,1,1,,1,,,,,1,,,,,,,,1,,,,,1,,,,,,,,,1,,,1,,,1,,,,,,,
"1,388",2018 People Staying Counts,FHT2,Weekday1_Evening,Weekday,Evening,20180802,1730,1740,,Heavy Clouds,70,UD4H,15,1,1,,1,,,,,1,,,,,,,,1,,,1,,,,,,,,,,,,1,,,,,1,,,,,,,
"1,389",2018 People Staying Counts,FHT2,Weekday1_Evening,Weekday,Evening,20180802,1730,1740,,Heavy Clouds,70,UD4H,16,1,1,,1,,,,,1,,,,,,,,1,,,,,1,,,,,,,1,,1,,,1,,,1,,,,,,,
"1,390",2018 People Staying Counts,FHT2,Weekday1_Evening,Weekday,Evening,20180802,1730,1740,,Heavy Clouds,70,UD4H,17,1,1,,1,,1,,,,,,,,,,,,1,,1,,,,,,,,,,,,,,1,,,,,,,,,,
"1,391",2018 People Staying Counts,FHT2,Weekday1_Evening,Weekday,Evening,20180802,1730,1740,,Heavy Clouds,70,UD4H,18,1,1,,1,,1,,,,,,,,,,,1,,,,,1,,,,,,,,,,,,,,,1,,,,,,,
"1,392",2018 People Staying Counts,FHT2,Weekday1_Evening,Weekday,Evening,20180802,1730,1740,,Heavy Clouds,70,UD4H,19,1,1,1,,,1,,,,,,,,,,,,1,,1,,,,,,,,,,,,,,1,,,,,1,,,,,
"1,393",2018 People Staying Counts,FHT2,Weekday2_Morning,Weekday,Morning,20180803,0939,0949,,Light Clouds,61,UD4H,1,1,1,,1,,1,,,,,,,,,,,,1,,1,,,,,,,,,,,,,,,,,1,,,,,,,
"1,394",2018 People Staying Counts,FHT2,Weekday2_Morning,Weekday,Morning,20180803,0939,0949,,Light Clouds,61,UD4H,2,1,1,1,,,,,,,,1,,,,,,,1,,1,,,,,,,,,,,,,,,,,,1,,,,,,
"1,395",2018 People Staying Counts,FHT2,Weekday2_Morning,Weekday,Morning,20180803,0939,0949,,Light Clouds,61,UD4H,3,1,3,1,,,,,,1,,,,,,,1,,,,,,1,,,,,,,,,,1,,,,,1,,,,,,,
"1,396",2018 People Staying Counts,FHT2,Weekday2_Morning,Weekday,Morning,20180803,0939,0949,,Light Clouds,61,UD4H,4,1,3,,1,,,,,1,,,,,,,1,,,,,,1,,,,,,,,,,1,,1,,,1,,,,,,,
"1,397",2018 People Staying Counts,FHT2,Weekday2_Morning,Weekday,Morning,20180803,0939,0949,,Light Clouds,61,UD4H,5,1,3,,1,,,,,1,,,,,,,,,1,,,,1,,,,,,,,,,1,,,,,1,,,,,,,
"1,398",2018 People Staying Counts,FHT2,Weekday2_Morning,Weekday,Morning,20180803,0939,0949,,Light Clouds,61,UD4H,6,1,4,1,,,1,,,,,,,,,,1,,,,1,,,,,,,,,,,,1,,,,1,,,,,,,,
"1,399",2018 People Staying Counts,FHT2,Weekday2_Morning,Weekday,Morning,20180803,0939,0949,,Light Clouds,61,UD4H,7,1,4,1,,,1,,,,,,,,,,1,,,,1,,,,,,,,,,,,1,,,,1,,,,,,,,
"1,400",2018 People Staying Counts,FHT2,Weekday2_Morning,Weekday,Morning,20180803,0939,0949,,Light Clouds,61,UD4H,8,1,4,1,,,1,,,,,,,,,,1,,,,1,,,,,,,,,,,,1,,,,1,,,,,,,,
"1,401",2018 People Staying Counts,FHT2,Weekday2_Morning,Weekday,Morning,20180803,0939,0949,,Light Clouds,61,UD4H,9,1,4,1,,,1,,,,,,,,,,1,,,,1,,,,,,,,,,,,1,,,,1,,,,,,,,
"1,402",2018 People Staying Counts,FHT2,Weekday2_Midday,Weekday,Midday,20180803,1232,1242,,Sun-Shaded,68,UD4H,1,1,1,1,,,,1,,,,,,,,,,,1,,,,,,,,1,,,,,,,,,,1,,,,,,,,
"1,403",2018 People Staying Counts,FHT2,Weekday2_Midday,Weekday,Midday,20180803,1232,1242,,Sun-Shaded,68,UD4H,2,1,1,1,,,1,,,,,,,,,,,1,,,,,1,,,,,,,1,,1,,,1,,,,,,,1,,,
"1,404",2018 People Staying Counts,FHT2,Weekday2_Midday,Weekday,Midday,20180803,1232,1242,,Sun-Shaded,68,UD4H,3,1,2,,1,,1,,,,,,,,,,,1,,,,,1,,,,,,,,,,1,,1,,,,,,,,,,
"1,405",2018 People Staying Counts,FHT2,Weekday2_Midday,Weekday,Midday,20180803,1232,1242,,Sun-Shaded,68,UD4H,4,1,2,1,,,1,,,,,,,,,,,1,,,1,,,,,,,,,,,,1,,1,,,,,,,,,,
"1,406",2018 People Staying Counts,FHT2,Weekday2_Midday,Weekday,Midday,20180803,1232,1242,,Sun-Shaded,68,UD4H,5,1,1,1,,,1,,,,,,,,,,,1,,,,,1,,,,,,,,,,,,1,,,,,,,,,,
"1,407",2018 People Staying Counts,FHT2,Weekday2_Midday,Weekday,Midday,20180803,1232,1242,,Sun-Shaded,68,UD4H,6,1,1,,1,,1,,,,,,,,,,,1,,,1,,,,,,,,,,,,,,1,,,,,,,,,,
"1,408",2018 People Staying Counts,FHT2,Weekday2_Midday,Weekday,Midday,20180803,1232,1242,,Sun-Shaded,68,UD4H,7,1,1,,1,,,1,,,,,,,,,,1,,,1,,,,,,,,,,,,,,1,,,,,,,,,,
"1,409",2018 People Staying Counts,FHT2,Weekday2_Midday,Weekday,Midday,20180803,1232,1242,,Sun-Shaded,68,UD4H,8,1,2,,1,,,,,1,,,,,,,,1,,,,,1,,,,,,,,,,1,,1,,,,,,,,,,
"1,410",2018 People Staying Counts,FHT2,Weekday2_Midday,Weekday,Midday,20180803,1232,1242,,Sun-Shaded,68,UD4H,9,1,2,,1,,,,,1,,,,,,,,1,,,,,1,,,,,,,,,,1,,1,,,,,,,,,,
"1,411",2018 People Staying Counts,FHT2,Weekday2_Midday,Weekday,Midday,20180803,1232,1242,,Sun-Shaded,68,UD4H,10,1,1,,1,,1,,,,,,,,,,,,1,,1,,,,,,,,,,,,,,1,,,,,,,,,,
"1,412",2018 People Staying Counts,FHT2,Weekday2_Midday,Weekday,Midday,20180803,1232,1242,,Sun-Shaded,68,UD4H,11,1,1,,1,,1,,,,,,,,,,,1,,,,,1,,,,,,,1,,1,,,,,1,,,,,,,,
"1,413",2018 People Staying Counts,FHT2,Weekday2_Midday,Weekday,Midday,20180803,1232,1242,,Sun-Shaded,68,UD4H,12,1,1,,1,,1,,,,,,,,,,,,1,,,,1,,,,,,,,,,,,,,,1,,,,,,,
"1,414",2018 People Staying Counts,FHT2,Weekday2_Midday,Weekday,Midday,20180803,1232,1242,,Sun-Shaded,68,UD4H,13,1,1,,1,,1,,,,,,,,,,,1,,,1,,,,,,,,,,,,,,1,,,1,,,,,,,
"1,415",2018 People Staying Counts,FHT2,Weekday2_Midday,Weekday,Midday,20180803,1232,1242,,Sun-Shaded,68,UD4H,14,1,2,,1,,1,,,,,,,,,,,,,1,1,,,,,,,,,,,,1,,1,,,,,,,,,,
"5,488",2018 People Staying Counts,RAI2,Weekday1_Midday,Weekday,Midday,20180821,1312,1322,,Light Clouds,80,UD4H,1,0,,,,,,,,,,,,,,,,,,,,,,,,,,,,,,,,,,,,,,,,,,,
"1,416",2018 People Staying Counts,FHT2,Weekday2_Midday,Weekday,Midday,20180803,1232,1242,,Sun-Shaded,68,UD4H,15,1,2,1,,,1,,,,,,,,,,,,,1,1,,,,,,,,,,,,1,,1,,,,,,,,,,
"1,417",2018 People Staying Counts,FHT2,Weekday2_Evening,Weekday,Evening,20180803,1727,1737,,Sun-Shaded,72,UD4H,1,1,1,1,,,,,,,,1,,,,,,1,,,,,1,,,,,,,,,,,,1,,,1,,,,,,,
"1,418",2018 People Staying Counts,FHT2,Weekday2_Evening,Weekday,Evening,20180803,1727,1737,,Sun-Shaded,72,UD4H,2,1,1,1,,,,1,,,,,,,,,,,1,,,,,,,,1,,,,,,,,,,1,,,,,,,,
"1,419",2018 People Staying Counts,FHT2,Weekday2_Evening,Weekday,Evening,20180803,1727,1737,,Sun-Shaded,72,UD4H,3,1,1,,1,,1,,,,,,,,,,,,1,,1,,,,,,,,,,,,,,,,,1,,,,,,,
"1,420",2018 People Staying Counts,FHT2,Weekday2_Evening,Weekday,Evening,20180803,1727,1737,,Sun-Shaded,72,UD4H,4,1,2,,1,,,,,1,,,,,,,,1,,,,,1,,,,,,,,,,1,,1,,,1,,,,,,,
"1,421",2018 People Staying Counts,FHT2,Weekday2_Evening,Weekday,Evening,20180803,1727,1737,,Sun-Shaded,72,UD4H,5,1,2,,1,,,,,1,,,,,,,,,1,,1,,,,,,,,,,,,1,,,,,1,,,,,,,
"1,422",2018 People Staying Counts,FHT2,Weekday2_Evening,Weekday,Evening,20180803,1727,1737,,Sun-Shaded,72,UD4H,6,1,1,1,,,,,,1,,,,,,,,,1,,1,,,,,,,,,,,,,,,,,1,,,,,,,
"1,423",2018 People Staying Counts,FHT2,Weekday2_Evening,Weekday,Evening,20180803,1727,1737,,Sun-Shaded,72,UD4H,7,1,1,,1,,1,,,,,,,,,,,1,,,,,1,,,,,,,,,,,,1,,,1,,,,,,,
"1,424",2018 People Staying Counts,FHT2,Weekday2_Evening,Weekday,Evening,20180803,1727,1737,,Sun-Shaded,72,UD4H,8,1,1,,1,,1,,,,,,,,,,,,1,,,,1,,,,,,,,,,,,1,,,1,,,,,,,
"1,425",2018 People Staying Counts,FHT2,Weekday2_Evening,Weekday,Evening,20180803,1727,1737,,Sun-Shaded,72,UD4H,9,1,2,1,,,1,,,,,,,,,,,,1,,1,,,,,,,,,,,,1,,1,,,1,,,,,,,
"1,426",2018 People Staying Counts,FHT2,Weekday2_Evening,Weekday,Evening,20180803,1727,1737,,Sun-Shaded,72,UD4H,10,1,2,,1,,,,,1,,,,,,,,,1,,,,1,,,,,,,,,,1,,,,,1,,,,,,,
"1,427",2018 People Staying Counts,FHT2,Weekday2_Evening,Weekday,Evening,20180803,1727,1737,,Sun-Shaded,72,UD4H,11,1,1,,1,,,,,1,,,,,,,,,1,,1,,,,,,,,,,,,,,1,,,1,,,,,,,
"1,428",2018 People Staying Counts,FHT2,Weekday2_Evening,Weekday,Evening,20180803,1727,1737,,Sun-Shaded,72,UD4H,12,1,1,,1,,,,,1,,,,,,,,,1,,1,,,,,,,,,,,,,,,,,1,,,,,,,
"1,429",2018 People Staying Counts,FHT2,Weekday2_Evening,Weekday,Evening,20180803,1727,1737,,Sun-Shaded,72,UD4H,13,1,2,1,,,1,,,,,,,,,,,,1,,,,1,,,,,,,,,,1,,,,,,,,,,,,
"1,430",2018 People Staying Counts,FHT2,Weekday2_Evening,Weekday,Evening,20180803,1727,1737,,Sun-Shaded,72,UD4H,14,1,2,1,,,1,,,,,,,,,,,,1,,,,1,,,,,,,,,,1,,,,,,,,,,,,
"1,431",2018 People Staying Counts,FHT2,Weekend_Midday,Weekend,Midday,20180804,1349,1359,,Sun-Shaded,70,UD4H,1,1,1,,1,,,1,,,,,,,,,,,1,,,,1,,,,,,,,,1,,,1,,,1,,,,,,,
"1,432",2018 People Staying Counts,FHT2,Weekend_Midday,Weekend,Midday,20180804,1349,1359,,Sun-Shaded,70,UD4H,2,1,1,,1,,,1,,,,,,,,,,1,,,,,1,,,,,,,,,,,,1,,1,1,,,,,,,
"1,433",2018 People Staying Counts,FHT2,Weekend_Midday,Weekend,Midday,20180804,1349,1359,,Sun-Shaded,70,UD4H,3,1,1,1,,,1,,,,,,,,,,,1,,,,,1,,,,,,,,,,,,1,,,1,,,,,,,
"1,434",2018 People Staying Counts,FHT2,Weekend_Midday,Weekend,Midday,20180804,1349,1359,,Sun-Shaded,70,UD4H,4,1,1,,1,,,1,,,,,,,,,1,,,,1,,,,,,,,,,,,,,1,,,,,,,,,,
"1,435",2018 People Staying Counts,FHT2,Weekend_Midday,Weekend,Midday,20180804,1349,1359,,Sun-Shaded,70,UD4H,5,1,1,1,,,,1,,,,,,,,,,,1,,,,1,,,,,,,,,,,,,,,1,,,,,,,
"1,436",2018 People Staying Counts,FHT2,Weekend_Midday,Weekend,Midday,20180804,1349,1359,,Sun-Shaded,70,UD4H,6,1,2,1,,,1,,,,,,,,,,,1,,,1,,,,,,,,,,,1,1,,,,1,,,,,,,,
"1,437",2018 People Staying Counts,FHT2,Weekend_Midday,Weekend,Midday,20180804,1349,1359,,Sun-Shaded,70,UD4H,7,1,2,,1,,,,,1,,,,,,,,1,,,1,,,,,,,,,,,,1,,,,1,,,,,,,,
"1,438",2018 People Staying Counts,FHT2,Weekend_Midday,Weekend,Midday,20180804,1349,1359,,Sun-Shaded,70,UD4H,8,1,1,1,,,,,,,,1,,,,,,1,,,,,,,,1,,,,,,,,,1,,1,,,,,,,,
"1,439",2018 People Staying Counts,FHT2,Weekend_Midday,Weekend,Midday,20180804,1349,1359,,Sun-Shaded,70,UD4H,9,1,1,,1,,1,,,,,,,,,,,1,,,1,,,,,,,,,,,,,,1,,,1,,,,,,,
"1,440",2018 People Staying Counts,FHT2,Weekend_Midday,Weekend,Midday,20180804,1349,1359,,Sun-Shaded,70,UD4H,10,1,1,1,,,1,,,,,,,,,,,,,1,1,,,,,,,,,,,,,,,,1,,,,,,,,
"1,441",2018 People Staying Counts,FHT2,Weekend_Midday,Weekend,Midday,20180804,1349,1359,,Sun-Shaded,70,UD4H,11,1,1,,1,,,,,,,1,,,,,,,1,,1,,,,,,,,,,,,,,,,,1,,,,,,,
"1,442",2018 People Staying Counts,FHT2,Weekend_Midday,Weekend,Midday,20180804,1349,1359,,Sun-Shaded,70,UD4H,12,1,1,,1,,1,,,,,,,,,,,,1,,,,1,,,,,,,1,,1,,,,,1,,,1,,,,,
"1,443",2018 People Staying Counts,FHT2,Weekend_Evening,Weekend,Evening,20180804,1628,1638,,Sun-Shaded,77,UD4H,1,1,1,1,,,1,,,,,,,,,,,,,1,,,1,,,,,,,,,,1,,,,,1,,,,,,,
"1,444",2018 People Staying Counts,FHT2,Weekend_Evening,Weekend,Evening,20180804,1628,1638,,Sun-Shaded,77,UD4H,2,1,1,1,,,,1,,,,,,,,,,,1,,,,1,,,,,1,,,,,1,,1,,1,1,,,,,,,
"5,489",2018 People Staying Counts,RAI2,Weekday1_Evening,Weekday,Evening,20180821,1707,1717,,Light Clouds,82,UD4H,1,0,,,,,,,,,,,,,,,,,,,,,,,,,,,,,,,,,,,,,,,,,,,
"1,445",2018 People Staying Counts,FHT2,Weekend_Evening,Weekend,Evening,20180804,1628,1638,,Sun-Shaded,77,UD4H,3,1,1,,1,,,,,1,,,,,,,,,1,,,,1,,,,,,,,,,,,1,,,1,,,,,,,
"1,446",2018 People Staying Counts,FHT2,Weekend_Evening,Weekend,Evening,20180804,1628,1638,,Sun-Shaded,77,UD4H,4,1,1,1,,,,1,,,,,,,,,,1,,,1,,,,,,,,,,,,,,,,1,,,,,,,,
"1,447",2018 People Staying Counts,WED2,Weekday1_Morning,Weekday,Morning,20180906,0922,0932,,Sun-Exposed,59,UD4H,1,0,,,,,,,,,,,,,,,,,,,,,,,,,,,,,,,,,,,,,,,,,,,
"1,448",2018 People Staying Counts,WED2,Weekday1_Midday,Weekday,Midday,20180906,1316,1326,,Sun-Shaded,73,UD4H,1,1,1,,1,,1,,,,,,,,,,,,1,,1,,,,,,,,,,1,,,,,,,,,,,,,,
"1,449",2018 People Staying Counts,WED2,Weekday1_Evening,Weekday,Evening,20180906,1706,1716,,Sun-Shaded,83,UD4H,1,0,,,,,,,,,,,,,,,,,,,,,,,,,,,,,,,,,,,,,,,,,,,
"1,450",2018 People Staying Counts,WED2,Weekday2_Morning,Weekday,Morning,20180907,0923,0933,,Heavy Clouds,59,UD4H,1,0,,,,,,,,,,,,,,,,,,,,,,,,,,,,,,,,,,,,,,,,,,,
"1,451",2018 People Staying Counts,WED2,Weekday2_Midday,Weekday,Midday,20180807,1328,1338,,Sun-Shaded,70,UD4H,1,1,1,1,,,1,,,,,,,,,,,1,,,1,,,,,,,,1,,,,,,,,,,,1,,,,,
"1,452",2018 People Staying Counts,WED2,Weekday2_Evening,Weekday,Evening,20180907,1704,1714,,Sun-Shaded,70,UD4H,1,0,,,,,,,,,,,,,,,,,,,,,,,,,,,,,,,,,,,,,,,,,,,
"1,453",2018 People Staying Counts,WED2,Weekend_Midday,Weekend,Midday,20180915,1305,1315,,Heavy Clouds,62,UD4H,1,0,,,,,,,,,,,,,,,,,,,,,,,,,,,,,,,,,,,,,,,,,,,
"1,454",2018 People Staying Counts,WED2,Weekend_Evening,Weekend,Evening,20180915,1720,1730,,Light Rain,63,UD4H,1,0,,,,,,,,,,,,,,,,,,,,,,,,,,,,,,,,,,,,,,,,,,,
"1,455",2018 People Staying Counts,WHP1,Weekday1_Morning,Weekday,Morning,20180919,0846,0856,,Sun-Shaded,54,UD4H,1,0,,,,,,,,,,,,,,,,,,,,,,,,,,,,,,,,,,,,,,,,,,,
"1,456",2018 People Staying Counts,WHP1,Weekday1_Midday,Weekday,Midday,20180919,1221,1231,,Sun-Shaded,62,UD4H,1,0,,,,,,,,,,,,,,,,,,,,,,,,,,,,,,,,,,,,,,,,,,,
"1,457",2018 People Staying Counts,WHP1,Weekday1_Evening,Weekday,Evening,20180919,1621,1631,,Sun-Shaded,68,UD4H,1,0,,,,,,,,,,,,,,,,,,,,,,,,,,,,,,,,,,,,,,,,,,,
"1,458",2018 People Staying Counts,WHP1,Weekday2_Morning,Weekday,Morning,20180920,0840,0850,,Heavy Clouds,56,UD4H,1,0,,,,,,,,,,,,,,,,,,,,,,,,,,,,,,,,,,,,,,,,,,,
"1,459",2018 People Staying Counts,WHP1,Weekday2_Midday,Weekday,Midday,20180920,1221,1231,,Heavy Clouds,60,UD4H,1,1,1,,1,,,,,,,1,,,,,,1,,,1,,,,,,,,,,,,,,1,,,,,,,,,,
"1,460",2018 People Staying Counts,WHP1,Weekday2_Evening,Weekday,Evening,20180920,1620,1630,,Light Clouds,64,UD4H,1,0,,,,,,,,,,,,,,,,,,,,,,,,,,,,,,,,,,,,,,,,,,,
"1,461",2018 People Staying Counts,WHP1,Weekend_Midday,Weekend,Midday,20180922,1225,1235,,Light Clouds,65,UD4H,1,0,,,,,,,,,,,,,,,,,,,,,,,,,,,,,,,,,,,,,,,,,,,
"1,462",2018 People Staying Counts,WHP1,Weekend_Evening,Weekend,Evening,20180922,1624,1634,,Light Clouds,66,UD4H,1,1,1,1,,,1,,,,,,,,,,,1,,,1,,,,,,,,,,,,,,,,1,,,,,,,,
"1,463",2018 People Staying Counts,WHP1,Weekend_Evening,Weekend,Evening,20180922,1624,1634,,Light Clouds,66,UD4H,2,1,1,,1,,,,,,,1,,,,,,1,,,1,,,,,,,,,,,,,,1,,,,,,,,,,
"1,464",2018 People Staying Counts,WES3,Weekday1_Morning,Weekday,Morning,20180816,0850,0900,,Heavy Clouds,63,UD4H,1,1,1,,1,,1,,,,,,,,,,,1,,,1,,,,,,,,,,,,,,1,,,,,,,,,,
"1,465",2018 People Staying Counts,WES3,Weekday1_Morning,Weekday,Morning,20180816,0850,0900,,Heavy Clouds,63,UD4H,2,1,2,1,,,1,,,,,,,,,,,1,,,1,,,,,,,,,,,,1,,,,,,,,,,,,
"1,466",2018 People Staying Counts,WES3,Weekday1_Morning,Weekday,Morning,20180816,0850,0900,,Heavy Clouds,63,UD4H,3,1,2,,1,,1,,,,,,,,,,,1,,,1,,,,,,,,,,,,1,,,,,,,,,,,,
"1,467",2018 People Staying Counts,WES3,Weekday1_Morning,Weekday,Morning,20180816,0850,0900,,Heavy Clouds,63,UD4H,4,1,1,1,,,1,,,,,,,,,,,,1,,1,,,,,,,,,,,,,,1,,,,,,,,,,
"1,468",2018 People Staying Counts,WES3,Weekday1_Morning,Weekday,Morning,20180816,0850,0860,,Heavy Clouds,63,UD4H,5,1,1,1,,,1,,,,,,,,,,,,1,,1,,,,,,,,,,,,,,1,,,,,,,,,,
"1,469",2018 People Staying Counts,WES3,Weekday1_Midday,Weekday,Midday,20180816,1233,1243,,Heavy Clouds,63,UD4H,1,1,1,,1,,,,1,,,,,,,,,,1,,1,,,,,,,,,,,,1,,,,,,,,,,,,
"1,470",2018 People Staying Counts,WES3,Weekday1_Midday,Weekday,Midday,20180816,1233,1243,,Heavy Clouds,63,UD4H,2,1,4,,1,,1,,,,,,,,,,,1,,,1,,,,,,,,,,1,,1,,,,,,,,,,,,
"1,471",2018 People Staying Counts,WES3,Weekday1_Midday,Weekday,Midday,20180816,1233,1243,,Heavy Clouds,63,UD4H,3,1,4,,1,,1,,,,,,,,,,1,,,,1,,,,,,,,,,1,,1,,,,1,,,,,,,,
"1,472",2018 People Staying Counts,WES3,Weekday1_Midday,Weekday,Midday,20180816,1233,1243,,Heavy Clouds,63,UD4H,4,1,4,1,,,1,,,,,,,,1,,,,,,1,,,,,,,,,,,,1,,,,,,,,,,,,
"1,473",2018 People Staying Counts,WES3,Weekday1_Midday,Weekday,Midday,20180816,1233,1243,,Heavy Clouds,63,UD4H,5,1,4,,1,,1,,,,,,,,,1,,,,,1,,,,,,,,,,,,1,,,,,,,,,,,,
"1,474",2018 People Staying Counts,WES3,Weekday1_Midday,Weekday,Midday,20180816,1233,1243,,Heavy Clouds,63,UD4H,6,1,2,1,,,1,,,,,,,,,,,,1,,1,,,,,,,,,,1,,1,,,,,,,,,,,,
"1,475",2018 People Staying Counts,WES3,Weekday1_Midday,Weekday,Midday,20180816,1233,1243,,Heavy Clouds,63,UD4H,7,1,2,,1,,1,,,,,,,,,,,,1,,1,,,,,,,,,,1,,,,,,,,,,,,,,
"1,476",2018 People Staying Counts,WES3,Weekday1_Midday,Weekday,Midday,20180816,1233,1243,,Heavy Clouds,63,UD4H,8,1,1,1,,,1,,,,,,,,,,,1,,,1,,,,,,,,,,,,,,,,1,,,,,,,,
"1,477",2018 People Staying Counts,WES3,Weekday1_Midday,Weekday,Midday,20180816,1233,1243,,Heavy Clouds,63,UD4H,9,1,1,,1,,1,,,,,,,,,,,,1,,1,,,,,,,,,,,,,,,,1,,,,,,,,
"1,478",2018 People Staying Counts,WES3,Weekday1_Midday,Weekday,Midday,20180816,1233,1243,,Heavy Clouds,63,UD4H,10,1,2,1,,,1,,,,,,,,,,,1,,,1,,,,,,,,,,,,,,,,1,,,,,,,,
"1,479",2018 People Staying Counts,WES3,Weekday1_Midday,Weekday,Midday,20180816,1233,1243,,Heavy Clouds,63,UD4H,11,1,2,,,1,1,,,,,,,,1,,,,,,,,,,1,,,,,,,,,,,,1,,,,,,,,
"1,480",2018 People Staying Counts,WES3,Weekday1_Midday,Weekday,Midday,20180816,1233,1243,,Heavy Clouds,63,UD4H,12,1,1,,1,,1,,,,,,,,,,,,1,,1,,,,,,,,,,1,,,,,,,,,,,,,,
"1,481",2018 People Staying Counts,WES3,Weekday1_Evening,Weekday,Evening,20180816,1626,1636,,Light Clouds,75,UD4H,1,1,1,1,,,1,,,,,,,,,,1,,,,,,1,,,,,,,,,,,,1,,,,,,,,,,
"1,482",2018 People Staying Counts,WES3,Weekday1_Evening,Weekday,Evening,20180816,1626,1636,,Light Clouds,75,UD4H,2,1,2,1,,,1,,,,,,,,,,,,1,,1,,,,,,,,,,,,1,,,,,,,,,,,,
"1,483",2018 People Staying Counts,WES3,Weekday1_Evening,Weekday,Evening,20180816,1626,1636,,Light Clouds,75,UD4H,3,1,2,,1,,1,,,,,,,,,,,,1,,,,1,,,,,,,,,,1,,,,,,,,,,,,
"1,484",2018 People Staying Counts,WES3,Weekday1_Evening,Weekday,Evening,20180816,1626,1636,,Light Clouds,75,UD4H,4,1,3,1,,,1,,,,,,,,,,,,1,,1,,,,,,,,,,,,1,,,,,,,,,,,,
"1,485",2018 People Staying Counts,WES3,Weekday1_Evening,Weekday,Evening,20180816,1626,1636,,Light Clouds,75,UD4H,5,1,3,1,,,1,,,,,,,,,,,,1,,1,,,,,,,,,,,,1,,,,,,,,,,,,
"1,486",2018 People Staying Counts,WES3,Weekday1_Evening,Weekday,Evening,20180816,1626,1636,,Light Clouds,75,UD4H,6,1,3,,1,,1,,,,,,,,,,,,1,,1,,,,,,,,,,,,1,,,,,,,,,,,,
"1,487",2018 People Staying Counts,WES3,Weekday1_Evening,Weekday,Evening,20180816,1626,1636,,Light Clouds,75,UD4H,7,1,1,,1,,1,,,,,,,,,,,,,1,1,,,,,,,,,,1,,,,,,,,,,,,,,
"1,488",2018 People Staying Counts,WES3,Weekday1_Evening,Weekday,Evening,20180816,1626,1636,,Light Clouds,75,UD4H,8,1,4,,1,,1,,,,,,,,,,,,,1,1,,,,,,,,,,,,1,,,,,,,,,,,,
"1,489",2018 People Staying Counts,WES3,Weekday1_Evening,Weekday,Evening,20180816,1626,1636,,Light Clouds,75,UD4H,9,1,4,,1,,1,,,,,,,,,,,1,,,1,,,,,,,,,,,,1,,,,,,,,,,,,
"1,490",2018 People Staying Counts,WES3,Weekday1_Evening,Weekday,Evening,20180816,1626,1636,,Light Clouds,75,UD4H,10,1,4,1,,,1,,,,,,,,,,,1,,,1,,,,,,,,,,,,1,,,,,,,,,,,,
"1,491",2018 People Staying Counts,WES3,Weekday1_Evening,Weekday,Evening,20180816,1626,1636,,Light Clouds,75,UD4H,11,1,4,1,,,1,,,,,,,,1,,,,,,,,,,1,,,,,,,,,,,,1,,,,,,,,
"1,492",2018 People Staying Counts,WES3,Weekday1_Evening,Weekday,Evening,20180816,1626,1636,,Light Clouds,75,UD4H,12,1,1,1,,,1,,,,,,,,,,,1,,,1,,,,,,,,,,,,1,,,,,,,,,,,1,
"1,493",2018 People Staying Counts,WES3,Weekday1_Evening,Weekday,Evening,20180816,1626,1636,,Light Clouds,75,UD4H,13,1,1,1,,,,,,1,,,,,,,,,1,,,,1,,,,,,,,,,,,1,,,,,,,,,,
"1,494",2018 People Staying Counts,WES3,Weekday1_Evening,Weekday,Evening,20180816,1626,1636,,Light Clouds,75,UD4H,14,1,1,,1,,1,,,,,,,,,,1,,,,1,,,,,,,,,,,,,,,1,,,,,,,,,
"1,495",2018 People Staying Counts,WES3,Weekday1_Evening,Weekday,Evening,20180816,1626,1636,,Light Clouds,75,UD4H,15,1,1,1,,,1,,,,,,,,,,,1,,,1,,,,,,,,,,1,,,,,,,,,,,,,,
"1,496",2018 People Staying Counts,WES3,Weekday2_Morning,Weekday,Morning,20180817,0835,0845,,Heavy Clouds,55,UD4H,1,1,1,1,,,,,,1,,,,,,,,1,,,1,,,,,,,,,,,,,,,,,,1,,,,,,
"1,497",2018 People Staying Counts,WES3,Weekday2_Morning,Weekday,Morning,20180817,0835,0845,,Heavy Clouds,55,UD4H,2,1,1,1,,,1,,,,,,,,,,,1,,,,,1,,,,,,,,,1,,,,,1,,,,,,,,
"1,498",2018 People Staying Counts,WES3,Weekday2_Morning,Weekday,Morning,20180817,0835,0845,,Heavy Clouds,55,UD4H,3,1,1,1,,,,,,1,,,,,,,,1,,,1,,,,,,,,,,,,,,1,,,,,,,,,,
"1,499",2018 People Staying Counts,WES3,Weekday2_Morning,Weekday,Morning,20180817,0835,0845,,Heavy Clouds,55,UD4H,4,1,1,1,,,1,,,,,,,,,,,,1,,,,1,,,,,,1,,,1,1,,,,,,,,,,,,
"1,500",2018 People Staying Counts,WES3,Weekday2_Midday,Weekday,Midday,20180817,1226,1236,,Light Clouds,66,UD4H,1,1,1,,1,,1,,,,,,,,,,,,,1,1,,,,,,,,,,1,,,,,,,,,,,,,,
"1,501",2018 People Staying Counts,WES3,Weekday2_Midday,Weekday,Midday,20180817,1226,1236,,Light Clouds,66,UD4H,2,1,1,1,,,1,,,,,,,,,,,1,,,1,,,,,,,,,,,,,,1,,,,,,,,,,
"1,502",2018 People Staying Counts,WES3,Weekday2_Midday,Weekday,Midday,20180817,1226,1236,,Light Clouds,66,UD4H,3,1,2,1,,,1,,,,,,,,,1,,,,,,,1,,,,,,,,,,1,,,,,,,,,,,,
"1,503",2018 People Staying Counts,WES3,Weekday2_Midday,Weekday,Midday,20180817,1226,1236,,Light Clouds,66,UD4H,4,1,2,,1,,,,,1,,,,,1,,,,,,,,1,,,,,,,,,,,,,,1,,,,,,,,
"1,504",2018 People Staying Counts,WES3,Weekday2_Midday,Weekday,Midday,20180817,1226,1236,,Light Clouds,66,UD4H,5,1,1,,1,,1,,,,,,,,,,,1,,,1,,,,,,,,,,1,,,,,,,,,,,,,,
"1,505",2018 People Staying Counts,WES3,Weekday2_Midday,Weekday,Midday,20180817,1226,1236,,Light Clouds,66,UD4H,6,1,2,,1,,1,,,,,,,,,,,,,1,1,,,,,,,,,,1,,1,,,,,,,,,,,,
"1,506",2018 People Staying Counts,WES3,Weekday2_Midday,Weekday,Midday,20180817,1226,1236,,Light Clouds,66,UD4H,7,1,2,,1,,1,,,,,,,,,,,,1,,1,,,,,,,,,,1,,1,,,,,,,,,,,,
"1,507",2018 People Staying Counts,WES3,Weekday2_Midday,Weekday,Midday,20180817,1226,1236,,Light Clouds,66,UD4H,8,1,2,,1,,1,,,,,,,,,,,1,,,1,,,,,,,,,,,,,,,,1,,,,,,,,
"1,508",2018 People Staying Counts,WES3,Weekday2_Midday,Weekday,Midday,20180817,1226,1236,,Light Clouds,66,UD4H,9,1,2,,,1,1,,,,,,,,1,,,,,,,,,,1,,,,,,,,,,,,1,,,,,,,,
"1,509",2018 People Staying Counts,WES3,Weekday2_Midday,Weekday,Midday,20180817,1226,1236,,Light Clouds,66,UD4H,10,1,1,,1,,1,,,,,,,,,,,,1,,1,,,,,,,,,,,,,,,,1,,,,,,,,
"1,510",2018 People Staying Counts,WES3,Weekday2_Midday,Weekday,Midday,20180817,1226,1236,,Light Clouds,66,UD4H,11,1,1,,1,,1,,,,,,,,,,,,1,,1,,,,,,,,,,1,,,,,,,,,,,,,,
"1,511",2018 People Staying Counts,WES3,Weekday2_Midday,Weekday,Midday,20180817,1226,1236,,Light Clouds,66,UD4H,12,1,1,1,,,1,,,,,,,,,,,,1,,1,,,,,,,,,,,1,,,,,,,,1,,,,,
"1,512",2018 People Staying Counts,WES3,Weekday2_Evening,Weekday,Evening,20180817,1625,1635,,Sun-Shaded,73,UD4H,1,1,1,,1,,1,,,,,,,,,,,,1,,1,,,,,,,,,,1,,,,,,,,,,,,,,
"1,513",2018 People Staying Counts,WES3,Weekday2_Evening,Weekday,Evening,20180817,1625,1635,,Sun-Shaded,73,UD4H,2,1,1,,1,,,,,,,,1,,,,,1,,,1,,,,,,,,,,,,1,,,,,,,,,,,,
"1,514",2018 People Staying Counts,WES3,Weekday2_Evening,Weekday,Evening,20180817,1625,1635,,Sun-Shaded,73,UD4H,3,1,2,,1,,1,,,,,,,,,,,1,,,,,1,,,,,,,,,,1,,,,,,,,,,,,
"1,515",2018 People Staying Counts,WES3,Weekday2_Evening,Weekday,Evening,20180817,1625,1635,,Sun-Shaded,73,UD4H,4,1,2,,1,,1,,,,,,,,,1,,,,,,,1,,,,,,,,,,1,,,,,,,,,,,,
"1,516",2018 People Staying Counts,WES3,Weekday2_Evening,Weekday,Evening,20180817,1625,1635,,Sun-Shaded,73,UD4H,5,1,3,,1,,1,,,,,,,,,,,,1,,1,,,,,,,,,,,,1,,,,,,,,,,,,
"1,517",2018 People Staying Counts,WES3,Weekday2_Evening,Weekday,Evening,20180817,1625,1635,,Sun-Shaded,73,UD4H,6,1,3,,1,,1,,,,,,,,,,,1,,,1,,,,,,,,,,,,1,,,,,,,,,,,,
"1,518",2018 People Staying Counts,WES3,Weekday2_Evening,Weekday,Evening,20180817,1625,1635,,Sun-Shaded,73,UD4H,7,1,3,1,,,1,,,,,,,,1,,,,,,,,,,1,,,,,,,,,,,,1,,,,,,,,
"1,519",2018 People Staying Counts,WES3,Weekday2_Evening,Weekday,Evening,20180817,1625,1635,,Sun-Shaded,73,UD4H,8,1,1,1,,,1,,,,,,,,,,,1,,,1,,,,,,,,,,,,,,,,1,,,,,,,,
"1,520",2018 People Staying Counts,WES3,Weekend_Midday,Weekend,Midday,20180818,1332,1342,,Sun-Shaded,70,UD4H,1,1,1,1,,,1,,,,,,,,,,,,1,,1,,,,,,,,,,,,,,1,,,,,,,,,,
"1,521",2018 People Staying Counts,WES3,Weekend_Midday,Weekend,Midday,20180818,1332,1342,,Sun-Shaded,70,UD4H,2,1,1,1,,,1,,,,,,,,,,,,1,,1,,,,,,,,,,1,,,,,,1,,,,,,,,
"1,522",2018 People Staying Counts,WES3,Weekend_Midday,Weekend,Midday,20180818,1332,1342,,Sun-Shaded,70,UD4H,3,1,1,,1,,1,,,,,,,,,,,1,,,,1,,,,,,,,,,,,,,,1,,,,,,,,
"1,523",2018 People Staying Counts,WES3,Weekend_Midday,Weekend,Midday,20180818,1332,1342,,Sun-Shaded,70,UD4H,4,1,1,,1,,1,,,,,,,,,,,,1,,1,,,,,,,,,,1,,,,,,,,,,,,,,
"1,524",2018 People Staying Counts,WES3,Weekend_Midday,Weekend,Midday,20180818,1332,1342,,Sun-Shaded,70,UD4H,5,1,1,1,,,1,,,,,,,,,,,,1,,1,,,,,,,,,,1,,,,,,,,,,,,,,
"1,525",2018 People Staying Counts,WES3,Weekend_Midday,Weekend,Midday,20180818,1332,1342,,Sun-Shaded,70,UD4H,6,1,2,1,,,1,,,,,,,,,,,1,,,,,1,,,,,,,,,1,1,,,,,,,,,,,,
"1,526",2018 People Staying Counts,WES3,Weekend_Midday,Weekend,Midday,20180818,1332,1342,,Sun-Shaded,70,UD4H,7,1,2,1,,,1,,,,,,,,,,,1,,,,,1,,,,,,,,,1,1,,,,,,,,,,,,
"1,527",2018 People Staying Counts,WES3,Weekend_Midday,Weekend,Midday,20180818,1332,1342,,Sun-Shaded,70,UD4H,8,1,1,,1,,1,,,,,,,,,,,,1,,,,1,,,,,,,,,,,,1,,,,,,,,,,
"1,528",2018 People Staying Counts,WES3,Weekend_Midday,Weekend,Midday,20180818,1332,1342,,Sun-Shaded,70,UD4H,9,1,1,1,,,1,,,,,,,,,,,,1,,1,,,,,,,,,,,,,,1,,,,,,,,,,
"1,529",2018 People Staying Counts,WES3,Weekend_Evening,Weekend,Evening,20180818,1748,1758,,Light Clouds,76,UD4H,1,1,2,1,,,1,,,,,,,,,,,,1,,1,,,,,,,,,,,,1,,,,,,,,,,,,
"1,530",2018 People Staying Counts,WES3,Weekend_Evening,Weekend,Evening,20180818,1748,1758,,Light Clouds,76,UD4H,2,1,2,,1,,1,,,,,,,,,,,,1,,1,,,,,,,,,,,,1,,,,,,,,,,,,
"1,531",2018 People Staying Counts,WES3,Weekend_Evening,Weekend,Evening,20180818,1748,1758,,Light Clouds,76,UD4H,3,1,3,1,,,1,,,,,,,,,,,1,,,1,,,,,,,,,,,,1,,,,,,,,,,,,
"1,532",2018 People Staying Counts,WES3,Weekend_Evening,Weekend,Evening,20180818,1748,1758,,Light Clouds,76,UD4H,4,1,3,1,,,1,,,,,,,,,,,1,,,1,,,,,,,,,,,,1,,,,,,,,,,,,
"1,533",2018 People Staying Counts,WES3,Weekend_Evening,Weekend,Evening,20180818,1748,1758,,Light Clouds,76,UD4H,5,1,3,,1,,,,,,,1,,,,,,1,,,1,,,,,,,1,,,,,1,,,,,,,,,,,,
"1,534",2018 People Staying Counts,WES3,Weekend_Evening,Weekend,Evening,20180818,1748,1758,,Light Clouds,76,UD4H,6,1,2,,1,,1,,,,,,,,,,,1,,,1,,,,,,,,,,1,,1,,,,,,,,,,,,
"1,535",2018 People Staying Counts,WES3,Weekend_Evening,Weekend,Evening,20180818,1748,1758,,Light Clouds,76,UD4H,7,1,2,,1,,,,,,,,1,,,,,1,,,1,,,,,,,,,,1,,1,,,,,,,,,,,,
"1,536",2018 People Staying Counts,WES3,Weekend_Evening,Weekend,Evening,20180818,1748,1758,,Light Clouds,76,UD4H,8,1,1,1,,,1,,,,,,,,,,1,,,,1,,,,,,,,,,,,,,,,1,,,,,,,,
"1,537",2018 People Staying Counts,WES3,Weekend_Evening,Weekend,Evening,20180818,1748,1758,,Light Clouds,76,UD4H,9,1,1,,1,,1,,,,,,,,,,,,1,,1,,,,,,,,,,,,,,,,1,,,,,,,,
"1,538",2018 People Staying Counts,WES3,Weekend_Evening,Weekend,Evening,20180818,1748,1758,,Light Clouds,76,UD4H,10,1,2,1,,,1,,,,,,,,,,,1,,,1,,,,,,,,,,1,,1,,,,1,,,,,,,,
"1,539",2018 People Staying Counts,WES3,Weekend_Evening,Weekend,Evening,20180818,1748,1758,,Light Clouds,76,UD4H,11,1,2,,1,,1,,,,,,,,,,,1,,,1,,,,,,,,,,1,,1,,,,1,,,,,,,,
"1,540",2018 People Staying Counts,CRO2,Weekday1_Morning,Weekday,Morning,20180905,1005,1015,,Sun-Shaded,60,UD4H,1,0,,,,,,,,,,,,,,,,,,,,,,,,,,,,,,,,,,,,,,,,,,,
"1,541",2018 People Staying Counts,CRO2,Weekday1_Midday,Weekday,Midday,20180905,1338,1348,,Sun-Shaded,71,UD4H,1,0,,,,,,,,,,,,,,,,,,,,,,,,,,,,,,,,,,,,,,,,,,,
"1,542",2018 People Staying Counts,CRO2,Weekday1_Evening,Weekday,Evening,20180905,1746,1756,,Sun-Shaded,74,UD4H,1,0,,,,,,,,,,,,,,,,,,,,,,,,,,,,,,,,,,,,,,,,,,,
"1,543",2018 People Staying Counts,CRO2,Weekday2_Morning,Weekday,Morning,20180906,1000,1010,,Sun-Shaded,61,UD4H,1,1,1,,1,,1,,,,,,,,,,,1,,,1,,,,,,,,,,,,,,,,1,1,,,,,,,
"1,544",2018 People Staying Counts,CRO2,Weekday2_Midday,Weekday,Midday,20180906,1346,1356,,Sun-Shaded,72,UD4H,1,1,1,,1,,1,,,,,,,,,,,1,,,,1,,,,,,,,,,,,,,,1,,,1,,,,,
"1,545",2018 People Staying Counts,CRO2,Weekday2_Evening,Weekday,Evening,20180906,1717,1727,,Sun-Shaded,79,UD4H,1,1,1,1,,,,1,,,,,,,,,,,1,,1,,,,,,,,,,,,,,,,1,1,,,,,,,
"1,546",2018 People Staying Counts,CRO2,Weekend_Midday,Weekend,Midday,20180908,1354,1404,,Heavy Clouds,63,UD4H,1,0,,,,,,,,,,,,,,,,,,,,,,,,,,,,,,,,,,,,,,,,,,,
"1,547",2018 People Staying Counts,CRO2,Weekend_Evening,Weekend,Evening,20180908,1739,1749,,Light Clouds,67,UD4H,1,1,1,1,,,1,,,,,,,,,,,1,,,1,,,,,,,,,,,,,,1,,1,1,,,,,,,
"1,548",2018 People Staying Counts,ALK2,Weekday1_Morning,Weekday,Morning,20180814,0922,0932,,Light Clouds,66,UD4H,1,1,1,,1,,1,,,,,,,,,,,1,,,1,,,,,,,,,,,,,,,,1,,,,,,,,
"1,549",2018 People Staying Counts,ALK2,Weekday1_Midday,Weekday,Midday,20180814,1327,1337,,Light Clouds,75,UD4H,1,1,2,1,,,1,,,,,,,,,,,,,1,,,,1,,,,,,,,1,1,,,,,,,,,,,,
"1,550",2018 People Staying Counts,ALK2,Weekday1_Midday,Weekday,Midday,20180814,1327,1337,,Light Clouds,75,UD4H,2,1,2,,1,,,,,1,,,,,,,,,,1,,,,1,,,,,,,,1,1,,,,,,,,,,,,
"1,551",2018 People Staying Counts,ALK2,Weekday1_Midday,Weekday,Midday,20180814,1327,1337,,Light Clouds,75,UD4H,3,1,1,,1,,,,,1,,,,,,,1,,,,1,,,,,,,,1,,,,1,,,,,,,,,,,,
"1,552",2018 People Staying Counts,ALK2,Weekday1_Midday,Weekday,Midday,20180814,1327,1337,,Light Clouds,75,UD4H,4,1,1,,1,,,,,1,,,,,,,,,1,,1,,,,,,,,,,,,1,,,,,,,,,,,,
"1,553",2018 People Staying Counts,ALK2,Weekday1_Midday,Weekday,Midday,20180814,1327,1337,,Light Clouds,75,UD4H,5,1,2,1,,,1,,,,,,,,,,,1,,,1,,,,,,,,,,,,1,,1,,,,,,,,,,
"1,554",2018 People Staying Counts,ALK2,Weekday1_Midday,Weekday,Midday,20180814,1327,1337,,Light Clouds,75,UD4H,6,1,2,,1,,1,,,,,,,,,,,1,,,1,,,,,,,,,,,,1,,,,,,,,,,,,
"1,555",2018 People Staying Counts,ALK2,Weekday1_Midday,Weekday,Midday,20180814,1327,1337,,Light Clouds,75,UD4H,7,1,2,1,,,1,,,,,,,,,,,,1,,1,,,,,,,,,,,,1,,,,,,,,,,,,
"1,556",2018 People Staying Counts,ALK2,Weekday1_Midday,Weekday,Midday,20180814,1327,1337,,Light Clouds,75,UD4H,8,1,2,,1,,1,,,,,,,,,,,,1,,1,,,,,,,,,,,,1,,,,,,,,,,,,
"1,557",2018 People Staying Counts,ALK2,Weekday1_Midday,Weekday,Midday,20180814,1327,1337,,Light Clouds,75,UD4H,9,1,3,1,,,1,,,,,,,,,,,,1,,,,,1,,,,,,,1,,1,,,,,,,,,,,,
"1,558",2018 People Staying Counts,ALK2,Weekday1_Midday,Weekday,Midday,20180814,1327,1337,,Light Clouds,75,UD4H,10,1,3,1,,,1,,,,,,,,,,,1,,,,,,1,,,,,,,1,,1,,,,,,,,,,,,
"1,559",2018 People Staying Counts,ALK2,Weekday1_Midday,Weekday,Midday,20180814,1327,1337,,Light Clouds,75,UD4H,11,1,3,1,,,1,,,,,,,,,1,,,,,,,,1,,,,,,,,,1,,,,,,,,,,,,
"1,560",2018 People Staying Counts,ALK2,Weekday1_Evening,Weekday,Evening,20180814,1721,1731,,Light Clouds,79,UD4H,1,1,1,,1,,1,,,,,,,,,,,1,,,1,,,,,,,,,,,,,,,,1,,,,,,,,
"1,561",2018 People Staying Counts,ALK2,Weekday1_Evening,Weekday,Evening,20180814,1721,1731,,Light Clouds,79,UD4H,2,1,1,1,,,1,,,,,,,,,,,1,,,1,,,,,,,,,,,,,,1,,,,,,,,,,
"1,562",2018 People Staying Counts,ALK2,Weekday1_Evening,Weekday,Evening,20180814,1721,1731,,Light Clouds,79,UD4H,3,1,2,,1,,1,,,,,,,,,,,1,,,1,,,,,,,,,,,,1,,,,,,,,,,,,
"1,563",2018 People Staying Counts,ALK2,Weekday1_Evening,Weekday,Evening,20180814,1721,1731,,Light Clouds,79,UD4H,4,1,2,,1,,1,,,,,,,,,,,,1,,1,,,,,,,,,,,,1,,,,,,,,,,,,
"1,564",2018 People Staying Counts,ALK2,Weekday1_Evening,Weekday,Evening,20180814,1721,1731,,Light Clouds,79,UD4H,5,1,1,,1,,1,,,,,,,,,,,,1,,1,,,,,,,,,,1,,,,1,,,,,,,,,,
"1,565",2018 People Staying Counts,ALK2,Weekday1_Evening,Weekday,Evening,20180814,1721,1731,,Light Clouds,79,UD4H,6,1,1,,1,,,,,1,,,,,,,,1,,,1,,,,,,,,,,,,,,1,,,,,,,,,,
"1,566",2018 People Staying Counts,ALK2,Weekday2_Morning,Weekday,Morning,20180815,0928,0938,,Light Clouds,66,UD4H,1,1,1,1,,,,1,,,,,,,,,1,,,,1,,,,,,,,,,,,,,1,,1,,,,,,,,
"1,567",2018 People Staying Counts,ALK2,Weekday2_Morning,Weekday,Morning,20180815,0928,0938,,Light Clouds,66,UD4H,2,1,1,1,,,1,,,,,,,,,,,,,1,1,,,,,,,,,,,,,,,,1,,,,,,,,
"1,568",2018 People Staying Counts,ALK2,Weekday2_Midday,Weekday,Midday,20180815,1321,1331,,Light Clouds,78,UD4H,1,1,3,,1,,1,,,,,,,,,,1,,,,1,,,,,,,,,,,,1,,1,,,,,,,,,,
"1,569",2018 People Staying Counts,ALK2,Weekday2_Midday,Weekday,Midday,20180815,1321,1331,,Light Clouds,78,UD4H,2,1,3,,1,,,,,,,,1,,,,1,,,,1,,,,,,,,,,,,1,,,,,,,,,,,,
"1,570",2018 People Staying Counts,ALK2,Weekday2_Midday,Weekday,Midday,20180815,1321,1331,,Light Clouds,78,UD4H,3,1,3,,1,,,,,,,,1,,,,1,,,,1,,,,,,,,,,,,1,,,,,,,,,,,,
"1,571",2018 People Staying Counts,ALK2,Weekday2_Midday,Weekday,Midday,20180815,1321,1331,,Light Clouds,78,UD4H,4,1,1,1,,,1,,,,,,,,,,,1,,,1,,,,,,,,,,,,,,1,,,,,,,,,,
"1,572",2018 People Staying Counts,ALK2,Weekday2_Midday,Weekday,Midday,20180815,1321,1331,,Light Clouds,78,UD4H,5,1,2,1,,,1,,,,,,,,,,,1,,,1,,,,,,,,,,,,1,,,,1,,,,,,,,
"1,573",2018 People Staying Counts,ALK2,Weekday2_Midday,Weekday,Midday,20180815,1321,1331,,Light Clouds,78,UD4H,6,1,2,,1,,1,,,,,,,,,,,1,,,1,,,,,,,,,,,,1,,,,1,,,,,,,,
"1,574",2018 People Staying Counts,ALK2,Weekday2_Midday,Weekday,Midday,20180815,1321,1331,,Light Clouds,78,UD4H,7,1,1,1,,,1,,,,,,,,,,1,,,,1,,,,,,,,,,,,,,1,,,,,,,,,,
"1,575",2018 People Staying Counts,ALK2,Weekday2_Midday,Weekday,Midday,20180815,1321,1331,,Light Clouds,78,UD4H,8,1,1,1,,,1,,,,,,,,,,,,1,,1,,,,,,,,,,,,,,,,,,,1,,,,,
"1,576",2018 People Staying Counts,ALK2,Weekday2_Midday,Weekday,Midday,20180815,1321,1331,,Light Clouds,78,UD4H,9,1,2,1,,,1,,,,,,,,,,,,1,,1,,,,,,,,,,,,1,,,,,,,,,,,,
"1,577",2018 People Staying Counts,ALK2,Weekday2_Midday,Weekday,Midday,20180815,1321,1331,,Light Clouds,78,UD4H,10,1,2,,1,,1,,,,,,,,,,,,1,,1,,,,,,,,,,,,1,,,,,,,,,,,,
"1,578",2018 People Staying Counts,ALK2,Weekday2_Evening,Weekday,Evening,20180815,1723,1733,,Light Clouds,84,UD4H,1,1,1,1,,,1,,,,,,,,,,,1,,,,,,1,,,,,,,,1,,,,,,,,,,,,,
"1,579",2018 People Staying Counts,ALK2,Weekday2_Evening,Weekday,Evening,20180815,1723,1733,,Light Clouds,84,UD4H,2,1,4,1,,,1,,,,,,,,,,,1,,,,,,1,,,,,,,,1,1,,,,,,,,,,,,
"1,580",2018 People Staying Counts,ALK2,Weekday2_Evening,Weekday,Evening,20180815,1723,1733,,Light Clouds,84,UD4H,3,1,4,,1,,1,,,,,,,,,,,1,,,,,,1,,,,,,,,1,1,,,,,,,,,,,,
"1,581",2018 People Staying Counts,ALK2,Weekday2_Evening,Weekday,Evening,20180815,1723,1733,,Light Clouds,84,UD4H,4,1,4,,1,,,1,,,,,,,,,,1,,,,,,1,,,,,,,,1,1,,,,,,,,,,,,
"1,582",2018 People Staying Counts,ALK2,Weekday2_Evening,Weekday,Evening,20180815,1723,1733,,Light Clouds,84,UD4H,5,1,4,1,,,,,,,,1,,,,,,1,,,,,,1,,,,,,,,1,1,,,,,,,,,,,,
"1,583",2018 People Staying Counts,ALK2,Weekday2_Evening,Weekday,Evening,20180815,1723,1733,,Light Clouds,84,UD4H,6,1,1,,1,,,,,1,,,,,,,,1,,,,,,1,,,,,,,,1,,,,,1,,,,,,,,
"1,584",2018 People Staying Counts,ALK2,Weekday2_Evening,Weekday,Evening,20180815,1723,1733,,Light Clouds,84,UD4H,7,1,2,1,,,1,,,,,,,,,,,1,,,,,,1,,,,,,,,1,1,,,,,,,,,,,,
"1,585",2018 People Staying Counts,ALK2,Weekday2_Evening,Weekday,Evening,20180815,1723,1733,,Light Clouds,84,UD4H,8,1,2,,1,,1,,,,,,,,,,,1,,,,,,1,,,,,,,,1,1,,,,,,,,,,,,
"1,586",2018 People Staying Counts,ALK2,Weekday2_Evening,Weekday,Evening,20180815,1723,1733,,Light Clouds,84,UD4H,9,1,2,,1,,1,,,,,,,,,,,1,,,,,,1,,,,,,,,,1,,,,,,,,,,,,
"1,587",2018 People Staying Counts,ALK2,Weekday2_Evening,Weekday,Evening,20180815,1723,1733,,Light Clouds,84,UD4H,10,1,2,,1,,1,,,,,,,,,,,1,,,,,,1,,,,,,,,,1,,,,,,,,,,,,
"1,588",2018 People Staying Counts,ALK2,Weekday2_Evening,Weekday,Evening,20180815,1723,1733,,Light Clouds,84,UD4H,11,1,4,1,,,1,,,,,,,,,,,1,,,,,,1,,,,,,,,,1,,,,,,,,,,,,
"1,589",2018 People Staying Counts,ALK2,Weekday2_Evening,Weekday,Evening,20180815,1723,1733,,Light Clouds,84,UD4H,12,1,4,,1,,1,,,,,,,,,,,1,,,,,,1,,,,,,,,,1,,,,,,,,,,,,
"1,590",2018 People Staying Counts,ALK2,Weekday2_Evening,Weekday,Evening,20180815,1723,1733,,Light Clouds,84,UD4H,13,1,4,,1,,1,,,,,,,,,,,1,,,,,,1,,,,,,,,1,1,,,,,,,,,,,,
"1,591",2018 People Staying Counts,ALK2,Weekday2_Evening,Weekday,Evening,20180815,1723,1733,,Light Clouds,84,UD4H,14,1,4,,1,,1,,,,,,,,,,,,,1,,,,1,,,,,,,,1,1,,,,,,,,,,,,
"1,592",2018 People Staying Counts,ALK2,Weekday2_Evening,Weekday,Evening,20180815,1723,1733,,Light Clouds,84,UD4H,15,1,1,,1,,1,,,,,,,,,,1,,,,1,,,,,,,,1,,,,1,,,,,,,,,,,,
"1,593",2018 People Staying Counts,ALK2,Weekday2_Evening,Weekday,Evening,20180815,1723,1733,,Light Clouds,84,UD4H,16,1,1,,1,,,,,1,,,,,,,1,,,,,1,,,,,,,,,,,,,,,1,,,,,,,,
"1,594",2018 People Staying Counts,ALK2,Weekday2_Evening,Weekday,Evening,20180815,1723,1733,,Light Clouds,84,UD4H,17,1,1,1,,,1,,,,,,,,,,,1,,,1,,,,,,,,1,,,,1,,,,,,,,,,,,
"1,595",2018 People Staying Counts,ALK2,Weekend_Midday,Weekend,Midday,20180818,1223,1233,,Light Clouds,67,UD4H,1,1,2,1,,,1,,,,,,,,,,,1,,,,,,1,,,,,,,,1,1,,,,,,,,,,,,
"1,596",2018 People Staying Counts,ALK2,Weekend_Midday,Weekend,Midday,20180818,1223,1233,,Light Clouds,67,UD4H,2,1,2,,1,,1,,,,,,,,,,,1,,,,,,1,,,,,,,,,1,,,,1,,,,,,,,
"1,597",2018 People Staying Counts,ALK2,Weekend_Midday,Weekend,Midday,20180818,1223,1233,,Light Clouds,67,UD4H,3,1,2,1,,,1,,,,,,,,,,,1,,,1,,,,,,,,,,,,1,,,,1,,,,,,,,
"1,598",2018 People Staying Counts,ALK2,Weekend_Midday,Weekend,Midday,20180818,1223,1233,,Light Clouds,67,UD4H,4,1,2,,1,,1,,,,,,,,,,,1,,,,,,1,,,,,,,,,1,,,,,,,,,,,,
"1,599",2018 People Staying Counts,ALK2,Weekend_Midday,Weekend,Midday,20180818,1223,1233,,Light Clouds,67,UD4H,5,1,2,1,,,1,,,,,,,,,,,,1,,,,,1,,,,,,,,1,1,,,,,,,,,,,,
"1,600",2018 People Staying Counts,ALK2,Weekend_Midday,Weekend,Midday,20180818,1223,1233,,Light Clouds,67,UD4H,6,1,2,,1,,1,,,,,,,,,,,,1,,,,,1,,,,,,,,,1,,,,,,,,,,,,
"1,601",2018 People Staying Counts,ALK2,Weekend_Midday,Weekend,Midday,20180818,1223,1233,,Light Clouds,67,UD4H,7,1,1,,1,,1,,,,,,,,,,,,1,,1,,,,,,,,1,,,,,,,,,,,,,,,,
"1,602",2018 People Staying Counts,ALK2,Weekend_Midday,Weekend,Midday,20180818,1223,1233,,Light Clouds,67,UD4H,8,1,3,1,,,1,,,,,,,,,,,,1,,1,,,,,,,,,,,,1,,,,,,,,,,,,
"1,603",2018 People Staying Counts,ALK2,Weekend_Midday,Weekend,Midday,20180818,1223,1233,,Light Clouds,67,UD4H,9,1,3,,1,,1,,,,,,,,,,,,,1,1,,,,,,,,,,,,,,,,1,,,,,,,,
"1,604",2018 People Staying Counts,ALK2,Weekend_Midday,Weekend,Midday,20180818,1223,1233,,Light Clouds,67,UD4H,10,1,3,,1,,1,,,,,,,,,,,,1,,1,,,,,,,,,,,,1,,,,,,,,,,,,
"1,605",2018 People Staying Counts,ALK2,Weekend_Evening,Weekend,Evening,20180818,1634,1644,,Sun-Shaded,77,UD4H,1,1,3,1,,,1,,,,,,,,,,,1,,,,,,1,,,,,,,,,1,,,,,,,,,,,,
"1,606",2018 People Staying Counts,ALK2,Weekend_Evening,Weekend,Evening,20180818,1634,1644,,Sun-Shaded,77,UD4H,2,1,3,,1,,1,,,,,,,,,,,1,,,,,,1,,,,,,,,1,1,,,,,,,,,,,,
"1,607",2018 People Staying Counts,ALK2,Weekend_Evening,Weekend,Evening,20180818,1634,1644,,Sun-Shaded,77,UD4H,3,1,3,,1,,1,,,,,,,,,,,1,,,,,,1,,,,,,,,1,1,,,,,,,,,,,,
"1,608",2018 People Staying Counts,ALK2,Weekend_Evening,Weekend,Evening,20180818,1634,1644,,Sun-Shaded,77,UD4H,4,1,2,1,,,,,,1,,,,,,,,1,,,,,,1,,,,,,,,1,1,,,,,,,,,,,,
"1,609",2018 People Staying Counts,ALK2,Weekend_Evening,Weekend,Evening,20180818,1634,1644,,Sun-Shaded,77,UD4H,5,1,2,,1,,,,,1,,,,,,,,1,,,,,,1,,,,,,,,1,1,,,,,,,,,,,,
"1,610",2018 People Staying Counts,ALK2,Weekend_Evening,Weekend,Evening,20180818,1634,1644,,Sun-Shaded,77,UD4H,6,1,2,1,,,,,,1,,,,,,,,1,,,1,,,,,,,,,,,,1,,,,,,,,,,,,
"1,611",2018 People Staying Counts,ALK2,Weekend_Evening,Weekend,Evening,20180818,1634,1644,,Sun-Shaded,77,UD4H,7,1,2,1,,,,,,1,,,,,1,,,,,,,,,,1,,,,,,,,,,,,1,,,,,,,,
"1,612",2018 People Staying Counts,ALK2,Weekend_Evening,Weekend,Evening,20180818,1634,1644,,Sun-Shaded,77,UD4H,8,1,1,1,,,1,,,,,,,,,,,,1,,1,,,,,,,,,,,,,,,,,,,1,,,,,
"1,613",2018 People Staying Counts,ALK2,Weekend_Evening,Weekend,Evening,20180818,1634,1644,,Sun-Shaded,77,UD4H,9,1,2,,1,,1,,,,,,,,,,,1,,,,,,1,,,,,,,,1,1,,,,,,,,,,,,
"1,614",2018 People Staying Counts,ALK2,Weekend_Evening,Weekend,Evening,20180818,1634,1644,,Sun-Shaded,77,UD4H,10,1,2,,1,,1,,,,,,,,,,,1,,,,,,1,,,,,,,,1,1,,,,,,,,1,,,,
"1,615",2018 People Staying Counts,ALK2,Weekend_Evening,Weekend,Evening,20180818,1634,1644,,Sun-Shaded,77,UD4H,11,1,4,1,,,1,,,,,,,,,,,1,,,,,,1,,,,,,,,1,,,,,1,,,,,,,,
"1,616",2018 People Staying Counts,ALK2,Weekend_Evening,Weekend,Evening,20180818,1634,1644,,Sun-Shaded,77,UD4H,12,1,4,1,,,1,,,,,,,,,,,,1,,,,,1,,,,,,,,1,1,,,,,,,,,,,,
"1,617",2018 People Staying Counts,ALK2,Weekend_Evening,Weekend,Evening,20180818,1634,1644,,Sun-Shaded,77,UD4H,13,1,4,,1,,1,,,,,,,,,,,1,,,,,,1,,,,,,,,1,1,,,,,,,,,,,,
"1,618",2018 People Staying Counts,ALK2,Weekend_Evening,Weekend,Evening,20180818,1634,1644,,Sun-Shaded,77,UD4H,14,1,4,,1,,1,,,,,,,,,,,1,,,,,,1,,,,,,,,1,1,,,,,,,,,,,,
"1,619",2018 People Staying Counts,ALK2,Weekend_Evening,Weekend,Evening,20180818,1634,1644,,Sun-Shaded,77,UD4H,15,1,2,1,,,1,,,,,,,,,,,1,,,,1,,,,,,,,,,,1,,,,1,,,,,,,,
"1,620",2018 People Staying Counts,ALK2,Weekend_Evening,Weekend,Evening,20180818,1634,1644,,Sun-Shaded,77,UD4H,16,1,2,,1,,1,,,,,,,,,,,1,,,1,,,,,,,,,,,,1,,1,,,,,,,,,,
"1,621",2018 People Staying Counts,ALK2,Weekend_Evening,Weekend,Evening,20180818,1634,1644,,Sun-Shaded,77,UD4H,17,1,2,1,,,1,,,,,,,,,,,1,,,1,,,,,,,,,,,,1,,,,,,,,,,,,
"1,622",2018 People Staying Counts,ALK2,Weekend_Evening,Weekend,Evening,20180818,1634,1644,,Sun-Shaded,77,UD4H,18,1,2,1,,,1,,,,,,,,,,,1,,,1,,,,,,,,,,,,1,,,,,,,,,,,,
"1,623",2018 People Staying Counts,ALK2,Weekend_Evening,Weekend,Evening,20180818,1634,1644,,Sun-Shaded,77,UD4H,19,1,2,1,,,1,,,,,,,,,,,1,,,,,,1,,,,,,,,1,1,,,,,,,,,,,,
"1,624",2018 People Staying Counts,ALK2,Weekend_Evening,Weekend,Evening,20180818,1634,1644,,Sun-Shaded,77,UD4H,20,1,2,,1,,,,,1,,,,,,,,1,,,,,,1,,,,,,,,1,1,,,,,,,,,,,,
"1,625",2018 People Staying Counts,BLV1,Weekday1_Morning,Weekday,Morning,20180823,0904,0914,,Light Rain,59,UD4H,1,0,,,,,,,,,,,,,,,,,,,,,,,,,,,,,,,,,,,,,,,,,,,
"1,627",2018 People Staying Counts,BLV1,Weekday1_Evening,Weekday,Evening,20180823,1654,1704,,Light Clouds,69,UD4H,1,1,1,,1,,1,,,,,,,,,,,,1,,1,,,,,,,,,,,,1,,,,1,,,,,,,,
"1,628",2018 People Staying Counts,BLV1,Weekday2_Morning,Weekday,Morning,20180824,0826,0836,,Heavy Clouds,56,UD4H,1,0,,,,,,,,,,,,,,,,,,,,,,,,,,,,,,,,,,,,,,,,,,,
"1,629",2018 People Staying Counts,BLV1,Weekday2_Midday,Weekday,Midday,20180824,1221,1231,,Heavy Clouds,63,UD4H,1,0,,,,,,,,,,,,,,,,,,,,,,,,,,,,,,,,,,,,,,,,,,,
"1,630",2018 People Staying Counts,BLV1,Weekday2_Evening,Weekday,Evening,20180824,1638,1648,,Light Clouds,68,UD4H,1,0,,,,,,,,,,,,,,,,,,,,,,,,,,,,,,,,,,,,,,,,,,,
"1,631",2018 People Staying Counts,BLV1,Weekend_Midday,Weekend,Midday,20180825,1239,1249,,Heavy Clouds,60,UD4H,1,0,,,,,,,,,,,,,,,,,,,,,,,,,,,,,,,,,,,,,,,,,,,
"1,632",2018 People Staying Counts,BLV1,Weekend_Evening,Weekend,Evening,20180825,1637,1647,,Heavy Clouds,65,UD4H,1,0,,,,,,,,,,,,,,,,,,,,,,,,,,,,,,,,,,,,,,,,,,,
"1,633",2018 People Staying Counts,COM3,Weekday1_Morning,Weekday,Morning,20180719,0948,0958,,Heavy Clouds,61,UD4H,1,1,1,,1,,,1,,,,,,,,,,,1,,1,,,,,,,,,,,,,,,,,1,,,,,,,
"1,634",2018 People Staying Counts,COM3,Weekday1_Morning,Weekday,Morning,20180719,0948,0958,,Heavy Clouds,61,UD4H,2,1,1,,1,,1,,,,,,,,,,,,1,,1,,,,,,,,,,,,,,,,,1,,,,,,,
"1,635",2018 People Staying Counts,COM3,Weekday1_Morning,Weekday,Morning,20180719,0948,0958,,Heavy Clouds,61,UD4H,3,1,1,,1,,,,,1,,,,,,,,1,,,1,,,,,,,,,,,,,,,,,1,,,,,,,
"1,636",2018 People Staying Counts,COM3,Weekday1_Morning,Weekday,Morning,20180719,0948,0958,,Heavy Clouds,61,UD4H,4,1,1,1,,,1,,,,,,,,,,,1,,,1,,,,,,,,,,,,,,1,,,,,1,,,,,
"1,637",2018 People Staying Counts,COM3,Weekday1_Morning,Weekday,Morning,20180719,0948,0958,,Heavy Clouds,61,UD4H,5,1,1,,1,,,1,,,,,,,,,,,1,,,,,,1,,,1,,,,,,,,,,,,,,,,1,
"1,638",2018 People Staying Counts,COM3,Weekday1_Morning,Weekday,Morning,20180719,0948,0958,,Heavy Clouds,61,UD4H,6,1,1,1,,,,1,,,,,,,,,,1,,,,,,,,1,,,,,,,,,,,1,,,1,,,,,
"1,639",2018 People Staying Counts,COM3,Weekday1_Morning,Weekday,Morning,20180719,0948,0958,,Heavy Clouds,61,UD4H,7,1,1,1,,,1,,,,,,,,,,,1,,,1,,,,,,,,,1,,1,,,,,,,,,,,,,
"1,640",2018 People Staying Counts,COM3,Weekday1_Morning,Weekday,Morning,20180719,0948,0958,,Heavy Clouds,61,UD4H,8,1,1,,1,,,1,,,,,,,,,,1,,,1,,,,,,,,,,,,,,,,,1,,,,,,,
"1,641",2018 People Staying Counts,COM3,Weekday1_Morning,Weekday,Morning,20180719,0948,0958,,Heavy Clouds,61,UD4H,9,1,1,,1,,1,,,,,,,,,,,1,,,1,,,,,,,,,,,,,,1,,,,,,,,,,
"1,642",2018 People Staying Counts,COM3,Weekday1_Morning,Weekday,Morning,20180719,0948,0958,,Heavy Clouds,61,UD4H,10,1,1,1,,,1,,,,,,,,,,,1,,,1,,,,,,,,,,,,,,1,,,,,,,,,,
"1,643",2018 People Staying Counts,COM3,Weekday1_Morning,Weekday,Morning,20180719,0948,0958,,Heavy Clouds,61,UD4H,11,1,1,1,,,1,,,,,,,,,,,,1,,,1,,,,,,,,,,,,,,,1,,,1,,,,,
"1,644",2018 People Staying Counts,COM3,Weekday1_Morning,Weekday,Morning,20180719,0948,0958,,Heavy Clouds,61,UD4H,12,1,1,,1,,1,,,,,,,,,,,1,,,1,,,,,,,,,,,,,,1,,,1,,,,,,,
"1,645",2018 People Staying Counts,COM3,Weekday1_Morning,Weekday,Morning,20180719,0948,0958,,Heavy Clouds,61,UD4H,13,1,1,1,,,1,,,,,,,,,,,,,1,,1,,,,,,,,,,,,,,,,1,,,,,,,
"1,646",2018 People Staying Counts,COM3,Weekday1_Midday,Weekday,Midday,20180719,1324,1334,,Heavy Clouds,65,UD4H,1,1,1,,1,,1,,,,,,,,,,,1,,,1,,,,,,,,,,,,,,,,,1,,,,,,,
"1,647",2018 People Staying Counts,COM3,Weekday1_Midday,Weekday,Midday,20180719,1324,1334,,Heavy Clouds,65,UD4H,2,1,1,,1,,1,,,,,,,,,,,1,,,1,,,,,,,,,,,,,,1,,,1,,,,,,,
"1,648",2018 People Staying Counts,COM3,Weekday1_Midday,Weekday,Midday,20180719,1324,1334,,Heavy Clouds,65,UD4H,3,1,3,,1,,,,,,,,1,,,,,1,,,1,,,,,,,,,,,,1,,,,,,,,,,,,
"1,649",2018 People Staying Counts,COM3,Weekday1_Midday,Weekday,Midday,20180719,1324,1334,,Heavy Clouds,65,UD4H,4,1,3,1,,,,1,,,,,,,,,,1,,,1,,,,,,,,,1,,1,1,,,,,,,1,,,,,
"1,650",2018 People Staying Counts,COM3,Weekday1_Midday,Weekday,Midday,20180719,1324,1334,,Heavy Clouds,65,UD4H,5,1,3,1,,,,,,,,,,1,,,,1,,,1,,,,,,,,,,,,1,,,,,,,,,,,,
"1,651",2018 People Staying Counts,COM3,Weekday1_Midday,Weekday,Midday,20180719,1324,1334,,Heavy Clouds,65,UD4H,6,1,1,1,,,1,,,,,,,,,,,,,1,1,,,,,,,,,,,,,,,,,1,,,,,,,
"1,652",2018 People Staying Counts,COM3,Weekday1_Midday,Weekday,Midday,20180719,1324,1334,,Heavy Clouds,65,UD4H,7,1,1,1,,,,1,,,,,,,,,,1,,,1,,,,,,,,,,,,,,,,,1,,,,,,,
"1,653",2018 People Staying Counts,COM3,Weekday1_Midday,Weekday,Midday,20180719,1324,1334,,Heavy Clouds,65,UD4H,8,1,1,1,,,1,,,,,,,,,,,,,1,1,,,,,,,,,,,,,,,,,1,,,,,,,
"1,654",2018 People Staying Counts,COM3,Weekday1_Midday,Weekday,Midday,20180719,1324,1334,,Heavy Clouds,65,UD4H,9,1,1,1,,,1,,,,,,,,,,,,1,,1,,,,,,,,,,,,,,,,,1,,,,,,,
"1,655",2018 People Staying Counts,COM3,Weekday1_Midday,Weekday,Midday,20180719,1324,1334,,Heavy Clouds,65,UD4H,10,1,2,,1,,,1,,,,,,,,1,,,,,1,,,,,,,,,,,,1,,,,,1,,,,,,,
"1,656",2018 People Staying Counts,COM3,Weekday1_Midday,Weekday,Midday,20180719,1324,1334,,Heavy Clouds,65,UD4H,11,1,2,1,,,1,,,,,,,,,,,,,1,1,,,,,,,,,,,,1,,,,,1,,,,,,,
"1,657",2018 People Staying Counts,COM3,Weekday1_Midday,Weekday,Midday,20180719,1324,1334,,Heavy Clouds,65,UD4H,12,1,2,1,,,,,,1,,,,,,,,,,1,1,,,,,,,,,,,,1,,,,,1,,,,,,,
"1,658",2018 People Staying Counts,COM3,Weekday1_Midday,Weekday,Midday,20180719,1324,1334,,Heavy Clouds,65,UD4H,13,1,2,,1,,,,,1,,,,,,,,,1,,1,,,,,,,,,,,,1,,,,,1,,,,,,,
"1,659",2018 People Staying Counts,COM3,Weekday1_Midday,Weekday,Midday,20180719,1324,1334,,Heavy Clouds,65,UD4H,14,1,2,,1,,1,,,,,,,,,,,,1,,1,,,,,,,,,,,,1,,,,,1,,,,,,,
"1,660",2018 People Staying Counts,COM3,Weekday1_Midday,Weekday,Midday,20180719,1324,1334,,Heavy Clouds,65,UD4H,15,1,2,1,,,1,,,,,,,,,,,1,,,1,,,,,,,,,,,,1,,,,,1,,,,,,,
"1,661",2018 People Staying Counts,COM3,Weekday1_Midday,Weekday,Midday,20180719,1324,1334,,Heavy Clouds,65,UD4H,16,1,5,,1,,,,1,,,,,,,,,,,1,1,,,,,,,1,,,,,1,,,,,,,,,,,,
"1,662",2018 People Staying Counts,COM3,Weekday1_Midday,Weekday,Midday,20180719,1324,1334,,Heavy Clouds,65,UD4H,17,1,5,1,,,,,1,,,,,,,,,,1,,1,,,,,,,,,,,,1,,,,,,,1,,,,,
"1,663",2018 People Staying Counts,COM3,Weekday1_Midday,Weekday,Midday,20180719,1324,1334,,Heavy Clouds,65,UD4H,18,1,5,,1,,,,1,,,,,,,,,,1,,1,,,,,,,,,,,,1,,,,,,,,,,,,
"1,664",2018 People Staying Counts,COM3,Weekday1_Midday,Weekday,Midday,20180719,1324,1334,,Heavy Clouds,65,UD4H,19,1,5,1,,,,,1,,,,,,,,,,,1,1,,,,,,,1,,,,,1,,,,,,,,,,,,
"1,665",2018 People Staying Counts,COM3,Weekday1_Midday,Weekday,Midday,20180719,1324,1334,,Heavy Clouds,65,UD4H,20,1,5,1,,,,,1,,,,,,,,,,1,,1,,,,,,,,,,,,1,,,,,,,,,,,,
"1,666",2018 People Staying Counts,COM3,Weekday1_Midday,Weekday,Midday,20180719,1324,1334,,Heavy Clouds,65,UD4H,21,1,1,,1,,,1,,,,,,,,,,,,1,1,,,,,,,,,,,,,,,,,1,,,,,,,
"1,667",2018 People Staying Counts,COM3,Weekday1_Midday,Weekday,Midday,20180719,1324,1334,,Heavy Clouds,65,UD4H,22,1,1,1,,,1,,,,,,,,,,,,1,,1,,,,,,,,,,,,,,,,,1,,,,,,,
"1,668",2018 People Staying Counts,COM3,Weekday1_Midday,Weekday,Midday,20180719,1324,1334,,Heavy Clouds,65,UD4H,23,1,1,,1,,1,,,,,,,,,,,1,,,1,,,,,,,,,,,,1,,,,,,,,,,,,
"1,669",2018 People Staying Counts,COM3,Weekday1_Midday,Weekday,Midday,20180719,1324,1334,,Heavy Clouds,65,UD4H,24,1,1,,1,,1,,,,,,,,,,,1,,,1,,,,,,,,,,,,,,,,,1,,,,,,,
"1,670",2018 People Staying Counts,COM3,Weekday1_Midday,Weekday,Midday,20180719,1324,1334,,Heavy Clouds,65,UD4H,25,1,1,1,,,1,,,,,,,,,,,,1,,1,,,,,,,,,,,,,,1,,,,,,,,,,
"1,671",2018 People Staying Counts,COM3,Weekday1_Midday,Weekday,Midday,20180719,1324,1334,,Heavy Clouds,65,UD4H,26,1,2,1,,,,1,,,,,,,,,1,,,,1,,,,,,,,,,,,1,,,,,,,,,,,,
"1,672",2018 People Staying Counts,COM3,Weekday1_Midday,Weekday,Midday,20180719,1324,1334,,Heavy Clouds,65,UD4H,27,1,2,,1,,,,,,,1,,,,,1,,,,1,,,,,,,,,,,,1,,,,,,,,,,,,
"1,673",2018 People Staying Counts,COM3,Weekday1_Midday,Weekday,Midday,20180719,1324,1334,,Heavy Clouds,65,UD4H,28,1,1,1,,,1,,,,,,,,,,,1,,,1,,,,,,,,,,,,,,1,,,,,,,,,,
"1,674",2018 People Staying Counts,COM3,Weekday1_Midday,Weekday,Midday,20180719,1324,1334,,Heavy Clouds,65,UD4H,29,1,1,1,,,,,,1,,,,,,,1,,,,1,,,,,,,,,,,,,,,,,1,,,,,,,
"1,675",2018 People Staying Counts,COM3,Weekday1_Midday,Weekday,Midday,20180719,1324,1334,,Heavy Clouds,65,UD4H,30,1,1,1,,,1,,,,,,,,,,,,,1,1,,,,,,,,,,,,,,,,,1,,,,,,,
"1,676",2018 People Staying Counts,COM3,Weekday1_Midday,Weekday,Midday,20180719,1324,1334,,Heavy Clouds,65,UD4H,31,1,1,,1,,1,,,,,,,,,,,1,,,1,,,,,,,,,,,,,,,,,1,,,,,,,
"1,677",2018 People Staying Counts,COM3,Weekday1_Midday,Weekday,Midday,20180719,1324,1334,,Heavy Clouds,65,UD4H,32,1,1,,1,,,1,,,,,,,,,,1,,,1,,,,,,,,,,,,,,,,,1,,,,,,,
"1,678",2018 People Staying Counts,COM3,Weekday1_Evening,Weekday,Evening,20180719,1725,1735,event:accidents_emergency,Heavy Clouds,68,UD4H,1,1,1,1,,,1,,,,,,,,,,,,1,,1,,,,,,,,,,,,,,1,,,1,,,,,,,
"1,679",2018 People Staying Counts,COM3,Weekday1_Evening,Weekday,Evening,20180719,1725,1735,event:accidents_emergency,Heavy Clouds,68,UD4H,2,1,1,1,,,1,,,,,,,,,,,1,,,,1,,,,,,,,,,,,,,,,1,,1,,,,,
"1,680",2018 People Staying Counts,COM3,Weekday1_Evening,Weekday,Evening,20180719,1725,1735,event:accidents_emergency,Heavy Clouds,68,UD4H,3,1,1,1,,,,,,,,,,1,,,,1,,,1,,,,,,,,,,,,,,1,,,1,,,,,,,
"1,681",2018 People Staying Counts,COM3,Weekday1_Evening,Weekday,Evening,20180719,1725,1735,event:accidents_emergency,Heavy Clouds,68,UD4H,4,1,1,1,,,1,,,,,,,,,,,,1,,1,,,,,,,,,,,,,,,,,1,,,,,,,
"1,682",2018 People Staying Counts,COM3,Weekday1_Evening,Weekday,Evening,20180719,1725,1735,event:accidents_emergency,Heavy Clouds,68,UD4H,5,1,1,1,,,1,,,,,,,,,,,1,,,1,,,,,,,,,,,,,,1,,,1,,,,,,,
"1,683",2018 People Staying Counts,COM3,Weekday1_Evening,Weekday,Evening,20180719,1725,1735,event:accidents_emergency,Heavy Clouds,68,UD4H,6,1,1,,1,,,,,1,,,,,,,,1,,,1,,,,,,,,,,,,,,1,,,1,,,,,,,
"1,684",2018 People Staying Counts,COM3,Weekday1_Evening,Weekday,Evening,20180719,1725,1735,event:accidents_emergency,Heavy Clouds,68,UD4H,7,1,1,1,,,1,,,,,,,,,,,,,1,1,,,,,,,,,,,,,,,,,1,,,,,,,
"1,685",2018 People Staying Counts,COM3,Weekday1_Evening,Weekday,Evening,20180719,1725,1735,event:accidents_emergency,Heavy Clouds,68,UD4H,8,1,1,,1,,,,,,,,1,,,,,1,,,1,,,,,,,,,,,,,,1,,,1,,,,,,,
"1,686",2018 People Staying Counts,COM3,Weekday1_Evening,Weekday,Evening,20180719,1725,1735,event:accidents_emergency,Heavy Clouds,68,UD4H,9,1,1,1,,,1,,,,,,,,,,,1,,,1,,,,,,,,,,,,,,,,,1,,,,,,,
"1,687",2018 People Staying Counts,COM3,Weekday1_Evening,Weekday,Evening,20180719,1725,1735,event:accidents_emergency,Heavy Clouds,68,UD4H,10,1,1,1,,,1,,,,,,,,,,,,,1,1,,,,,,,,,,,,,,,,,1,,,,,,,
"1,688",2018 People Staying Counts,COM3,Weekday1_Evening,Weekday,Evening,20180719,1725,1735,event:accidents_emergency,Heavy Clouds,68,UD4H,11,1,2,,1,,1,,,,,,,,,,1,,,,1,,,,,,,,,,,,1,,,,,1,,,,,,,
"1,689",2018 People Staying Counts,COM3,Weekday1_Evening,Weekday,Evening,20180719,1725,1735,event:accidents_emergency,Heavy Clouds,68,UD4H,12,1,2,,1,,,,,,,,,1,,,1,,,,1,,,,,,,,,,,,1,,,,,1,,,,,,,
"1,690",2018 People Staying Counts,COM3,Weekday1_Evening,Weekday,Evening,20180719,1725,1735,event:accidents_emergency,Heavy Clouds,68,UD4H,13,1,1,,1,,1,,,,,,,,,,,1,,,1,,,,,,,,,,,,,,1,,,1,,,,,,,
"1,691",2018 People Staying Counts,COM3,Weekday1_Evening,Weekday,Evening,20180719,1725,1735,event:accidents_emergency,Heavy Clouds,68,UD4H,14,1,1,,1,,1,,,,,,,,,,,1,,,1,,,,,,,,,,,,,,,,,1,,,,,,,
"1,692",2018 People Staying Counts,COM3,Weekday1_Evening,Weekday,Evening,20180719,1725,1735,event:accidents_emergency,Heavy Clouds,68,UD4H,15,1,1,,1,,,,,1,,,,,,,,1,,,1,,,,,,,,,,,,,,1,,,1,,,,,,,
"1,693",2018 People Staying Counts,COM3,Weekday1_Evening,Weekday,Evening,20180719,1725,1735,event:accidents_emergency,Heavy Clouds,68,UD4H,16,1,1,1,,,,,,1,,,,,,,,,1,,1,,,,,,,,,,,,,,1,,,1,,,,,,,
"1,694",2018 People Staying Counts,COM3,Weekday1_Evening,Weekday,Evening,20180719,1725,1735,event:accidents_emergency,Heavy Clouds,68,UD4H,17,1,1,1,,,1,,,,,,,,,,,1,,,1,,,,,,,,,,,,,,1,,,1,,,,,,,
"1,695",2018 People Staying Counts,COM3,Weekday1_Evening,Weekday,Evening,20180719,1725,1735,event:accidents_emergency,Heavy Clouds,68,UD4H,18,1,1,,1,,1,,,,,,,,,,,1,,,1,,,,,,,,,,,,,,1,,,1,,,,,,,
"1,696",2018 People Staying Counts,COM3,Weekday1_Evening,Weekday,Evening,20180719,1725,1735,event:accidents_emergency,Heavy Clouds,68,UD4H,19,1,1,,1,,1,,,,,,,,,,,1,,,1,,,,,,,,,,,,,,1,,,1,,,,,,,
"1,697",2018 People Staying Counts,COM3,Weekday1_Evening,Weekday,Evening,20180719,1725,1735,event:accidents_emergency,Heavy Clouds,68,UD4H,20,1,1,1,,,,,,1,,,,,,,,1,,,1,,,,,,,,,,,,,,1,,,1,,,,,,,
"1,698",2018 People Staying Counts,COM3,Weekday1_Evening,Weekday,Evening,20180719,1725,1735,event:accidents_emergency,Heavy Clouds,68,UD4H,21,1,1,,1,,1,,,,,,,,,,,1,,,1,,,,,,,,,,,1,,,,,,1,,,,,,,
"1,699",2018 People Staying Counts,COM3,Weekday1_Evening,Weekday,Evening,20180719,1725,1735,event:accidents_emergency,Heavy Clouds,68,UD4H,22,1,1,1,,,1,,,,,,,,,,,,1,,1,,,,,,,,,,,,,,1,,,1,,,,,,,
"1,700",2018 People Staying Counts,COM3,Weekday1_Evening,Weekday,Evening,20180719,1725,1735,event:accidents_emergency,Heavy Clouds,68,UD4H,23,1,1,1,,,1,,,,,,,,,,,1,,,1,,,,,,,,,,,,,,1,,,1,,,,,,,
"1,701",2018 People Staying Counts,COM3,Weekday1_Evening,Weekday,Evening,20180719,1725,1735,event:accidents_emergency,Heavy Clouds,68,UD4H,24,1,1,1,,,,1,,,,,,,,,,,1,,,1,,,,,,,,,,1,,,,,,1,,,,,,,
"1,702",2018 People Staying Counts,COM3,Weekday1_Evening,Weekday,Evening,20180719,1725,1735,event:accidents_emergency,Heavy Clouds,68,UD4H,25,1,1,,1,,1,,,,,,,,,,,1,,,1,,,,,,,,,,,,,,1,,,,,,,,,,
"1,703",2018 People Staying Counts,COM3,Weekday1_Evening,Weekday,Evening,20180719,1725,1735,event:accidents_emergency,Heavy Clouds,68,UD4H,26,1,1,,1,,,,,1,,,,,,,,,1,,1,,,,,,,,,,,,,,,,,1,,,,,,,
"1,704",2018 People Staying Counts,COM3,Weekday1_Evening,Weekday,Evening,20180719,1725,1735,event:accidents_emergency,Heavy Clouds,68,UD4H,27,1,1,,1,,1,,,,,,,,,,,1,,,1,,,,,,,,,,,,,,1,,,1,,,,,,,
"1,705",2018 People Staying Counts,COM3,Weekday1_Evening,Weekday,Evening,20180719,1725,1735,event:accidents_emergency,Heavy Clouds,68,UD4H,28,1,1,,1,,1,,,,,,,,,,,1,,,1,,,,,,,,,,,,,,1,,,1,,,,,,,
"1,706",2018 People Staying Counts,COM3,Weekday1_Evening,Weekday,Evening,20180719,1725,1735,event:accidents_emergency,Heavy Clouds,68,UD4H,29,1,1,,1,,1,,,,,,,,,,,,1,,1,,,,,,,,,,,,,,1,,,1,,,,,,,
"1,707",2018 People Staying Counts,COM3,Weekday1_Evening,Weekday,Evening,20180719,1725,1735,event:accidents_emergency,Heavy Clouds,68,UD4H,30,1,1,1,,,1,,,,,,,,,,,1,,,1,,,,,,,,,,,,,,,,,1,,,,,,,
"1,708",2018 People Staying Counts,COM3,Weekday1_Evening,Weekday,Evening,20180719,1725,1735,event:accidents_emergency,Heavy Clouds,68,UD4H,31,1,1,1,,,,,,1,,,,,,,,1,,,1,,,,,,,,,,,,,,1,,,1,,,,,,,
"1,709",2018 People Staying Counts,COM3,Weekday1_Evening,Weekday,Evening,20180719,1725,1735,event:accidents_emergency,Heavy Clouds,68,UD4H,32,1,1,,1,,1,,,,,,,,,,,1,,,1,,,,,,,,,,,,,,1,,,,,,,,,,
"1,710",2018 People Staying Counts,COM3,Weekday1_Evening,Weekday,Evening,20180719,1725,1735,event:accidents_emergency,Heavy Clouds,68,UD4H,33,1,1,1,,,1,,,,,,,,,,,,1,,1,,,,,,,,,,,,,,,,,1,,,,,,,
"1,711",2018 People Staying Counts,COM3,Weekday1_Evening,Weekday,Evening,20180719,1725,1735,event:accidents_emergency,Heavy Clouds,68,UD4H,34,1,1,1,,,1,,,,,,,,,,,1,,,1,,,,,,,,,,,,,,,,,1,,,,,,,
"1,712",2018 People Staying Counts,COM3,Weekday1_Evening,Weekday,Evening,20180719,1725,1735,event:accidents_emergency,Heavy Clouds,68,UD4H,35,1,2,1,,,1,,,,,,,,,,,1,,,1,,,,,,,,,,,,1,,,,,1,,,,,,,
"1,713",2018 People Staying Counts,COM3,Weekday1_Evening,Weekday,Evening,20180719,1725,1735,event:accidents_emergency,Heavy Clouds,68,UD4H,36,1,2,,1,,,,,1,,,,,,,,1,,,1,,,,,,,,,,,,1,,,,,1,,,,,,,
"1,714",2018 People Staying Counts,COM3,Weekday1_Evening,Weekday,Evening,20180719,1725,1735,event:accidents_emergency,Heavy Clouds,68,UD4H,37,1,1,1,,,1,,,,,,,,,,,,,1,1,,,,,,,,,,,,,,,,,1,,,,,,,
"1,715",2018 People Staying Counts,COM3,Weekday1_Evening,Weekday,Evening,20180719,1725,1735,event:accidents_emergency,Heavy Clouds,68,UD4H,38,1,1,,1,,1,,,,,,,,,,,1,,,1,,,,,,,,,,,,,,1,,,1,,,,,,,
"1,716",2018 People Staying Counts,COM3,Weekday1_Evening,Weekday,Evening,20180719,1725,1735,event:accidents_emergency,Heavy Clouds,68,UD4H,39,1,1,1,,,1,,,,,,,,,,,1,,,1,,,,,,,,,,,,,,1,,,1,,,,,,,
"1,717",2018 People Staying Counts,COM3,Weekday1_Evening,Weekday,Evening,20180719,1725,1735,event:accidents_emergency,Heavy Clouds,68,UD4H,40,1,1,1,,,,,,1,,,,,,,,1,,,1,,,,,,,,,,,,,,1,,,1,,,,,,,
"1,718",2018 People Staying Counts,COM3,Weekday1_Evening,Weekday,Evening,20180719,1725,1735,event:accidents_emergency,Heavy Clouds,68,UD4H,41,1,1,1,,,1,,,,,,,,,,,,1,,1,,,,,,,,,,,,,,,,,1,,,,,,,
"1,719",2018 People Staying Counts,COM3,Weekday1_Evening,Weekday,Evening,20180719,1725,1735,event:accidents_emergency,Heavy Clouds,68,UD4H,42,1,1,1,,,1,,,,,,,,,,,,1,,1,,,,,,,,,,,,,,1,,,,,,,,,,
"1,720",2018 People Staying Counts,COM3,Weekday2_Morning,Weekday,Morning,20180720,0940,0950,,Heavy Clouds,58,UD4H,1,1,1,1,,,1,,,,,,,,,,,1,,,1,,,,,,,,,,,,,,,,,1,,,,,,,
"1,721",2018 People Staying Counts,COM3,Weekday2_Morning,Weekday,Morning,20180720,0940,0950,,Heavy Clouds,58,UD4H,2,1,1,1,,,,,,,,,,1,,,,1,,,,1,,,,,,,,1,,1,,,,,1,,,,,,,,
"1,722",2018 People Staying Counts,COM3,Weekday2_Morning,Weekday,Morning,20180720,0940,0950,,Heavy Clouds,58,UD4H,3,1,1,,1,,1,,,,,,,,,,,1,,,1,,,,,,,,,,,,,,1,,,1,,,,,,,
"1,723",2018 People Staying Counts,COM3,Weekday2_Morning,Weekday,Morning,20180720,0940,0950,,Heavy Clouds,58,UD4H,4,1,1,,1,,1,,,,,,,,,,,1,,,1,,,,,,,,,,,,,,1,,,1,,,,,,,
"1,724",2018 People Staying Counts,COM3,Weekday2_Morning,Weekday,Morning,20180720,0940,0950,,Heavy Clouds,58,UD4H,5,1,1,1,,,,1,,,,,,,,,,,1,,1,,,,,,,,,,,,,,,,,,,1,,,,,
"1,725",2018 People Staying Counts,COM3,Weekday2_Morning,Weekday,Morning,20180720,0940,0950,,Heavy Clouds,58,UD4H,6,1,1,,1,,,1,,,,,,,,,,1,,,,1,,,,,,,,,,,,,,,1,,,,,,,,
"1,726",2018 People Staying Counts,COM3,Weekday2_Morning,Weekday,Morning,20180720,0940,0950,,Heavy Clouds,58,UD4H,7,1,1,1,,,,1,,,,,,,,,,1,,,1,,,,,,,,,,,,,,1,,,1,,,,,,,
"1,727",2018 People Staying Counts,COM3,Weekday2_Morning,Weekday,Morning,20180720,0940,0950,,Heavy Clouds,58,UD4H,8,1,1,,1,,1,,,,,,,,,,,1,,,1,,,,,,,,,,,,,,,,,1,,,,,,,
"1,728",2018 People Staying Counts,COM3,Weekday2_Morning,Weekday,Morning,20180720,0940,0950,,Heavy Clouds,58,UD4H,9,1,2,,1,,,,,1,,,,,,,,,1,,,1,,,,,,,,,,,1,,,,1,,,,,,,,
"1,729",2018 People Staying Counts,COM3,Weekday2_Morning,Weekday,Morning,20180720,0940,0950,,Heavy Clouds,58,UD4H,10,1,2,1,,,,,,1,,,,,,,,,1,,,1,,,,,,,,,,,1,,,,1,,,1,,,,,
"1,730",2018 People Staying Counts,COM3,Weekday2_Morning,Weekday,Morning,20180720,0940,0950,,Heavy Clouds,58,UD4H,11,1,1,,1,,1,,,,,,,,,,,1,,,,,,,,1,,,,,,,,,,,1,,,1,,,,,
"1,731",2018 People Staying Counts,COM3,Weekday2_Morning,Weekday,Morning,20180720,0940,0950,,Heavy Clouds,58,UD4H,12,1,1,1,,,,1,,,,,,,,,,,,1,1,,,,,,,1,,,,,,,,,,1,,,,,,,
"1,732",2018 People Staying Counts,COM3,Weekday2_Morning,Weekday,Morning,20180720,0940,0950,,Heavy Clouds,58,UD4H,13,1,1,1,,,1,,,,,,,,,,,,1,,1,,,,,,,,,,,,,,,,,1,,,,,,,
"1,733",2018 People Staying Counts,COM3,Weekday2_Morning,Weekday,Morning,20180720,0940,0950,,Heavy Clouds,58,UD4H,14,1,4,,1,,,1,,,,,,,,,,1,,,1,,,,,,,,,,,,1,,,,,,,,,,,,
"1,734",2018 People Staying Counts,COM3,Weekday2_Morning,Weekday,Morning,20180720,0940,0950,,Heavy Clouds,58,UD4H,15,1,4,1,,,,1,,,,,,,,,,1,,,1,,,,,,,,,,,,1,,,,,,,,,,,,
"1,735",2018 People Staying Counts,COM3,Weekday2_Morning,Weekday,Morning,20180720,0940,0950,,Heavy Clouds,58,UD4H,16,1,4,1,,,,,,,,,,1,,,1,,,,1,,,,,,,,,,,,1,,,,,,,,,,,,
"1,736",2018 People Staying Counts,COM3,Weekday2_Morning,Weekday,Morning,20180720,0940,0950,,Heavy Clouds,58,UD4H,17,1,4,1,,,,1,,,,,,,,,1,,,,1,,,,,,,,,,,,1,,,,,,,,,,,,
"1,737",2018 People Staying Counts,COM3,Weekday2_Morning,Weekday,Morning,20180720,0940,0950,,Heavy Clouds,58,UD4H,18,1,2,1,,,1,,,,,,,,,,,,1,,1,,,,,,,,,,,,1,,,,,,,,,,,,
"1,738",2018 People Staying Counts,COM3,Weekday2_Morning,Weekday,Morning,20180720,0940,0950,,Heavy Clouds,58,UD4H,19,1,2,1,,,1,,,,,,,,,,,,1,,1,,,,,,,,,,,,1,,,,,,,,,,,,
"1,739",2018 People Staying Counts,COM3,Weekday2_Morning,Weekday,Morning,20180720,0940,0950,,Heavy Clouds,58,UD4H,20,1,1,1,,,1,,,,,,,,,,,,1,,1,,,,,,,,,,,,,,,,,,1,,,,,,
"1,740",2018 People Staying Counts,COM3,Weekday2_Morning,Weekday,Morning,20180720,0940,0950,,Heavy Clouds,58,UD4H,21,1,2,,1,,,,,1,,,,,,,1,,,,,,,,,1,,,,,,,1,,,,,,,,,,,,
"1,741",2018 People Staying Counts,COM3,Weekday2_Morning,Weekday,Morning,20180720,0940,0950,,Heavy Clouds,58,UD4H,22,1,2,1,,,1,,,,,,,,,,1,,,,1,,,,,,,,,,,,1,,,,,,,,,,,,
"1,742",2018 People Staying Counts,COM3,Weekday2_Morning,Weekday,Morning,20180720,0940,0950,,Heavy Clouds,58,UD4H,23,1,1,1,,,,1,,,,,,,,,,,1,,,,,,,1,,,,,,,,,,,,,,1,,,,,
"1,743",2018 People Staying Counts,COM3,Weekday2_Morning,Weekday,Morning,20180720,0940,0950,,Heavy Clouds,58,UD4H,24,1,1,,1,,1,,,,,,,,,,,1,,,1,,,,,,,,,,,,,,1,,,,,,,,,,
"1,744",2018 People Staying Counts,COM3,Weekday2_Morning,Weekday,Morning,20180720,0940,0950,,Heavy Clouds,58,UD4H,25,1,1,1,,,1,,,,,,,,,,,1,,,1,,,,,,,,,,,,,,,,,,1,,,,,,
"1,745",2018 People Staying Counts,COM3,Weekday2_Midday,Weekday,Midday,20180720,1323,1333,,Sun-Shaded,65,UD4H,1,1,1,,1,,1,,,,,,,,,,,1,,,1,,,,,,,,,,,,,,1,,,,,1,,,,,
"1,746",2018 People Staying Counts,COM3,Weekday2_Midday,Weekday,Midday,20180720,1323,1333,,Sun-Shaded,65,UD4H,2,1,1,,1,,1,,,,,,,,,,,,1,,1,,,,,,,,,,,,,,,,1,,,,,,,,
"1,747",2018 People Staying Counts,COM3,Weekday2_Midday,Weekday,Midday,20180720,1323,1333,,Sun-Shaded,65,UD4H,3,1,1,,1,,,1,,,,,,,,,,,1,,1,,,,,,,,,,,,,,,,1,,,,,,,,
"1,748",2018 People Staying Counts,COM3,Weekday2_Midday,Weekday,Midday,20180720,1323,1333,,Sun-Shaded,65,UD4H,4,1,1,,1,,1,,,,,,,,,,,1,,,,1,,,,,,,,,,,,,1,,,,,,,,,,
"1,749",2018 People Staying Counts,COM3,Weekday2_Midday,Weekday,Midday,20180720,1323,1333,,Sun-Shaded,65,UD4H,5,1,1,1,,,1,,,,,,,,,,,,1,,1,,,,,,,,,,,,,,,,1,,,,,,,,
"1,750",2018 People Staying Counts,COM3,Weekday2_Midday,Weekday,Midday,20180720,1323,1333,,Sun-Shaded,65,UD4H,6,1,1,,1,,,,,,,,,1,,,,,1,,1,,,,,,,,,,,,,,1,,,1,,,,,,,
"1,751",2018 People Staying Counts,COM3,Weekday2_Midday,Weekday,Midday,20180720,1323,1333,,Sun-Shaded,65,UD4H,7,1,1,1,,,,,,,1,,,,,,,1,,,1,,,,,,,,,,,,,,1,,,,,,,,,,
"1,752",2018 People Staying Counts,COM3,Weekday2_Midday,Weekday,Midday,20180720,1323,1333,,Sun-Shaded,65,UD4H,8,1,2,1,,,,1,,,,,,,,,,,1,,1,,,,,,,,,,,,1,,,,,,,,,,,,
"1,753",2018 People Staying Counts,COM3,Weekday2_Midday,Weekday,Midday,20180720,1323,1333,,Sun-Shaded,65,UD4H,9,1,2,1,,,,1,,,,,,,,,,,1,,1,,,,,,,,,,,,1,,,,,,,1,,,,,
"1,754",2018 People Staying Counts,COM3,Weekday2_Midday,Weekday,Midday,20180720,1323,1333,,Sun-Shaded,65,UD4H,10,1,1,,1,,,,,,,1,,,,,,1,,,1,,,,,,,,,,,,,,1,,,1,,,,,,,
"1,755",2018 People Staying Counts,COM3,Weekday2_Midday,Weekday,Midday,20180720,1323,1333,,Sun-Shaded,65,UD4H,11,1,1,1,,,,,1,,,,,,,,,1,,,1,,,,,,,,,,,,,,1,,,,,,,,,,
"1,756",2018 People Staying Counts,COM3,Weekday2_Midday,Weekday,Midday,20180720,1323,1333,,Sun-Shaded,65,UD4H,12,1,1,1,,,1,,,,,,,,,,,1,,,1,,,,,,,,,,,,,,1,,,,,,,,,,
"1,757",2018 People Staying Counts,COM3,Weekday2_Midday,Weekday,Midday,20180720,1323,1333,,Sun-Shaded,65,UD4H,13,1,1,1,,,,,,1,,,,,,,,1,,,1,,,,,,,,,,,,,,,,,1,,,,,,,
"1,758",2018 People Staying Counts,COM3,Weekday2_Midday,Weekday,Midday,20180720,1323,1333,,Sun-Shaded,65,UD4H,14,1,2,1,,,1,,,,,,,,,,,1,,,1,,,,,,,,,,,,1,,1,,,,,,,,,,
"1,759",2018 People Staying Counts,COM3,Weekday2_Midday,Weekday,Midday,20180720,1323,1333,,Sun-Shaded,65,UD4H,15,1,2,1,,,1,,,,,,,,,,,1,,,1,,,,,,,,,,,,1,,1,,,,,,,,,,
"1,760",2018 People Staying Counts,COM3,Weekday2_Midday,Weekday,Midday,20180720,1323,1333,,Sun-Shaded,65,UD4H,16,1,1,1,,,1,,,,,,,,,,,,1,,1,,,,,,,,,,,,,,1,,,1,,,,,,,
"1,761",2018 People Staying Counts,COM3,Weekday2_Midday,Weekday,Midday,20180720,1323,1333,,Sun-Shaded,65,UD4H,17,1,1,1,,,1,,,,,,,,,,,1,,,1,,,,,,,,,,,,,,,,,1,,,,,,,
"1,762",2018 People Staying Counts,COM3,Weekday2_Midday,Weekday,Midday,20180720,1323,1333,,Sun-Shaded,65,UD4H,18,1,2,1,,,1,,,,,,,,,,,,1,,,1,,,,,,,,,,,1,,,,,,,,,,,,
"1,763",2018 People Staying Counts,COM3,Weekday2_Midday,Weekday,Midday,20180720,1323,1333,,Sun-Shaded,65,UD4H,19,1,2,,1,,1,,,,,,,,,,,,1,,,1,,,,,,,,,,,1,,,,,,,,,,,,
"1,764",2018 People Staying Counts,COM3,Weekday2_Midday,Weekday,Midday,20180720,1323,1333,,Sun-Shaded,65,UD4H,20,1,1,1,,,,,,,,1,,,,,,1,,,1,,,,,,,,,,,,,,1,,,1,,,,,,,
"1,765",2018 People Staying Counts,COM3,Weekday2_Midday,Weekday,Midday,20180720,1323,1333,,Sun-Shaded,65,UD4H,21,1,1,,1,,,,,,,,,1,,,,,1,,,1,,,,,,,,,,,,,,,,1,,,,,,,
"1,766",2018 People Staying Counts,COM3,Weekday2_Midday,Weekday,Midday,20180720,1323,1333,,Sun-Shaded,65,UD4H,22,1,1,,1,,1,,,,,,,,,,,1,,,1,,,,,,,,,,,,,,,,,1,,,,,,,
"1,767",2018 People Staying Counts,COM3,Weekday2_Midday,Weekday,Midday,20180720,1323,1333,,Sun-Shaded,65,UD4H,23,1,3,,1,,,1,,,,,,,,,,1,,,1,,,,,,,,,,,,1,,,,1,,,,,,,,
"1,768",2018 People Staying Counts,COM3,Weekday2_Midday,Weekday,Midday,20180720,1323,1333,,Sun-Shaded,65,UD4H,24,1,3,1,,,,1,,,,,,,,,,,1,,1,,,,,,,,,,,,1,,,,,,,,,,,,
"1,769",2018 People Staying Counts,COM3,Weekday2_Midday,Weekday,Midday,20180720,1323,1333,,Sun-Shaded,65,UD4H,25,1,3,,1,,1,,,,,,,,,,,,1,,1,,,,,,,,,,,,1,,,,,,,,,,,,
"1,770",2018 People Staying Counts,COM3,Weekday2_Midday,Weekday,Midday,20180720,1323,1333,,Sun-Shaded,65,UD4H,26,1,1,1,,,1,,,,,,,,,,,1,,,1,,,,,,,,,,,,,,1,,,1,,,,,,,
"1,771",2018 People Staying Counts,COM3,Weekday2_Midday,Weekday,Midday,20180720,1323,1333,,Sun-Shaded,65,UD4H,27,1,1,,1,,1,,,,,,,,,,,,1,,1,,,,,,,,,,,,,,1,,,,,,,,,,
"1,772",2018 People Staying Counts,COM3,Weekday2_Midday,Weekday,Midday,20180720,1323,1333,,Sun-Shaded,65,UD4H,28,1,1,1,,,1,,,,,,,,,,,,,1,1,,,,,,,,,,,,,,,,,1,,,,,,,
"1,773",2018 People Staying Counts,COM3,Weekday2_Midday,Weekday,Midday,20180720,1323,1333,,Sun-Shaded,65,UD4H,29,1,1,1,,,,,,1,,,,,,,,,1,,1,,,,,,,,,,,,,,,,,1,,,,,,,
"1,774",2018 People Staying Counts,COM3,Weekday2_Midday,Weekday,Midday,20180720,1323,1333,,Sun-Shaded,65,UD4H,30,1,1,1,,,1,,,,,,,,,,,,1,,,1,,,,,,,,,,,,,1,,,,,,,,,,
"1,775",2018 People Staying Counts,COM3,Weekday2_Midday,Weekday,Midday,20180720,1323,1333,,Sun-Shaded,65,UD4H,31,1,1,1,,,,,,,,,,1,,,,,1,,,,,,,1,,,,,,,,,,,1,,,,,,,,
"1,776",2018 People Staying Counts,COM3,Weekday2_Midday,Weekday,Midday,20180720,1323,1333,,Sun-Shaded,65,UD4H,32,1,1,1,,,,1,,,,,,,,,,1,,,1,,,,,,,,,,,,,,1,,1,,,,,,,,
"1,777",2018 People Staying Counts,COM3,Weekday2_Evening,Weekday,Evening,20180720,1729,1739,,Sun-Shaded,70,UD4H,1,1,2,1,,,,1,,,,,,,,,,,1,,1,,,,,,,,,,,,1,,,,,,1,,,,,,
"1,778",2018 People Staying Counts,COM3,Weekday2_Evening,Weekday,Evening,20180720,1729,1739,,Sun-Shaded,70,UD4H,2,1,2,,1,,,,,1,,,,,,,,,1,,1,,,,,,,1,,,,,1,,,,,1,,,,,,,
"1,779",2018 People Staying Counts,COM3,Weekday2_Evening,Weekday,Evening,20180720,1729,1739,,Sun-Shaded,70,UD4H,3,1,1,1,,,1,,,,,,,,,,,,1,,,1,,,,,,,,,,,,,,,1,1,,,,,,,
"1,780",2018 People Staying Counts,COM3,Weekday2_Evening,Weekday,Evening,20180720,1729,1739,,Sun-Shaded,70,UD4H,4,1,1,1,,,1,,,,,,,,,,,,1,,1,,,,,,,,,,,,,,,,,1,,,,,,,
"1,781",2018 People Staying Counts,COM3,Weekday2_Evening,Weekday,Evening,20180720,1729,1739,,Sun-Shaded,70,UD4H,5,1,1,,1,,1,,,,,,,,,,,1,,,1,,,,,,,,,,,,,,1,,,1,,,,,,,
"1,782",2018 People Staying Counts,COM3,Weekday2_Evening,Weekday,Evening,20180720,1729,1739,,Sun-Shaded,70,UD4H,6,1,1,1,,,1,,,,,,,,,,,1,,,1,,,,,,,,,,,,,,,,1,1,,,,,,,
"1,783",2018 People Staying Counts,COM3,Weekday2_Evening,Weekday,Evening,20180720,1729,1739,,Sun-Shaded,70,UD4H,7,1,1,,1,,1,,,,,,,,,,,1,,,1,,,,,,,,,,,,,,1,,,1,,,,,,,
"1,784",2018 People Staying Counts,COM3,Weekday2_Evening,Weekday,Evening,20180720,1729,1739,,Sun-Shaded,70,UD4H,8,1,1,1,,,1,,,,,,,,,,,,1,,1,,,,,,,,,,,,,,,,,1,,,,,,,
"1,785",2018 People Staying Counts,COM3,Weekday2_Evening,Weekday,Evening,20180720,1729,1739,,Sun-Shaded,70,UD4H,9,1,1,1,,,1,,,,,,,,,,,,1,,1,,,,,,,,,,,,,,,,,1,,,,,,,
"1,786",2018 People Staying Counts,COM3,Weekday2_Evening,Weekday,Evening,20180720,1729,1739,,Sun-Shaded,70,UD4H,10,1,1,1,,,,1,,,,,,,,,,1,,,1,,,,,,,,,,,,,,,,,1,,,,,,,
"1,787",2018 People Staying Counts,COM3,Weekday2_Evening,Weekday,Evening,20180720,1729,1739,,Sun-Shaded,70,UD4H,11,1,1,1,,,1,,,,,,,,,,,,1,,1,,,,,,,,,,,,,,,,,1,,,,,,,
"1,788",2018 People Staying Counts,COM3,Weekday2_Evening,Weekday,Evening,20180720,1729,1739,,Sun-Shaded,70,UD4H,12,1,1,1,,,1,,,,,,,,,,,,1,,1,,,,,,,,,,,,,,,,,1,,,,,,,
"1,789",2018 People Staying Counts,COM3,Weekday2_Evening,Weekday,Evening,20180720,1729,1739,,Sun-Shaded,70,UD4H,13,1,1,,1,,1,,,,,,,,,,,1,,,1,,,,,,,,,,,,,,1,,,1,,,,,,,
"1,790",2018 People Staying Counts,COM3,Weekday2_Evening,Weekday,Evening,20180720,1729,1739,,Sun-Shaded,70,UD4H,14,1,1,1,,,1,,,,,,,,,,,1,,,1,,,,,,,,,,,,,,,,,1,,,,,,,
"1,791",2018 People Staying Counts,COM3,Weekday2_Evening,Weekday,Evening,20180720,1729,1739,,Sun-Shaded,70,UD4H,15,1,1,1,,,1,,,,,,,,,,,,1,,1,,,,,,,,,,,,,,,,,1,,,,,,,
"1,792",2018 People Staying Counts,COM3,Weekday2_Evening,Weekday,Evening,20180720,1729,1739,,Sun-Shaded,70,UD4H,16,1,1,1,,,1,,,,,,,,,,,1,,,1,,,,,,,,,,,,,,,,,1,,,,,,,
"1,793",2018 People Staying Counts,COM3,Weekday2_Evening,Weekday,Evening,20180720,1729,1739,,Sun-Shaded,70,UD4H,17,1,1,1,,,1,,,,,,,,,,,1,,,1,,,,,,,,,,,,,,1,,,1,,,,,,,
"1,794",2018 People Staying Counts,COM3,Weekday2_Evening,Weekday,Evening,20180720,1729,1739,,Sun-Shaded,70,UD4H,18,1,1,1,,,1,,,,,,,,,,,1,,,1,,,,,,,,,,,,,,1,,,1,,,,,,,
"1,795",2018 People Staying Counts,COM3,Weekday2_Evening,Weekday,Evening,20180720,1729,1739,,Sun-Shaded,70,UD4H,19,1,1,,1,,,,,,,,1,,,,1,,,,1,,,,,,,,,1,,1,,,1,,,1,,,,,1,,
"1,796",2018 People Staying Counts,COM3,Weekday2_Evening,Weekday,Evening,20180720,1729,1739,,Sun-Shaded,70,UD4H,20,1,2,,1,,,,,,,,,1,,,,1,,,1,,,,,,,,,,,,,,,,,1,,,,,,,
"1,797",2018 People Staying Counts,COM3,Weekday2_Evening,Weekday,Evening,20180720,1729,1739,,Sun-Shaded,70,UD4H,21,1,2,1,,,,,,,,,,1,1,,,,,,1,,,,,,,,,,,,,,,,1,1,,,,,,,
"1,798",2018 People Staying Counts,COM3,Weekday2_Evening,Weekday,Evening,20180720,1729,1739,,Sun-Shaded,70,UD4H,22,1,1,1,,,1,,,,,,,,,,,1,,,1,,,,,,,,,,,,,,1,,,1,,,,,,,
"1,799",2018 People Staying Counts,COM3,Weekday2_Evening,Weekday,Evening,20180720,1729,1739,,Sun-Shaded,70,UD4H,23,1,1,,1,,1,,,,,,,,,,,1,,,1,,,,,,,,,,,,,,1,,,1,,,,,,,
"1,800",2018 People Staying Counts,COM3,Weekday2_Evening,Weekday,Evening,20180720,1729,1739,,Sun-Shaded,70,UD4H,24,1,1,1,,,1,,,,,,,,,,,1,,,1,,,,,,,,,,,,,,1,,,1,,,,,,,
"1,801",2018 People Staying Counts,COM3,Weekday2_Evening,Weekday,Evening,20180720,1729,1739,,Sun-Shaded,70,UD4H,25,1,1,,1,,1,,,,,,,,,,,1,,,1,,,,,,,,,,,,,,,,1,,,,,,,,
"1,802",2018 People Staying Counts,COM3,Weekday2_Evening,Weekday,Evening,20180720,1729,1739,,Sun-Shaded,70,UD4H,26,1,1,,1,,,1,,,,,,,,,,1,,,1,,,,,,,,,1,,1,,,1,,,1,,,,,,,
"1,803",2018 People Staying Counts,COM3,Weekday2_Evening,Weekday,Evening,20180720,1729,1739,,Sun-Shaded,70,UD4H,27,1,1,,1,,1,,,,,,,,,,,,1,,1,,,,,,,,,,,,,,,,,1,,,,,,,
"1,804",2018 People Staying Counts,COM3,Weekday2_Evening,Weekday,Evening,20180720,1729,1739,,Sun-Shaded,70,UD4H,28,1,1,,1,,1,,,,,,,,,,,,1,,1,,,,,,,,,,,,,,1,,,1,,,,,,,
"1,805",2018 People Staying Counts,COM3,Weekday2_Evening,Weekday,Evening,20180720,1729,1739,,Sun-Shaded,70,UD4H,29,1,1,,1,,1,,,,,,,,,,,1,,,1,,,,,,,,,,,,,,1,,,1,,,,,,,
"1,806",2018 People Staying Counts,COM3,Weekday2_Evening,Weekday,Evening,20180720,1729,1739,,Sun-Shaded,70,UD4H,30,1,1,,1,,,1,,,,,,,,,,1,,,1,,,,,,,,1,,,,,,,,,1,,,,,,,
"1,807",2018 People Staying Counts,COM3,Weekday2_Evening,Weekday,Evening,20180720,1729,1739,,Sun-Shaded,70,UD4H,31,1,1,1,,,1,,,,,,,,,,,1,,,1,,,,,,,,,,,,,,,,,1,,,,,,,
"1,808",2018 People Staying Counts,COM3,Weekday2_Evening,Weekday,Evening,20180720,1729,1739,,Sun-Shaded,70,UD4H,32,1,1,1,,,,1,,,,,,,,,,1,,,1,,,,,,,,,,,,,,,,,1,,,,,,,
"1,809",2018 People Staying Counts,COM3,Weekday2_Evening,Weekday,Evening,20180720,1729,1739,,Sun-Shaded,70,UD4H,33,1,2,,1,,,,,,,,,1,,,,1,,,1,,,,,,,,,,,,1,,,,,1,,,,,,,
"1,810",2018 People Staying Counts,COM3,Weekday2_Evening,Weekday,Evening,20180720,1729,1739,,Sun-Shaded,70,UD4H,34,1,2,,1,,,,,1,,,,,,,,1,,,1,,,,,,,,,,,,1,,,,,1,,,,,,,
"1,811",2018 People Staying Counts,COM3,Weekday2_Evening,Weekday,Evening,20180720,1729,1739,,Sun-Shaded,70,UD4H,35,1,1,,1,,1,,,,,,,,,,,,1,,1,,,,,,,,,,,,,,,,,1,,,,,,,
"1,812",2018 People Staying Counts,COM3,Weekday2_Evening,Weekday,Evening,20180720,1729,1739,,Sun-Shaded,70,UD4H,36,1,1,,1,,,1,,,,,,,,,,1,,,1,,,,,,,,,,,,,,,,,1,,,,,,,
"1,813",2018 People Staying Counts,COM3,Weekday2_Evening,Weekday,Evening,20180720,1729,1739,,Sun-Shaded,70,UD4H,37,1,1,1,,,1,,,,,,,,,,,1,,,1,,,,,,,,,,,,,,1,,,1,,,,,,,
"1,814",2018 People Staying Counts,COM3,Weekday2_Evening,Weekday,Evening,20180720,1729,1739,,Sun-Shaded,70,UD4H,38,1,1,1,,,1,,,,,,,,,,,1,,,1,,,,,,,,,,,,,,1,,,1,,,,,,,
"1,815",2018 People Staying Counts,COM3,Weekday2_Evening,Weekday,Evening,20180720,1729,1739,,Sun-Shaded,70,UD4H,39,1,1,,1,,,,,1,,,,,,,,1,,,1,,,,,,,,,,,,,,1,,,1,,,,,,,
"1,816",2018 People Staying Counts,COM3,Weekday2_Evening,Weekday,Evening,20180720,1729,1739,,Sun-Shaded,70,UD4H,40,1,7,1,,,,,1,,,,,,,,,,1,,,,,,1,,,,,,,,1,,,,,,,,,,,,
"1,817",2018 People Staying Counts,COM3,Weekday2_Evening,Weekday,Evening,20180720,1729,1739,,Sun-Shaded,70,UD4H,41,1,7,,1,,,,1,,,,,,,,,,1,,,,,,1,,,1,,,,,1,,,,,,,,,,,,
"1,818",2018 People Staying Counts,COM3,Weekday2_Evening,Weekday,Evening,20180720,1729,1739,,Sun-Shaded,70,UD4H,42,1,7,,1,,,,1,,,,,,,,,,1,,,,,,1,,,1,,,,,1,,,,,,,,,,,,
"1,819",2018 People Staying Counts,COM3,Weekday2_Evening,Weekday,Evening,20180720,1729,1739,,Sun-Shaded,70,UD4H,43,1,7,1,,,,,,,,,,1,,,,,1,,,,,,1,,,1,,,,,1,,,,,,,,,,,,
"1,820",2018 People Staying Counts,COM3,Weekday2_Evening,Weekday,Evening,20180720,1729,1739,,Sun-Shaded,70,UD4H,44,1,7,1,,,,,1,,,,,,,,,,,1,,,,,1,,,1,,,,,1,,,,,,,,,,,,
"1,821",2018 People Staying Counts,COM3,Weekday2_Evening,Weekday,Evening,20180720,1729,1739,,Sun-Shaded,70,UD4H,45,1,7,,1,,,,,,,,,1,,,,,,1,,,,,1,,,1,,,,,1,,,,,,,,,,,,
"1,822",2018 People Staying Counts,COM3,Weekday2_Evening,Weekday,Evening,20180720,1729,1739,,Sun-Shaded,70,UD4H,46,1,7,1,,,,,1,,,,,,,,,1,,,,,,,1,,,,,,,,1,,,,,,,,,,,,
"1,823",2018 People Staying Counts,COM3,Weekday2_Evening,Weekday,Evening,20180720,1729,1739,,Sun-Shaded,70,UD4H,47,1,1,,1,,1,,,,,,,,,,,1,,,1,,,,,,,,,,,,,,1,,,1,,,,,,,
"1,824",2018 People Staying Counts,COM3,Weekday2_Evening,Weekday,Evening,20180720,1729,1739,,Sun-Shaded,70,UD4H,48,1,1,1,,,,1,,,,,,,,,,,1,,1,,,,,,,,,,,,,,,,,,,,,1,,,
"1,825",2018 People Staying Counts,COM3,Weekend_Midday,Weekend,Midday,20180721,1321,1331,,Sun-Shaded,68,UD4H,1,1,1,1,,,1,,,,,,,,,,1,,,,,,,,,1,,,,,,,,,1,,,,,,,,,,
"1,826",2018 People Staying Counts,COM3,Weekend_Midday,Weekend,Midday,20180721,1321,1331,,Sun-Shaded,68,UD4H,2,1,1,1,,,,,1,,,,,,,,,,,1,,,,,1,,,1,,,,,1,,,,,,,,,,,,
"1,827",2018 People Staying Counts,COM3,Weekend_Midday,Weekend,Midday,20180721,1321,1331,,Sun-Shaded,68,UD4H,3,1,1,,1,,,1,,,,,,,,,,,1,,,1,,,,,,,,,,,,,,,1,,,,,,,,
"1,828",2018 People Staying Counts,COM3,Weekend_Midday,Weekend,Midday,20180721,1321,1331,,Sun-Shaded,68,UD4H,4,1,1,1,,,1,,,,,,,,,,,,,1,,1,,,,,,,,,,,,,1,,,1,,,,,,,
"1,829",2018 People Staying Counts,COM3,Weekend_Midday,Weekend,Midday,20180721,1321,1331,,Sun-Shaded,68,UD4H,5,1,2,,1,,,,,1,,,,,,,,1,,,1,,,,,,,,,,,,1,,,,,1,,,,,,,
"1,830",2018 People Staying Counts,COM3,Weekend_Midday,Weekend,Midday,20180721,1321,1331,,Sun-Shaded,68,UD4H,6,1,2,1,,,1,,,,,,,,,,,1,,,1,,,,,,,,,,,,1,,,,,1,,,,,,,
"1,831",2018 People Staying Counts,COM3,Weekend_Midday,Weekend,Midday,20180721,1321,1331,,Sun-Shaded,68,UD4H,7,1,2,1,,,1,,,,,,,,,,,1,,,1,,,,,,,1,,,,,1,,,,,1,,,,,,,
"1,832",2018 People Staying Counts,COM3,Weekend_Midday,Weekend,Midday,20180721,1321,1331,,Sun-Shaded,68,UD4H,8,1,2,1,,,1,,,,,,,,,,,1,,,1,,,,,,,,,1,,1,1,,,,,1,,,,,,,
"1,833",2018 People Staying Counts,COM3,Weekend_Midday,Weekend,Midday,20180721,1321,1331,,Sun-Shaded,68,UD4H,9,1,1,,1,,,,,1,,,,,,,,1,,,1,,,,,,,,,,,,,,,,,1,,1,,,,,
"1,834",2018 People Staying Counts,COM3,Weekend_Midday,Weekend,Midday,20180721,1321,1331,,Sun-Shaded,68,UD4H,10,1,1,,1,,,,1,,,,,,,,,,,1,,,,,1,,,1,,,,,1,,,,1,,,,,,,,
"1,835",2018 People Staying Counts,COM3,Weekend_Midday,Weekend,Midday,20180721,1321,1331,,Sun-Shaded,68,UD4H,11,1,2,1,,,,,,1,,,,,,,,1,,,1,,,,,,,,,,,,,,1,,,1,,,,,,,
"1,836",2018 People Staying Counts,COM3,Weekend_Midday,Weekend,Midday,20180721,1321,1331,,Sun-Shaded,68,UD4H,12,1,2,1,,,,,,1,,,,,,,,1,,,1,,,,,,,,,,,,,,,,,1,,,,,,,
"1,837",2018 People Staying Counts,COM3,Weekend_Midday,Weekend,Midday,20180721,1321,1331,,Sun-Shaded,68,UD4H,13,1,1,1,,,,1,,,,,,,,,,1,,,,,,,1,,,1,,1,,1,,,,,1,,,,,,,,
"1,838",2018 People Staying Counts,COM3,Weekend_Midday,Weekend,Midday,20180721,1321,1331,,Sun-Shaded,68,UD4H,14,1,1,,1,,,,,,,,,1,,,,,1,,1,,,,,,,,,,,,,,,,,1,,,,,,,
"1,839",2018 People Staying Counts,COM3,Weekend_Midday,Weekend,Midday,20180721,1321,1331,,Sun-Shaded,68,UD4H,15,1,1,,1,,,,,,,1,,,,,,1,,,1,,,,,,,,,,,,,,,,,1,,,,,,,
"1,840",2018 People Staying Counts,COM3,Weekend_Midday,Weekend,Midday,20180721,1321,1331,,Sun-Shaded,68,UD4H,16,1,1,1,,,1,,,,,,,,,,,1,,,1,,,,,,,,,,,,,,1,,,1,,,,,,,
"1,841",2018 People Staying Counts,COM3,Weekend_Midday,Weekend,Midday,20180721,1321,1331,,Sun-Shaded,68,UD4H,17,1,3,,1,,,,1,,,,,,,,,,1,,,,,,1,,,1,,,,,1,,,,,,,,,,,,
"1,842",2018 People Staying Counts,COM3,Weekend_Midday,Weekend,Midday,20180721,1321,1331,,Sun-Shaded,68,UD4H,18,1,3,,1,,,,1,,,,,,,,,,1,,1,,,,,,,,,,,,1,,,,,,,,,,,,
"1,843",2018 People Staying Counts,COM3,Weekend_Midday,Weekend,Midday,20180721,1321,1331,,Sun-Shaded,68,UD4H,19,1,3,1,,,,,1,,,,,,,,,,1,,1,,,,,,,,,,,,1,,,,,,,,,,,,
"1,844",2018 People Staying Counts,COM3,Weekend_Midday,Weekend,Midday,20180721,1321,1331,,Sun-Shaded,68,UD4H,20,1,1,1,,,1,,,,,,,,,,,,1,,1,,,,,,,,,,,,,,1,,,,,,,,,,
"1,845",2018 People Staying Counts,COM3,Weekend_Midday,Weekend,Midday,20180721,1321,1331,,Sun-Shaded,68,UD4H,21,1,2,1,,,1,,,,,,,,,,,,1,,1,,,,,,,,,,,,1,,1,,,,,,,,,,
"1,846",2018 People Staying Counts,COM3,Weekend_Midday,Weekend,Midday,20180721,1321,1331,,Sun-Shaded,68,UD4H,22,1,2,,1,,1,,,,,,,,,,,,1,,1,,,,,,,,,,,,1,,,,,,,,,,,,
"1,847",2018 People Staying Counts,COM3,Weekend_Midday,Weekend,Midday,20180721,1321,1331,,Sun-Shaded,68,UD4H,23,1,1,1,,,,,,,,1,,,,,,1,,,1,,,,,,,,,,,,,,1,,,,,,,,,,
"1,848",2018 People Staying Counts,COM3,Weekend_Midday,Weekend,Midday,20180721,1321,1331,,Sun-Shaded,68,UD4H,24,1,2,1,,,1,,,,,,,,,,,1,,,1,,,,,,,,,,,,1,,,,,,,,,,,,
"1,849",2018 People Staying Counts,COM3,Weekend_Midday,Weekend,Midday,20180721,1321,1331,,Sun-Shaded,68,UD4H,25,1,2,1,,,1,,,,,,,,,,,1,,,1,,,,,,,,,,,,1,,,,,1,,,,,,,
"1,850",2018 People Staying Counts,COM3,Weekend_Midday,Weekend,Midday,20180721,1321,1331,,Sun-Shaded,68,UD4H,26,1,1,,1,,,,,1,,,,,,,,1,,,1,,,,,,,,,,,,,,1,,,1,,,,,,,
"1,851",2018 People Staying Counts,COM3,Weekend_Midday,Weekend,Midday,20180721,1321,1331,,Sun-Shaded,68,UD4H,27,1,2,,1,,1,,,,,,,,,,,1,,,1,,,,,,,,,,,,1,,,,,,1,,,,,,
"1,852",2018 People Staying Counts,COM3,Weekend_Midday,Weekend,Midday,20180721,1321,1331,,Sun-Shaded,68,UD4H,28,1,2,1,,,,,,,,1,,,,,,1,,,1,,,,,,,,,,,,1,,,,,,1,,,,,,
"1,853",2018 People Staying Counts,COM3,Weekend_Midday,Weekend,Midday,20180721,1321,1331,,Sun-Shaded,68,UD4H,29,1,1,1,,,,,,,,,,1,,,,1,,,1,,,,,,,,,,,,,,1,,,1,,,,,,,
"1,854",2018 People Staying Counts,COM3,Weekend_Midday,Weekend,Midday,20180721,1321,1331,,Sun-Shaded,68,UD4H,30,1,2,1,,,,,,1,,,,,,,,,,1,1,,,,,,,,,,,,1,,,,,,,,,,,,
"1,855",2018 People Staying Counts,COM3,Weekend_Midday,Weekend,Midday,20180721,1321,1331,,Sun-Shaded,68,UD4H,31,1,2,,1,,,,,1,,,,,,,,,,1,1,,,,,,,,,,,,1,,,,,,,,,,,,
"1,856",2018 People Staying Counts,COM3,Weekend_Midday,Weekend,Midday,20180721,1321,1331,,Sun-Shaded,68,UD4H,32,1,3,,1,,,,,,,1,,,,,,1,,,1,,,,,,,,,1,,1,1,,,,,1,,,,,,,
"1,857",2018 People Staying Counts,COM3,Weekend_Midday,Weekend,Midday,20180721,1321,1331,,Sun-Shaded,68,UD4H,33,1,3,,1,,,,,,,1,,,,,,1,,,1,,,,,,,,,1,,1,1,,,,,1,,,,,,,
"1,858",2018 People Staying Counts,COM3,Weekend_Midday,Weekend,Midday,20180721,1321,1331,,Sun-Shaded,68,UD4H,34,1,3,,1,,,,,,,1,,,,,,1,,,1,,,,,,,,,1,,1,1,,,,,1,,,,,,,
"1,859",2018 People Staying Counts,COM3,Weekend_Evening,Weekend,Evening,20180721,1725,1735,,Sun-Shaded,72,UD4H,1,1,1,1,,,,,,,,,,1,,,,1,,,,1,,,,,,,,,,,,,,,1,,,,,,,,
"1,860",2018 People Staying Counts,COM3,Weekend_Evening,Weekend,Evening,20180721,1725,1735,,Sun-Shaded,72,UD4H,2,1,1,1,,,,1,,,,,,,,,,,,1,,1,,,,,,,,,,,,,,,1,,,,,,,,
"1,861",2018 People Staying Counts,COM3,Weekend_Evening,Weekend,Evening,20180721,1725,1735,,Sun-Shaded,72,UD4H,3,1,2,,1,,1,,,,,,,,,,,,1,,1,,,,,,,,,,,,1,,,,,,,,,,,,
"1,862",2018 People Staying Counts,COM3,Weekend_Evening,Weekend,Evening,20180721,1725,1735,,Sun-Shaded,72,UD4H,4,1,2,1,,,1,,,,,,,,,,,,1,,1,,,,,,,,,,,,1,,1,,,,,,,,,,
"1,863",2018 People Staying Counts,COM3,Weekend_Evening,Weekend,Evening,20180721,1725,1735,,Sun-Shaded,72,UD4H,5,1,6,1,,,,,1,,,,,,,,,,,1,,,,,,1,,,,,,,1,,,,,,,,,,,,
"1,864",2018 People Staying Counts,COM3,Weekend_Evening,Weekend,Evening,20180721,1725,1735,,Sun-Shaded,72,UD4H,6,1,6,,1,,,,1,,,,,,,,,,1,,,,,,,1,,,,,,,1,,,,,,,,,,,,
"1,865",2018 People Staying Counts,COM3,Weekend_Evening,Weekend,Evening,20180721,1725,1735,,Sun-Shaded,72,UD4H,7,1,6,,1,,,,1,,,,,,,,,,1,,,,,,1,,,,,,,,1,,,,,,,,,,,,
"1,866",2018 People Staying Counts,COM3,Weekend_Evening,Weekend,Evening,20180721,1725,1735,,Sun-Shaded,72,UD4H,8,1,6,1,,,,,1,,,,,,,,,1,,,,,,,1,,,,,,,,1,,,,,,,,,,,,
"1,867",2018 People Staying Counts,COM3,Weekend_Evening,Weekend,Evening,20180721,1725,1735,,Sun-Shaded,72,UD4H,9,1,6,,1,,,,1,,,,,,,,,,1,,,,,,1,,,,,,,,1,,,,1,,,,,,,,
"1,868",2018 People Staying Counts,COM3,Weekend_Evening,Weekend,Evening,20180721,1725,1735,,Sun-Shaded,72,UD4H,10,1,6,1,,,,,1,,,,,,,,,,,1,,,,,,1,,,,,,,1,,,,,,,,,,,,
"1,869",2018 People Staying Counts,COM3,Weekend_Evening,Weekend,Evening,20180721,1725,1735,,Sun-Shaded,72,UD4H,11,1,1,1,,,,,,,,,,1,,,,,1,,,,,,,1,,,,,,,,,,,,,,1,,,,,
"1,870",2018 People Staying Counts,COM3,Weekend_Evening,Weekend,Evening,20180721,1725,1735,,Sun-Shaded,72,UD4H,12,1,3,1,,,1,,,,,,,,,,,,1,,,,,,,1,,,,,,,1,,,,1,,,,,,,,
"1,871",2018 People Staying Counts,COM3,Weekend_Evening,Weekend,Evening,20180721,1725,1735,,Sun-Shaded,72,UD4H,13,1,3,,1,,1,,,,,,,,,,,,1,,,,,,1,,,,,,,,1,,,,1,,,,,,,,
"1,872",2018 People Staying Counts,COM3,Weekend_Evening,Weekend,Evening,20180721,1725,1735,,Sun-Shaded,72,UD4H,14,1,3,1,,,,1,,,,,,,,,,,1,,,,,,1,,,,,,,,1,,,,1,,,,,,,,
"1,873",2018 People Staying Counts,COM3,Weekend_Evening,Weekend,Evening,20180721,1725,1735,,Sun-Shaded,72,UD4H,15,1,2,1,,,1,,,,,,,,,,,1,,,1,,,,,,,,,,,,1,,,,,1,,,,,,,
"1,874",2018 People Staying Counts,COM3,Weekend_Evening,Weekend,Evening,20180721,1725,1735,,Sun-Shaded,72,UD4H,16,1,2,1,,,1,,,,,,,,,,,1,,,1,,,,,,,,,,,,1,,,,,1,,,,,,,
"1,875",2018 People Staying Counts,COM3,Weekend_Evening,Weekend,Evening,20180721,1725,1735,,Sun-Shaded,72,UD4H,17,1,2,1,,,,1,,,,,,,,,,,1,,,,,,1,,,1,,,,,,,,,1,,,,,,,,
"1,876",2018 People Staying Counts,COM3,Weekend_Evening,Weekend,Evening,20180721,1725,1735,,Sun-Shaded,72,UD4H,18,1,2,1,,,,,1,,,,,,,,,,1,,,,,,1,,,1,,,,,,,,,1,,,,,,,,
"1,877",2018 People Staying Counts,COM3,Weekend_Evening,Weekend,Evening,20180721,1725,1735,,Sun-Shaded,72,UD4H,19,1,1,,1,,1,,,,,,,,,,,1,,,1,,,,,,,,,,,,,,1,,,1,,,,,,,
"1,878",2018 People Staying Counts,COM3,Weekend_Evening,Weekend,Evening,20180721,1725,1735,,Sun-Shaded,72,UD4H,20,1,1,1,,,1,,,,,,,,,,,1,,,1,,,,,,,,,,,,,,1,,,1,,,,,,,
"1,879",2018 People Staying Counts,COM3,Weekend_Evening,Weekend,Evening,20180721,1725,1735,,Sun-Shaded,72,UD4H,21,1,1,1,,,,1,,,,,,,,,,,,1,1,,,,,,,,,,,,,,,,1,,,,,,,,
"1,880",2018 People Staying Counts,COM3,Weekend_Evening,Weekend,Evening,20180721,1725,1735,,Sun-Shaded,72,UD4H,22,1,1,,1,,,,,,,1,,,,,,1,,,1,,,,,,,,,,,,,,1,,,1,,,,,,,
"1,881",2018 People Staying Counts,COM3,Weekend_Evening,Weekend,Evening,20180721,1725,1735,,Sun-Shaded,72,UD4H,23,1,1,1,,,,,,,,,,1,,,,,1,,,,,,,1,,,,,,,,,,,1,,,1,,,,,
"1,882",2018 People Staying Counts,COM3,Weekend_Evening,Weekend,Evening,20180721,1725,1735,,Sun-Shaded,72,UD4H,24,1,2,1,,,1,,,,,,,,,,1,,,,1,,,,,,,,,,,,1,,,,,,,,,,,,
"1,883",2018 People Staying Counts,COM3,Weekend_Evening,Weekend,Evening,20180721,1725,1735,,Sun-Shaded,72,UD4H,25,1,2,,1,,1,,,,,,,,,,1,,,,,1,,,,,,,,,,,1,,,,,,,,,,,,
"1,884",2018 People Staying Counts,MTB2,Weekday1_Morning,Weekday,Morning,20180726,0822,0832,,Sun-Shaded,68,UD4H,1,1,1,1,,,,,,1,,,,,,,,,1,,1,,,,,,,,,,,,1,,,,,1,,,,,,,
"1,885",2018 People Staying Counts,MTB2,Weekday1_Morning,Weekday,Morning,20180726,0822,0832,,Sun-Shaded,68,UD4H,2,1,1,1,,,,,,1,,,,,,,,,1,,1,,,,,,,,,1,,,,,,,1,1,,,,,,,
"1,886",2018 People Staying Counts,MTB2,Weekday1_Morning,Weekday,Morning,20180726,0822,0832,,Sun-Shaded,68,UD4H,3,1,1,,1,,,1,,,,,,,,,,1,,,,,,,1,,,1,,,,,,,1,,,,,,,,,,
"1,887",2018 People Staying Counts,MTB2,Weekday1_Morning,Weekday,Morning,20180726,0822,0832,,Sun-Shaded,68,UD4H,4,1,1,,1,,,,,1,,,,,,,,,,1,1,,,,,,,,,,,,,,,,,1,,,,,,,
"1,888",2018 People Staying Counts,MTB2,Weekday1_Morning,Weekday,Morning,20180726,0822,0832,,Sun-Shaded,68,UD4H,5,1,1,1,,,,1,,,,,,,,,,,1,,1,,,,,,,,,,,,,,,,1,1,,,,,,,
"1,889",2018 People Staying Counts,MTB2,Weekday1_Morning,Weekday,Morning,20180726,0822,0832,,Sun-Shaded,68,UD4H,6,1,1,1,,,,,,,,1,,,,,,1,,,1,,,,,,,,,,,,,,1,,,1,,,,,,,
"1,890",2018 People Staying Counts,MTB2,Weekday1_Morning,Weekday,Morning,20180726,0822,0832,,Sun-Shaded,68,UD4H,7,1,1,,1,,,1,,,,,,,,,,1,,,1,,,,,,,,,,,,,,,,,1,,,,,,,
"1,891",2018 People Staying Counts,MTB2,Weekday1_Morning,Weekday,Morning,20180726,0822,0832,,Sun-Shaded,68,UD4H,8,1,1,1,,,,,,,,1,,,,,,1,,,,1,,,,,,,,,,,,,,,,1,,,,,,,
"1,892",2018 People Staying Counts,MTB2,Weekday1_Morning,Weekday,Morning,20180726,0822,0832,,Sun-Shaded,68,UD4H,9,1,1,1,,,,,,,,,1,,,,1,,,,1,,,,,,,,,,,,,,1,,,1,,,,,,,
"1,893",2018 People Staying Counts,MTB2,Weekday1_Morning,Weekday,Morning,20180726,0822,0832,,Sun-Shaded,68,UD4H,10,1,1,1,,,1,,,,,,,,,,,1,,,1,,,,,,,,,,,,,,1,,,1,,,,,,,
"1,894",2018 People Staying Counts,MTB2,Weekday1_Morning,Weekday,Morning,20180726,0822,0832,,Sun-Shaded,68,UD4H,11,1,1,,1,,,1,,,,,,,,,,1,,,1,,,,,,,,,,,,,,1,,,1,,,,,,,
"1,895",2018 People Staying Counts,MTB2,Weekday1_Morning,Weekday,Morning,20180726,0822,0832,,Sun-Shaded,68,UD4H,12,1,1,,1,,,1,,,,,,,,,,1,,,1,,,,,,,,,,,,,,1,,,1,,1,,,,,
"1,896",2018 People Staying Counts,MTB2,Weekday1_Morning,Weekday,Morning,20180726,0822,0832,,Sun-Shaded,68,UD4H,13,1,1,1,,,,1,,,,,,,,,,1,,,1,,,,,,,,,,,,,,,,1,1,,,,,,,
"1,897",2018 People Staying Counts,MTB2,Weekday1_Morning,Weekday,Morning,20180726,0822,0832,,Sun-Shaded,68,UD4H,14,1,2,,1,,,,,1,,,,,,,,1,,,1,,,,,,,,,,,,,,1,,,1,,,,,,,
"1,898",2018 People Staying Counts,MTB2,Weekday1_Morning,Weekday,Morning,20180726,0822,0832,,Sun-Shaded,68,UD4H,15,1,2,,1,,,,,1,,,,,,,,,1,,1,,,,,,,,,,,,,,1,,,1,,,,,,,
"1,899",2018 People Staying Counts,MTB2,Weekday1_Morning,Weekday,Morning,20180726,0822,0832,,Sun-Shaded,68,UD4H,16,1,2,,1,,,1,,,,,,,,,,1,,,1,,,,,,,,,,,,1,,,,,1,,,,,,,
"1,900",2018 People Staying Counts,MTB2,Weekday1_Morning,Weekday,Morning,20180726,0822,0832,,Sun-Shaded,68,UD4H,17,1,2,,1,,,1,,,,,,,,1,,,,,1,,,,,,,,,,,,,,1,,,1,,,,,,,
"1,901",2018 People Staying Counts,MTB2,Weekday1_Morning,Weekday,Morning,20180726,0822,0832,,Sun-Shaded,68,UD4H,18,1,1,1,,,1,,,,,,,,,,,,1,,1,,,,,,,,,,,,,,1,,,1,,,,,,,
"1,902",2018 People Staying Counts,MTB2,Weekday1_Midday,Weekday,Midday,20180726,1221,1231,,Sun-Exposed,81,UD4H,1,1,1,1,,,1,,,,,,,,,,,1,,,1,,,,,,,,,,,,,,1,,,,,1,,,,,
"1,903",2018 People Staying Counts,MTB2,Weekday1_Midday,Weekday,Midday,20180726,1221,1231,,Sun-Exposed,81,UD4H,2,1,1,,1,,,,,,,1,,,,,1,,,,1,,,,,,,,,,,,,,1,,1,1,,,,,,,
"1,904",2018 People Staying Counts,MTB2,Weekday1_Midday,Weekday,Midday,20180726,1221,1231,,Sun-Exposed,81,UD4H,3,1,1,1,,,1,,,,,,,,,,,,1,,1,,,,,,,,,,,,,,,,1,,,,,,,,
"1,905",2018 People Staying Counts,MTB2,Weekday1_Midday,Weekday,Midday,20180726,1221,1231,,Sun-Exposed,81,UD4H,4,1,1,,1,,,,,1,,,,,,,,,1,,1,,,,,,,,,,,,,,1,,,1,,,,,,,
"1,906",2018 People Staying Counts,MTB2,Weekday1_Midday,Weekday,Midday,20180726,1221,1231,,Sun-Exposed,81,UD4H,5,1,1,,1,,,1,,,,,,,,,,,1,,,1,,,,,,,,,,,,,,,1,1,,,,,,,
"1,907",2018 People Staying Counts,MTB2,Weekday1_Midday,Weekday,Midday,20180726,1221,1231,,Sun-Exposed,81,UD4H,6,1,1,1,,,,1,,,,,,,,,,,1,,,,1,,,,,,,,,,,,1,,,1,,,,,,,
"1,908",2018 People Staying Counts,MTB2,Weekday1_Midday,Weekday,Midday,20180726,1221,1231,,Sun-Exposed,81,UD4H,7,1,1,,1,,,1,,,,,,,,,,1,,,1,,,,,,,,,,,,,,1,,,1,,,,,,,
"1,909",2018 People Staying Counts,MTB2,Weekday1_Midday,Weekday,Midday,20180726,1221,1231,,Sun-Exposed,81,UD4H,8,1,1,1,,,,1,,,,,,,,,,1,,,,1,,,,,,,,,,,,,1,,,1,,,,,,,
"1,910",2018 People Staying Counts,MTB2,Weekday1_Evening,Weekday,Evening,20180726,1621,1631,,Sun-Shaded,89,UD4H,1,1,1,,1,,,,,1,,,,,,,,1,,,,,1,,,,,,,,,,,,,,1,,,,,,,,
"1,911",2018 People Staying Counts,MTB2,Weekday1_Evening,Weekday,Evening,20180726,1621,1631,,Sun-Shaded,89,UD4H,2,1,1,,1,,,,,1,,,,,,,,1,,,1,,,,,,,,,,,,1,,,,,1,,1,,,,,
"1,912",2018 People Staying Counts,MTB2,Weekday1_Evening,Weekday,Evening,20180726,1621,1631,,Sun-Shaded,89,UD4H,3,1,1,,1,,,1,,,,,,,,,,1,,,1,,,,,,,,,,,,,,1,,,,,,,,,,
"1,913",2018 People Staying Counts,MTB2,Weekday1_Evening,Weekday,Evening,20180726,1621,1631,,Sun-Shaded,89,UD4H,4,1,2,,1,,,,,1,,,,,,,1,,,,1,,,,,,,,,,,,1,,,,,1,,,,,,,
"1,914",2018 People Staying Counts,MTB2,Weekday1_Evening,Weekday,Evening,20180726,1621,1631,,Sun-Shaded,89,UD4H,5,1,2,,1,,,,,1,,,,,,,1,,,,1,,,,,,,,,,,,1,,,,,1,,,,,,,
"1,915",2018 People Staying Counts,MTB2,Weekday1_Evening,Weekday,Evening,20180726,1621,1631,,Sun-Shaded,89,UD4H,6,1,1,1,,,,,,,,1,,,,,,1,,,1,,,,,,,,,,,,,,,,,1,,1,,,,,
"1,916",2018 People Staying Counts,MTB2,Weekday1_Evening,Weekday,Evening,20180726,1621,1631,,Sun-Shaded,89,UD4H,7,1,2,,1,,,,,1,,,,,,,,1,,,,,,,,1,,,,,,,1,,,,,,,,,,,,
"1,917",2018 People Staying Counts,MTB2,Weekday1_Evening,Weekday,Evening,20180726,1621,1631,,Sun-Shaded,89,UD4H,8,1,2,1,,,,,,1,,,,,,1,,,,,1,,,,,,,,,,,,,,,,1,1,,,,,,,
"1,918",2018 People Staying Counts,MTB2,Weekday1_Evening,Weekday,Evening,20180726,1621,1631,,Sun-Shaded,89,UD4H,9,1,1,,1,,,1,,,,,,,,,1,,,,,,1,,,,,,,,,,,,1,,,1,,,,,,,
"1,919",2018 People Staying Counts,MTB2,Weekday1_Evening,Weekday,Evening,20180726,1621,1631,,Sun-Shaded,89,UD4H,10,1,1,1,,,1,,,,,,,,,,,,1,,1,,,,,,,,,,,,,,,,,,,,1,,,,
"1,920",2018 People Staying Counts,MTB2,Weekday1_Evening,Weekday,Evening,20180726,1621,1631,,Sun-Shaded,89,UD4H,11,1,1,,1,,,,,,,1,,,,,1,,,,,1,,,,,,,,,,,,,1,,,1,,,,,,,
"1,921",2018 People Staying Counts,MTB2,Weekday1_Evening,Weekday,Evening,20180726,1621,1631,,Sun-Shaded,89,UD4H,12,1,1,1,,,,1,,,,,,,,,,1,,,1,,,,,,,,,,,,,,,,1,1,,,,,,,
"1,922",2018 People Staying Counts,MTB2,Weekday1_Evening,Weekday,Evening,20180726,1621,1631,,Sun-Shaded,89,UD4H,13,1,1,1,,,1,,,,,,,,,,1,,,,,,,,,1,,,,,,,,,1,,,1,,,,,,,
"1,923",2018 People Staying Counts,MTB2,Weekday1_Evening,Weekday,Evening,20180726,1621,1631,,Sun-Shaded,89,UD4H,14,1,1,,1,,,,,1,,,,,,,,1,,,,1,,,,,,,,,,,,,1,,,1,,,,,,,
"1,924",2018 People Staying Counts,MTB2,Weekday1_Evening,Weekday,Evening,20180726,1621,1631,,Sun-Shaded,89,UD4H,15,1,1,1,,,,,,,,1,,,,,,1,,,,1,,,,,,,,,,,,,,,,1,,,,,,,
"1,925",2018 People Staying Counts,MTB2,Weekday1_Evening,Weekday,Evening,20180726,1621,1631,,Sun-Shaded,89,UD4H,16,1,1,1,,,,,,1,,,,,,,,,1,,,,,,,1,,,,,,,,,,,1,1,,,,,,,
"1,926",2018 People Staying Counts,MTB2,Weekday1_Evening,Weekday,Evening,20180726,1621,1631,,Sun-Shaded,89,UD4H,17,1,1,,1,,1,,,,,,,,,,,,,1,,,1,,,,,,,,,,,,,,1,1,,,,,,,
"1,927",2018 People Staying Counts,MTB2,Weekday1_Evening,Weekday,Evening,20180726,1621,1631,,Sun-Shaded,89,UD4H,18,1,1,1,,,,,,,,1,,,,,,1,,,1,,,,,,,,,,,,,,,,1,1,,,,,,,
"1,928",2018 People Staying Counts,MTB2,Weekday1_Evening,Weekday,Evening,20180726,1621,1631,,Sun-Shaded,89,UD4H,19,1,1,1,,,,,,1,,,,,,,,,1,,1,,,,,,,,,,,,,,,,,1,,,,,,,
"1,929",2018 People Staying Counts,MTB2,Weekday1_Evening,Weekday,Evening,20180726,1621,1631,,Sun-Shaded,89,UD4H,20,1,1,1,,,,1,,,,,,,,,,1,,,1,,,,,,,,,,,,,,1,,,1,,,,,,,
"1,930",2018 People Staying Counts,MTB2,Weekday2_Morning,Weekday,Morning,20180727,0921,0931,,Sun-Exposed,64,UD4H,1,1,1,1,,,1,,,,,,,,,,,,1,,1,,,,,,,,,,,,,,1,,,1,,,,,,,
"1,931",2018 People Staying Counts,MTB2,Weekday2_Morning,Weekday,Morning,20180727,0921,0931,,Sun-Exposed,64,UD4H,2,1,1,1,,,1,,,,,,,,,,,1,,,,1,,,,,,,,,,,,,1,,,1,,,,,,,
"1,932",2018 People Staying Counts,MTB2,Weekday2_Morning,Weekday,Morning,20180727,0921,0931,,Sun-Exposed,64,UD4H,3,1,1,1,,,1,,,,,,,,,,,1,,,1,,,,,,,,,,,1,,,1,,,1,,,,,,,
"1,933",2018 People Staying Counts,MTB2,Weekday2_Morning,Weekday,Morning,20180727,0921,0931,,Sun-Exposed,64,UD4H,4,1,1,,1,,1,,,,,,,,,,,1,,,1,,,,,,,,,,,,,,,,,1,,,,,,,
"1,934",2018 People Staying Counts,MTB2,Weekday2_Morning,Weekday,Morning,20180727,0921,0931,,Sun-Exposed,64,UD4H,5,1,1,1,,,,1,,,,,,,,,,1,,,1,,,,,,,,,,,,,,1,,,1,,,,,,,
"1,935",2018 People Staying Counts,MTB2,Weekday2_Morning,Weekday,Morning,20180727,0921,0931,,Sun-Exposed,64,UD4H,6,1,1,1,,,,1,,,,,,,,,,1,,,1,,,,,,,,,,,,,,,,,1,,,,,,,
"1,936",2018 People Staying Counts,MTB2,Weekday2_Morning,Weekday,Morning,20180727,0921,0931,,Sun-Exposed,64,UD4H,7,1,1,1,,,,1,,,,,,,,,,,1,,1,,,,,,,,,,,,,,,,1,1,,,,,,,
"1,937",2018 People Staying Counts,MTB2,Weekday2_Morning,Weekday,Morning,20180727,0921,0931,,Sun-Exposed,64,UD4H,8,1,1,,1,,,,,1,,,,,,,,,1,,1,,,,,,,,,,,,,,,,1,1,,,,,,,
"1,938",2018 People Staying Counts,MTB2,Weekday2_Morning,Weekday,Morning,20180727,0921,0931,,Sun-Exposed,64,UD4H,9,1,1,1,,,1,,,,,,,,,,,1,,,1,,,,,,,,,,,,,,1,,,1,,,,,,,
"1,939",2018 People Staying Counts,MTB2,Weekday2_Morning,Weekday,Morning,20180727,0921,0931,,Sun-Exposed,64,UD4H,10,1,1,1,,,,,,,,,1,,,,,1,,,,1,,,,,,,,,,,,,1,,,1,,,,,,,
"1,940",2018 People Staying Counts,MTB2,Weekday2_Morning,Weekday,Morning,20180727,0921,0931,,Sun-Exposed,64,UD4H,11,1,1,,1,,,1,,,,,,,,,,,1,,,,1,,,,,,,,,,,,,,,1,,,,,,,
"1,941",2018 People Staying Counts,MTB2,Weekday2_Morning,Weekday,Morning,20180727,0921,0931,,Sun-Exposed,64,UD4H,12,1,1,,1,,,,,,,1,,,,,1,,,,1,,,,,,,,,,,,,,1,,,1,,,,,,,
"1,942",2018 People Staying Counts,MTB2,Weekday2_Morning,Weekday,Morning,20180727,0921,0931,,Sun-Exposed,64,UD4H,13,1,1,1,,,,1,,,,,,,,,,1,,,1,,,,,,,,,,,,,,,,,1,,,,,,,
"1,943",2018 People Staying Counts,MTB2,Weekday2_Morning,Weekday,Morning,20180727,0921,0931,,Sun-Exposed,64,UD4H,14,1,1,1,,,,,,1,,,,,,,,,,1,,,1,,,,,,,,,,,,,,1,1,,,,,,,
"1,944",2018 People Staying Counts,MTB2,Weekday2_Midday,Weekday,Midday,20180727,1331,1341,event:commercial_event,Sun-Shaded,78,UD4H,1,1,1,1,,,,1,,,,,,,,,,,1,,1,,,,,,,,,,,,,,,,1,1,,,,,,,
"1,945",2018 People Staying Counts,MTB2,Weekday2_Midday,Weekday,Midday,20180727,1331,1341,event:commercial_event,Sun-Shaded,78,UD4H,2,1,1,,1,,,,,1,,,,,,,,,1,,1,,,,,,,,,,,,,,,,1,1,,,,,,,
"1,946",2018 People Staying Counts,MTB2,Weekday2_Midday,Weekday,Midday,20180727,1331,1341,event:commercial_event,Sun-Shaded,78,UD4H,3,1,2,,1,,,1,,,,,,,,,1,,,,1,,,,,,,,,,,,1,,,,,,,,,,,,
"1,947",2018 People Staying Counts,MTB2,Weekday2_Midday,Weekday,Midday,20180727,1331,1341,event:commercial_event,Sun-Shaded,78,UD4H,4,1,2,,1,,,1,,,,,,,,,1,,,,1,,,,,,,,,,,,1,,,,,,,,,,,,
"1,948",2018 People Staying Counts,MTB2,Weekday2_Midday,Weekday,Midday,20180727,1331,1341,event:commercial_event,Sun-Shaded,78,UD4H,5,1,1,,1,,1,,,,,,,,,,,1,,,1,,,,,,,,,,,,,,,,,1,,,,,,,
"1,949",2018 People Staying Counts,MTB2,Weekday2_Midday,Weekday,Midday,20180727,1331,1341,event:commercial_event,Sun-Shaded,78,UD4H,6,1,1,1,,,,1,,,,,,,,,,1,,,1,,,,,,,,,,,,,,,,1,1,,1,,,,,
"1,950",2018 People Staying Counts,MTB2,Weekday2_Midday,Weekday,Midday,20180727,1331,1341,event:commercial_event,Sun-Shaded,78,UD4H,7,1,1,1,,,,1,,,,,,,,,,,1,,1,,,,,,,,,,,,,,,,1,1,,,,,,,
"1,951",2018 People Staying Counts,MTB2,Weekday2_Midday,Weekday,Midday,20180727,1331,1341,event:commercial_event,Sun-Shaded,78,UD4H,8,1,1,1,,,,,,,,1,,,,,,1,,,1,,,,,,,,,,,,,,,,1,,,,,,,,
"1,952",2018 People Staying Counts,MTB2,Weekday2_Midday,Weekday,Midday,20180727,1331,1341,event:commercial_event,Sun-Shaded,78,UD4H,9,1,1,1,,,1,,,,,,,,,,1,,,,1,,,,,,,,,,1,,,,,,,1,,,,,,,
"1,953",2018 People Staying Counts,MTB2,Weekday2_Midday,Weekday,Midday,20180727,1331,1341,event:commercial_event,Sun-Shaded,78,UD4H,10,1,3,,1,,,1,,,,,,,,,,1,,,1,,,,,,,,,,,,1,,,,,1,,,,,,,
"1,954",2018 People Staying Counts,MTB2,Weekday2_Midday,Weekday,Midday,20180727,1331,1341,event:commercial_event,Sun-Shaded,78,UD4H,11,1,3,,1,,,1,,,,,,,,1,,,,,,,,,,1,,,,,,,,,,,1,1,,,,,,,
"1,955",2018 People Staying Counts,MTB2,Weekday2_Midday,Weekday,Midday,20180727,1331,1341,event:commercial_event,Sun-Shaded,78,UD4H,12,1,3,1,,,,1,,,,,,,,1,,,,,,,,,,1,,,,,,,1,,,,,1,,,,,,,
"1,956",2018 People Staying Counts,MTB2,Weekday2_Midday,Weekday,Midday,20180727,1331,1341,event:commercial_event,Sun-Shaded,78,UD4H,13,1,1,1,,,,1,,,,,,,,,,1,,,,1,,,,,,,,,,,,,,,1,1,,,,,,,
"1,957",2018 People Staying Counts,MTB2,Weekday2_Midday,Weekday,Midday,20180727,1331,1341,event:commercial_event,Sun-Shaded,78,UD4H,14,1,1,,1,,,,,1,,,,,,,,1,,,1,,,,,,,,,,,,,,1,,1,,,,,,,,
"1,958",2018 People Staying Counts,MTB2,Weekday2_Midday,Weekday,Midday,20180727,1331,1341,event:commercial_event,Sun-Shaded,78,UD4H,15,1,1,1,,,1,,,,,,,,,,,,1,,1,,,,,,,1,,,,,,,,,1,1,,,,,,,
"1,959",2018 People Staying Counts,MTB2,Weekday2_Midday,Weekday,Midday,20180727,1331,1341,event:commercial_event,Sun-Shaded,78,UD4H,16,1,1,1,,,,,,,,1,,,,,,1,,,1,,,,,,,,,,,,,,1,,,1,,,,,,,
"1,960",2018 People Staying Counts,MTB2,Weekday2_Midday,Weekday,Midday,20180727,1331,1341,event:commercial_event,Sun-Shaded,78,UD4H,17,1,2,,1,,1,,,,,,,,,,,1,,,1,,,,,,,,,,,,,,,,1,1,,,,,,,
"1,961",2018 People Staying Counts,MTB2,Weekday2_Midday,Weekday,Midday,20180727,1331,1341,event:commercial_event,Sun-Shaded,78,UD4H,18,1,2,1,,,1,,,,,,,,,1,,,,,1,,,,,,,,,,,,,,,,1,1,,,,,,,
"1,962",2018 People Staying Counts,MTB2,Weekday2_Midday,Weekday,Midday,20180727,1331,1341,event:commercial_event,Sun-Shaded,78,UD4H,19,1,1,,1,,,1,,,,,,,,,,1,,,,,,,1,,,1,,,,,,,,,1,1,,,,,,,
"1,963",2018 People Staying Counts,MTB2,Weekday2_Midday,Weekday,Midday,20180727,1331,1341,event:commercial_event,Sun-Shaded,78,UD4H,20,1,1,1,,,,1,,,,,,,,,,1,,,,,1,,,,,,,,,,,,1,,,,,,,,,,
"1,964",2018 People Staying Counts,MTB2,Weekday2_Evening,Weekday,Evening,20180727,1732,1742,,Sun-Shaded,86,UD4H,1,1,1,1,,,,,,,,1,,,,,,1,,,,1,,,,,,,,,,,,,,,,1,,,,,,,
"1,965",2018 People Staying Counts,MTB2,Weekday2_Evening,Weekday,Evening,20180727,1732,1742,,Sun-Shaded,86,UD4H,2,1,2,1,,,,1,,,,,,,,,,,1,,1,,,,,,,,,,,,,,,,1,1,,,,,,,
"1,966",2018 People Staying Counts,MTB2,Weekday2_Evening,Weekday,Evening,20180727,1732,1742,,Sun-Shaded,86,UD4H,3,1,2,,1,,,1,,,,,,,,,1,,,,1,,,,,,,,,,,,,,,,1,1,,,,,,,
"1,967",2018 People Staying Counts,MTB2,Weekday2_Evening,Weekday,Evening,20180727,1732,1742,,Sun-Shaded,86,UD4H,4,1,1,1,,,,,,,,1,,,,,,,1,,1,,,,,,,,,,,,1,,,,,1,,,,,,,
"1,968",2018 People Staying Counts,MTB2,Weekday2_Evening,Weekday,Evening,20180727,1732,1742,,Sun-Shaded,86,UD4H,5,1,1,,1,,,1,,,,,,,,,,1,,,1,,,,,,,,,,,,,,1,,,1,,,,,,,
"1,969",2018 People Staying Counts,MTB2,Weekday2_Evening,Weekday,Evening,20180727,1732,1742,,Sun-Shaded,86,UD4H,6,1,1,,1,,1,,,,,,,,,,,1,,,1,,,,,,,,,,,,,,,,,1,,,,,,,
"1,970",2018 People Staying Counts,MTB2,Weekday2_Evening,Weekday,Evening,20180727,1732,1742,,Sun-Shaded,86,UD4H,7,1,1,,1,,,,,1,,,,,,,1,,,,1,,,,,,,,,,,,,,1,,,1,,,,,,,
"1,971",2018 People Staying Counts,MTB2,Weekday2_Evening,Weekday,Evening,20180727,1732,1742,,Sun-Shaded,86,UD4H,8,1,1,1,,,,1,,,,,,,,,,1,,,,1,,,,,,,,,,,,,1,,,1,,,,,,,
"1,972",2018 People Staying Counts,MTB2,Weekday2_Evening,Weekday,Evening,20180727,1732,1742,,Sun-Shaded,86,UD4H,9,1,1,,1,,,1,,,,,,,,,,1,,,1,,,,,,,,,,,,,,1,,,1,,,,,,,
"1,973",2018 People Staying Counts,MTB2,Weekday2_Evening,Weekday,Evening,20180727,1732,1742,,Sun-Shaded,86,UD4H,10,1,1,1,,,,,,,,1,,,,,,1,,,,,1,,,,,,,,,,,,1,,1,1,,,,,,,
"1,974",2018 People Staying Counts,MTB2,Weekday2_Evening,Weekday,Evening,20180727,1732,1742,,Sun-Shaded,86,UD4H,11,1,1,1,,,,1,,,,,,,,,,,1,,,,1,,,,,,,,,1,,,,,,1,,,,,,,
"1,975",2018 People Staying Counts,MTB2,Weekday2_Evening,Weekday,Evening,20180727,1732,1742,,Sun-Shaded,86,UD4H,12,1,1,1,,,,1,,,,,,,,,1,,,,,1,,,,,,,,,,,,,1,,,1,,,,,,,
"1,976",2018 People Staying Counts,MTB2,Weekday2_Evening,Weekday,Evening,20180727,1732,1742,,Sun-Shaded,86,UD4H,13,1,1,,1,,,,,1,,,,,,,1,,,,1,,,,,,,,,,,,,,,,1,1,,,,,,,
"1,977",2018 People Staying Counts,MTB2,Weekday2_Evening,Weekday,Evening,20180727,1732,1742,,Sun-Shaded,86,UD4H,14,1,1,1,,,1,,,,,,,,,,,,1,,1,,,,,,,,,,,,,,,,1,1,,,,,,,
"1,978",2018 People Staying Counts,MTB2,Weekday2_Evening,Weekday,Evening,20180727,1732,1742,,Sun-Shaded,86,UD4H,15,1,1,,1,,,1,,,,,,,,,1,,,,1,,,,,,,,,,,,,,1,,,1,,,,,,,
"1,979",2018 People Staying Counts,MTB2,Weekday2_Evening,Weekday,Evening,20180727,1732,1742,,Sun-Shaded,86,UD4H,16,1,1,,1,,,,,1,,,,,,,1,,,,1,,,,,,,,,,,,,,1,,,1,,,,,,,
"1,980",2018 People Staying Counts,MTB2,Weekday2_Evening,Weekday,Evening,20180727,1732,1742,,Sun-Shaded,86,UD4H,17,1,1,,1,,,1,,,,,,,,,,1,,,1,,,,,,,,,,,,,,,,1,1,,,,,,,
"1,981",2018 People Staying Counts,MTB2,Weekday2_Evening,Weekday,Evening,20180727,1732,1742,,Sun-Shaded,86,UD4H,18,1,3,,1,,,1,,,,,,,,,1,,,,1,,,,,,,,,,,,1,,,,,,,,,,,,
"1,982",2018 People Staying Counts,MTB2,Weekday2_Evening,Weekday,Evening,20180727,1732,1742,,Sun-Shaded,86,UD4H,19,1,3,,1,,,1,,,,,,,,1,,,,,1,,,,,,,,,,,,1,,,,,1,,,,,,,
"1,983",2018 People Staying Counts,MTB2,Weekday2_Evening,Weekday,Evening,20180727,1732,1742,,Sun-Shaded,86,UD4H,20,1,3,,1,,,1,,,,,,,,1,,,,,1,,,,,,,,,,,,1,,,,,1,,,,,,,
"1,984",2018 People Staying Counts,MTB2,Weekday2_Evening,Weekday,Evening,20180727,1732,1742,,Sun-Shaded,86,UD4H,21,1,1,1,,,,,,1,,,,,,,1,,,,1,,,,,,,,,,,,,,1,,,1,,,,,,,
"1,985",2018 People Staying Counts,MTB2,Weekday2_Evening,Weekday,Evening,20180727,1732,1742,,Sun-Shaded,86,UD4H,22,1,1,,1,,,1,,,,,,,,,,1,,,1,,,,,,,,,,,,,,,,1,1,,,,,,,
"1,986",2018 People Staying Counts,MTB2,Weekday2_Evening,Weekday,Evening,20180727,1732,1742,,Sun-Shaded,86,UD4H,23,1,1,,1,,1,,,,,,,,,,,1,,,1,,,,,,,,,,,,,,1,,,1,,,,,,,
"1,987",2018 People Staying Counts,MTB2,Weekend_Midday,Weekend,Midday,20180728,1321,1331,,Sun-Shaded,75,UD4H,1,1,1,1,,,1,,,,,,,,,,,1,,,1,,,,,,,,,,,,,,1,,,1,,,,,,,
"1,988",2018 People Staying Counts,MTB2,Weekend_Midday,Weekend,Midday,20180728,1321,1331,,Sun-Shaded,75,UD4H,2,1,1,1,,,,1,,,,,,,,,,,1,,1,,,,,,,,,,,,,,,,,1,,,,,,,
"1,989",2018 People Staying Counts,MTB2,Weekend_Midday,Weekend,Midday,20180728,1321,1331,,Sun-Shaded,75,UD4H,3,1,1,,1,,,,,1,,,,,,,,,1,,1,,,,,,,,,,,,,,,,1,1,,,,,,,
"1,990",2018 People Staying Counts,MTB2,Weekend_Midday,Weekend,Midday,20180728,1321,1331,,Sun-Shaded,75,UD4H,4,1,1,1,,,,1,,,,,,,,,,,1,,,,1,,,,,,,,,1,,,,,,,,,,,,,
"1,991",2018 People Staying Counts,MTB2,Weekend_Midday,Weekend,Midday,20180728,1321,1331,,Sun-Shaded,75,UD4H,5,1,1,1,,,,1,,,,,,,,,,1,,,1,,,,,,,,,,,,,,,,1,1,,,,,,,
"1,992",2018 People Staying Counts,MTB2,Weekend_Midday,Weekend,Midday,20180728,1321,1331,,Sun-Shaded,75,UD4H,6,1,1,,1,,1,,,,,,,,,,,1,,,,,1,,,,,,,,,,,,1,,,1,,,,,,,
"1,993",2018 People Staying Counts,MTB2,Weekend_Midday,Weekend,Midday,20180728,1321,1331,,Sun-Shaded,75,UD4H,7,1,1,1,,,1,,,,,,,,,,,1,,,1,,,,,,,,,,,,,,1,,,1,,,,,,,
"1,994",2018 People Staying Counts,MTB2,Weekend_Midday,Weekend,Midday,20180728,1321,1331,,Sun-Shaded,75,UD4H,8,1,2,1,,,1,,,,,,,,,,,1,,,1,,,,,,,,,,,,1,,,,,1,,,,,,,
"1,995",2018 People Staying Counts,MTB2,Weekend_Midday,Weekend,Midday,20180728,1321,1331,,Sun-Shaded,75,UD4H,9,1,2,,1,,1,,,,,,,,,,,1,,,1,,,,,,,,,,,,1,,,,,1,,,,,,,
"1,996",2018 People Staying Counts,MTB2,Weekend_Midday,Weekend,Midday,20180728,1321,1331,,Sun-Shaded,75,UD4H,10,1,1,1,,,,1,,,,,,,,,,1,,,1,,,,,,,,,,,,,,,,1,1,,,,,,,
"1,997",2018 People Staying Counts,MTB2,Weekend_Midday,Weekend,Midday,20180728,1321,1331,,Sun-Shaded,75,UD4H,11,1,1,1,,,,,,1,,,,,,,1,,,,1,,,,,,,,,,,,,,1,,,1,,,,,,,
"1,998",2018 People Staying Counts,MTB2,Weekend_Midday,Weekend,Midday,20180728,1321,1331,,Sun-Shaded,75,UD4H,12,1,1,1,,,,1,,,,,,,,,,1,,,1,,,,,,,,,,,,,,,,1,1,,,,,,,
"1,999",2018 People Staying Counts,MTB2,Weekend_Evening,Weekend,Evening,20180728,1725,1735,,Sun-Shaded,84,UD4H,1,1,1,,1,,,,,1,,,,,,,,,1,,,,,,1,,,,,,,,,,,,1,1,,,,,,,
"2,000",2018 People Staying Counts,MTB2,Weekend_Evening,Weekend,Evening,20180728,1725,1735,,Sun-Shaded,84,UD4H,2,1,1,,1,,1,,,,,,,,,,,,1,,,1,,,,,,,,,,,,,,,1,1,,,,,,,
"2,001",2018 People Staying Counts,MTB2,Weekend_Evening,Weekend,Evening,20180728,1725,1735,,Sun-Shaded,84,UD4H,3,1,1,1,,,,,,,,1,,,,,,1,,,1,,,,,,,,,,,,,,,,,1,,,,,,,
"2,002",2018 People Staying Counts,MTB2,Weekend_Evening,Weekend,Evening,20180728,1725,1735,,Sun-Shaded,84,UD4H,4,1,1,,1,,,1,,,,,,,,,,1,,,1,,,,,,,,,,,,,,1,,,1,,,,,,,
"2,003",2018 People Staying Counts,MTB2,Weekend_Evening,Weekend,Evening,20180728,1725,1735,,Sun-Shaded,84,UD4H,5,1,2,,1,,1,,,,,,,,,,,,1,,,,1,,,,,,,,,,1,,,,,1,,,,,,,
"2,004",2018 People Staying Counts,MTB2,Weekend_Evening,Weekend,Evening,20180728,1725,1735,,Sun-Shaded,84,UD4H,6,1,2,1,,,,1,,,,,,,,,,,1,,,,1,,,,,,,,,,1,,,,,,,,,,,,
"2,005",2018 People Staying Counts,MTB2,Weekend_Evening,Weekend,Evening,20180728,1725,1735,,Sun-Shaded,84,UD4H,7,1,1,1,,,1,,,,,,,,,,1,,,,1,,,,,,,,,,,,,,,,1,1,,,,,,,
"2,006",2018 People Staying Counts,MTB2,Weekend_Evening,Weekend,Evening,20180728,1725,1735,,Sun-Shaded,84,UD4H,8,1,3,1,,,1,,,,,,,,,,,1,,,1,,,,,,,,,,,,1,,,,,1,,,,,,,
"2,007",2018 People Staying Counts,MTB2,Weekend_Evening,Weekend,Evening,20180728,1725,1735,,Sun-Shaded,84,UD4H,9,1,3,,1,,1,,,,,,,,,,,1,,,1,,,,,,,,,,,,1,,,,,1,,,,,,,
"2,008",2018 People Staying Counts,MTB2,Weekend_Evening,Weekend,Evening,20180728,1725,1735,,Sun-Shaded,84,UD4H,10,1,3,,1,,1,,,,,,,,1,,,,,,,,,,1,,,,,,,,,,,,1,,,,,,,,
"2,009",2018 People Staying Counts,MTB2,Weekend_Evening,Weekend,Evening,20180728,1725,1735,,Sun-Shaded,84,UD4H,11,1,1,1,,,,,,,,1,,,,,1,,,,1,,,,,,,,,,,,,,1,,,1,,,,,,,
"2,010",2018 People Staying Counts,MTB2,Weekend_Evening,Weekend,Evening,20180728,1725,1735,,Sun-Shaded,84,UD4H,12,1,1,,1,,,1,,,,,,,,,,1,,,1,,,,,,,,,,,,,,1,,,1,,,,,,,
"2,011",2018 People Staying Counts,MTB2,Weekend_Evening,Weekend,Evening,20180728,1725,1735,,Sun-Shaded,84,UD4H,13,1,1,1,,,,1,,,,,,,,,,1,,,1,,,,,,,,,,,,,,,,1,1,,,,,,,
"2,012",2018 People Staying Counts,MTB2,Weekend_Evening,Weekend,Evening,20180728,1725,1735,,Sun-Shaded,84,UD4H,14,1,1,1,,,,1,,,,,,,,,,,,1,1,,,,,,,,,,,,,,,,,1,,,,,,,
"2,013",2018 People Staying Counts,BAL2,Weekend_Midday,Weekend,Midday,20180811,1400,1410,,Light Rain,68,UD4H,1,1,2,1,,,1,,,,,,,,,,,1,,,1,,,,,,,,,,,,1,,,,1,,,1,,,,,
"2,014",2018 People Staying Counts,BAL2,Weekend_Midday,Weekend,Midday,20180811,1400,1410,,Light Rain,68,UD4H,2,1,2,1,,,,,,1,,,,,,,,1,,,1,,,,,,,,,,,,1,,,,1,,,1,,,,,
"2,015",2018 People Staying Counts,BAL2,Weekend_Evening,Weekend,Evening,20180811,1725,1735,,Light Clouds,72,UD4H,1,1,2,1,,,1,,,,,,,,,,,1,,,,,,1,,,,,,,1,1,1,,,,1,,,,,,,,
"2,016",2018 People Staying Counts,BAL2,Weekend_Evening,Weekend,Evening,20180811,1725,1735,,Light Clouds,72,UD4H,2,1,2,1,,,1,,,,,,,,,,,1,,,,,,1,,,,,,,1,1,1,,,,1,,,,,,,,
"2,017",2018 People Staying Counts,BAL2,Weekend_Evening,Weekend,Evening,20180811,1725,1735,,Light Clouds,72,UD4H,3,1,2,,1,,,1,,,,,,,,,,1,,,,,,1,,,,,,,1,1,1,,,,1,,,,,,,,
"2,018",2018 People Staying Counts,BAL2,Weekend_Evening,Weekend,Evening,20180811,1725,1735,,Light Clouds,72,UD4H,4,1,2,,1,,,,,,,1,,,,,,1,,,,,,1,,,,,,,1,1,1,,,,1,,,,,,,,
"2,019",2018 People Staying Counts,BAL2,Weekend_Evening,Weekend,Evening,20180811,1725,1735,,Light Clouds,72,UD4H,5,1,1,1,,,1,,,,,,,,,,,,,1,,,1,,,,,,,,,,,,,,1,,,,,,,,
"2,020",2018 People Staying Counts,BAL2,Weekday1_Morning,Weekday,Morning,20180813,0957,1007,,Sun-Shaded,63,UD4H,1,1,1,1,,,1,,,,,,,,,,,,1,,,,1,,,,,,,,,,,,1,,1,,,1,,,,,
"2,021",2018 People Staying Counts,BAL2,Weekday1_Morning,Weekday,Morning,20180813,0957,1007,,Sun-Shaded,63,UD4H,2,1,1,,1,,1,,,,,,,,,,,1,,,,1,,,,,,,,,,,,,1,,1,,,,,,,,
"2,022",2018 People Staying Counts,BAL2,Weekday1_Morning,Weekday,Morning,20180813,0957,1007,,Sun-Shaded,63,UD4H,3,1,1,1,,,,,,1,,,,,,,,,1,,1,,,,,,,,,,,,1,,,,1,,,,,,,,
"2,023",2018 People Staying Counts,BAL2,Weekday1_Midday,Weekday,Midday,20180813,1321,1331,,Sun-Shaded,73,UD4H,1,1,1,1,,,1,,,,,,,,,,,,1,,1,,,,,,,,,,,,1,,,,,,,,,,1,1,
"2,024",2018 People Staying Counts,BAL2,Weekday1_Midday,Weekday,Midday,20180813,1321,1331,,Sun-Shaded,73,UD4H,2,1,2,,1,,1,,,,,,,,,,,1,,,1,,,,,,,,,,,,1,,,,1,,,,,,,,
"2,025",2018 People Staying Counts,BAL2,Weekday1_Midday,Weekday,Midday,20180813,1321,1331,,Sun-Shaded,73,UD4H,3,1,2,,1,,1,,,,,,,,,,,1,,,1,,,,,,,,,,,,1,,,,1,,,,,,,,
"2,026",2018 People Staying Counts,BAL2,Weekday1_Evening,Weekday,Evening,20180813,1724,1734,,Sun-Shaded,74,UD4H,1,1,2,,1,,1,,,,,,,,,,,1,,,,,,1,,,,,,,1,1,1,,,,1,,,,,,,,
"2,027",2018 People Staying Counts,BAL2,Weekday1_Evening,Weekday,Evening,20180813,1724,1734,,Sun-Shaded,74,UD4H,2,1,2,1,,,1,,,,,,,,,,,1,,,,,,1,,,,,,,1,1,1,,,,1,,,,,,,,
"2,028",2018 People Staying Counts,BAL2,Weekday1_Evening,Weekday,Evening,20180813,1724,1734,,Sun-Shaded,74,UD4H,3,1,3,1,,,,,,,,1,,,,,,1,,,1,,,,,,,,,,1,1,1,,,,1,,,,,,,,
"2,029",2018 People Staying Counts,BAL2,Weekday1_Evening,Weekday,Evening,20180813,1724,1734,,Sun-Shaded,74,UD4H,4,1,3,1,,,,1,,,,,,,,,,1,,,,,,1,,,,,,,1,1,1,,,,1,,,,,,,,
"2,030",2018 People Staying Counts,BAL2,Weekday1_Evening,Weekday,Evening,20180813,1724,1734,,Sun-Shaded,74,UD4H,5,1,3,1,,,,1,,,,,,,,,,1,,,,,,1,,,,,,,1,1,1,,,,1,,,,,,,,
"2,031",2018 People Staying Counts,BAL2,Weekday2_Morning,Weekday,Morning,20180815,0947,0957,,Light Clouds,66,UD4H,1,1,1,1,,,1,,,,,,,,,,,1,,,,1,,,,,,,,,,,,,,,1,,,1,,,,,
"2,032",2018 People Staying Counts,BAL2,Weekday2_Midday,Weekday,Midday,20180815,1319,1329,,Light Clouds,78,UD4H,1,1,2,1,,,1,,,,,,,,,,,1,,,,1,,,,,,,,,,,1,,,,1,,,,,,,,
"2,033",2018 People Staying Counts,BAL2,Weekday2_Midday,Weekday,Midday,20180815,1319,1329,,Light Clouds,78,UD4H,2,1,2,1,,,1,,,,,,,,,,,1,,,1,,,,,,,,,,,,1,,,,1,,,,,,,,
"2,034",2018 People Staying Counts,BAL2,Weekday2_Midday,Weekday,Midday,20180815,1319,1329,,Light Clouds,78,UD4H,3,1,1,1,,,1,,,,,,,,,,,,1,,,,1,,,,,,,,,,1,,,,1,1,,,,,,,
"2,035",2018 People Staying Counts,BAL2,Weekday2_Evening,Weekday,Evening,20180815,1724,1734,,Light Clouds,84,UD4H,1,1,1,1,,,,,,,,1,,,,,,,1,,,,1,,,,,,,,,,,,1,,1,,,,,,,,
"2,036",2018 People Staying Counts,BAL2,Weekday2_Evening,Weekday,Evening,20180815,1724,1734,,Light Clouds,84,UD4H,2,1,1,,1,,1,,,,,,,,,,,1,,,,,,1,,,,,,,1,1,,,,,1,,,,,,,,
"2,037",2018 People Staying Counts,BAL2,Weekday2_Evening,Weekday,Evening,20180815,1724,1734,,Light Clouds,84,UD4H,3,1,2,1,,,,1,,,,,,,,,,,1,,,,,1,,,,,,,1,1,,,1,,1,,,,,,,,
"2,038",2018 People Staying Counts,BAL2,Weekday2_Evening,Weekday,Evening,20180815,1724,1734,,Light Clouds,84,UD4H,4,1,2,1,,,,,,,,1,,,,,,,1,,,,,1,,,,,,,1,1,,,1,,1,,,,,,,,
"2,039",2018 People Staying Counts,BAL2,Weekday2_Evening,Weekday,Evening,20180815,1724,1734,,Light Clouds,84,UD4H,5,1,2,1,,,,,,1,,,,,,1,,,,,,,,1,,,,,,,1,1,1,,,,1,,,,,,,,
"2,040",2018 People Staying Counts,BAL2,Weekday2_Evening,Weekday,Evening,20180815,1724,1734,,Light Clouds,84,UD4H,6,1,2,1,,,1,,,,,,,,,,,1,,,,,,1,,,,,,,1,1,1,,,,1,,,,,,,,
"2,041",2018 People Staying Counts,GEO2,Weekday1_Morning,Weekday,Morning,20180906,0906,0916,,Sun-Exposed,60,UD4H,1,0,,,,,,,,,,,,,,,,,,,,,,,,,,,,,,,,,,,,,,,,,,,
"2,042",2018 People Staying Counts,GEO2,Weekday1_Midday,Weekday,Midday,20180806,1302,1312,,Sun-Shaded,71,UD4H,1,1,2,1,,,1,,,,,,,,,,,1,,,1,,,,,,,,,,,,1,,,,,,,,,,,,
"2,043",2018 People Staying Counts,GEO2,Weekday1_Midday,Weekday,Midday,20180806,1302,1312,,Sun-Shaded,71,UD4H,2,1,2,,1,,1,,,,,,,,,,1,,,,1,,,,,,,,,,,1,1,,,,,,,,,,,,
"2,044",2018 People Staying Counts,GEO2,Weekday1_Evening,Weekday,Evening,20180906,1705,1715,,Sun-Shaded,84,UD4H,1,1,4,1,,,1,,,,,,,,,,1,,,,1,,,,,,,,,,,,1,,,,,,,,,,,,
"2,045",2018 People Staying Counts,GEO2,Weekday1_Evening,Weekday,Evening,20180906,1705,1715,,Sun-Shaded,84,UD4H,2,1,4,,1,,1,,,,,,,,,,1,,,,1,,,,,,,,,,,,1,,,,,,,,,,,,
"2,046",2018 People Staying Counts,GEO2,Weekday1_Evening,Weekday,Evening,20180906,1705,1715,,Sun-Shaded,84,UD4H,3,1,4,1,,,1,,,,,,,,,,1,,,,1,,,,,,,,,,,,1,,,,,,,,,,,,
"2,047",2018 People Staying Counts,GEO2,Weekday1_Evening,Weekday,Evening,20180906,1705,1715,,Sun-Shaded,84,UD4H,4,1,4,1,,,1,,,,,,,,,,1,,,,1,,,,,,,,,,,,1,,,,,,,,,,,,
"2,048",2018 People Staying Counts,GEO2,Weekday1_Evening,Weekday,Evening,20180906,1705,1715,,Sun-Shaded,84,UD4H,5,1,1,,1,,1,,,,,,,,,,,1,,,1,,,,,,,,,,,,,,1,,,,,,,,,,
"2,049",2018 People Staying Counts,GEO2,Weekday1_Evening,Weekday,Evening,20180906,1705,1715,,Sun-Shaded,84,UD4H,6,1,1,,1,,1,,,,,,,,,,,1,,,,1,,,,,,,,,,,,,1,,,,,,,,,,
"2,050",2018 People Staying Counts,GEO2,Weekend_Midday,Weekend,Midday,20180908,1334,1344,,Heavy Clouds,66,UD4H,1,1,3,1,,,1,,,,,,,,,,,1,,,1,,,,,,,,,,,,1,,,,,,,,,,,,
"2,051",2018 People Staying Counts,GEO2,Weekend_Midday,Weekend,Midday,20180908,1334,1344,,Heavy Clouds,66,UD4H,2,1,3,1,,,1,,,,,,,,,,,1,,,,1,,,,,,,,,,,1,,,,,,,,,,,,
"2,052",2018 People Staying Counts,GEO2,Weekend_Midday,Weekend,Midday,20180908,1334,1344,,Heavy Clouds,66,UD4H,3,1,3,,1,,1,,,,,,,,,,,1,,,1,,,,,,,,,,,,1,,,,,,,,,,,,
"2,053",2018 People Staying Counts,GEO2,Weekend_Evening,Weekend,Evening,20180908,1704,1714,,Sun-Shaded,69,UD4H,1,1,1,,1,,,1,,,,,,,,,1,,,,1,,,,,,,,,,,,,,1,,,,,1,,,,,
"2,054",2018 People Staying Counts,GEO2,Weekday2_Morning,Weekday,Morning,20180913,0931,0941,,Heavy Clouds,58,UD4H,1,1,1,1,,,1,,,,,,,,,,,1,,,,1,,,,,,,,,,,,,1,,,1,,,,,,,
"2,055",2018 People Staying Counts,GEO2,Weekday2_Midday,Weekday,Midday,20180913,1304,1314,,Heavy Clouds,65,UD4H,1,1,1,1,,,1,,,,,,,,,,,1,,,1,,,,,,,,,,,,1,,,,,,,,,,,,
"2,056",2018 People Staying Counts,GEO2,Weekday2_Midday,Weekday,Midday,20180913,1304,1314,,Heavy Clouds,65,UD4H,2,1,1,1,,,1,,,,,,,,,,,1,,,1,,,,,,,,,,,,1,,,,,,,,,,,,
"2,057",2018 People Staying Counts,GEO2,Weekday2_Midday,Weekday,Midday,20180913,1304,1314,,Heavy Clouds,65,UD4H,3,1,1,1,,,1,,,,,,,,,,,1,,,1,,,,,,,,,,,,,,1,,,,,,,,,,
"2,058",2018 People Staying Counts,GEO2,Weekday2_Midday,Weekday,Midday,20180913,1304,1314,,Heavy Clouds,65,UD4H,4,1,3,,1,,,,,,,1,,,,,1,,,,1,,,,,,,,,,,,1,,,,,,,,,,,,
"2,059",2018 People Staying Counts,GEO2,Weekday2_Midday,Weekday,Midday,20180913,1304,1314,,Heavy Clouds,65,UD4H,5,1,3,,1,,,,,,,1,,,,,1,,,,1,,,,,,,,,,,,1,,,,,,,,,,,,
"2,060",2018 People Staying Counts,GEO2,Weekday2_Midday,Weekday,Midday,20180913,1304,1314,,Heavy Clouds,65,UD4H,6,1,3,,1,,,,,,,1,,,,,1,,,,1,,,,,,,,,,,,1,,,,,,,,,,,,
"2,061",2018 People Staying Counts,GEO2,Weekday2_Evening,Weekday,Evening,20180913,1704,1714,,Heavy Clouds,66,UD4H,1,1,2,1,,,1,,,,,,,,,,,1,,,1,,,,,,,,,,,,1,,,,,,,,,,,,
"2,062",2018 People Staying Counts,GEO2,Weekday2_Evening,Weekday,Evening,20180913,1704,1714,,Heavy Clouds,66,UD4H,2,1,2,1,,,1,,,,,,,,,,,,1,,1,,,,,,,,,,,,1,,,1,,,,,,,,,
"2,063",2018 People Staying Counts,GEO2,Weekday2_Evening,Weekday,Evening,20180913,1704,1714,,Heavy Clouds,66,UD4H,3,1,1,1,,,1,,,,,,,,,,,1,,,1,,,,,,,,,,,,,,1,,,,,,,,,,
"2,064",2018 People Staying Counts,MAP2,Weekday1_Morning,Weekday,Morning,20180802,0913,0923,,Heavy Clouds,60,UD4H,1,1,1,,1,,1,,,,,,,,,,,,1,,1,,,,,,,,,1,,,,,1,,,,,,,,,,
"2,065",2018 People Staying Counts,MAP2,Weekday1_Morning,Weekday,Morning,20180802,0913,0923,,Heavy Clouds,60,UD4H,2,1,1,1,,,1,,,,,,,,,,,,,1,1,,,,,,,,,,,,,,,,,1,,,,,,,
"2,066",2018 People Staying Counts,MAP2,Weekday1_Morning,Weekday,Morning,20180802,0913,0923,,Heavy Clouds,60,UD4H,3,1,1,1,,,1,,,,,,,,,,,,,1,,,1,,,,,,,,,,,,1,,,1,,,,,,,
"2,067",2018 People Staying Counts,MAP2,Weekday1_Morning,Weekday,Morning,20180802,0913,0923,,Heavy Clouds,60,UD4H,4,1,1,1,,,,1,,,,,,,,,,,1,,,,,,,1,,,1,,,,1,,,,,,,,,,,,
"2,068",2018 People Staying Counts,MAP2,Weekday1_Morning,Weekday,Morning,20180802,0913,0923,,Heavy Clouds,60,UD4H,5,1,1,1,,,1,,,,,,,,,,,,,1,1,,,,,,,,,1,,,,,,,,,,,,,,,
"2,069",2018 People Staying Counts,MAP2,Weekday1_Morning,Weekday,Morning,20180802,0913,0923,,Heavy Clouds,60,UD4H,6,1,1,1,,,1,,,,,,,,,,,,1,,1,,,,,,,,,,,,,,1,,,,,,,,,,
"2,070",2018 People Staying Counts,MAP2,Weekday1_Morning,Weekday,Morning,20180802,0913,0923,,Heavy Clouds,60,UD4H,7,1,1,1,,,1,,,,,,,,,,,1,,,,,,1,,,,,,1,,1,,,1,,,,,,,,,,
"2,071",2018 People Staying Counts,MAP2,Weekday1_Morning,Weekday,Morning,20180802,0913,0923,,Heavy Clouds,60,UD4H,8,1,1,1,,,1,,,,,,,,,,,1,,,1,,,,,,,,,1,,1,,,,1,,,,,,,,,
"2,072",2018 People Staying Counts,MAP2,Weekday1_Midday,Weekday,Midday,20180802,1310,1320,,Heavy Clouds,62,UD4H,1,1,2,1,,,1,,,,,,,,,,,1,,,,,,1,,,,,,1,,1,1,,,,,,,,,,,,
"2,073",2018 People Staying Counts,MAP2,Weekday1_Midday,Weekday,Midday,20180802,1310,1320,,Heavy Clouds,62,UD4H,2,1,2,,1,,1,,,,,,,,,,,1,,,,,,1,,,,,,1,,1,1,,,,,,,,,,,,
"2,074",2018 People Staying Counts,MAP2,Weekday1_Midday,Weekday,Midday,20180802,1310,1320,,Heavy Clouds,62,UD4H,3,1,1,,1,,,,,1,,,,,,,1,,,,,,1,,,,,,,,,,,,1,,,1,,,,,,,
"2,075",2018 People Staying Counts,MAP2,Weekday1_Midday,Weekday,Midday,20180802,1310,1320,,Heavy Clouds,62,UD4H,4,1,1,,1,,,,,1,,,,,,,,,,1,1,,,,,,,,,,,,,,,,1,1,,,,,,,
"2,076",2018 People Staying Counts,MAP2,Weekday1_Midday,Weekday,Midday,20180802,1310,1320,,Heavy Clouds,62,UD4H,5,1,1,1,,,1,,,,,,,,,,,,1,,1,,,,,,,,,1,,,,,1,,,,,,,,,,
"2,077",2018 People Staying Counts,MAP2,Weekday1_Evening,Weekday,Evening,20180802,1705,1715,,Heavy Clouds,67,UD4H,1,1,1,,1,,1,,,,,,,,,,,,1,,1,,,,,,,,,,,,,,1,,,,,,,,,,
"2,078",2018 People Staying Counts,MAP2,Weekday2_Morning,Weekday,Morning,20180803,0910,0920,,Heavy Clouds,63,UD4H,1,1,1,1,,,1,,,,,,,,,,,,1,,,,1,,,,,,,1,,,,,,,1,,,,,,,,
"2,079",2018 People Staying Counts,MAP2,Weekday2_Morning,Weekday,Morning,20180803,0910,0920,,Heavy Clouds,63,UD4H,2,1,1,1,,,1,,,,,,,,,,,1,,,1,,,,,,,,,,,,,,1,,,,,,,,,,
"2,080",2018 People Staying Counts,MAP2,Weekday2_Morning,Weekday,Morning,20180803,0910,0920,,Heavy Clouds,63,UD4H,3,1,1,,1,,1,,,,,,,,,,,1,,,1,,,,,,,,,,,1,,,1,,,,,,,,,,
"2,081",2018 People Staying Counts,MAP2,Weekday2_Morning,Weekday,Morning,20180803,0910,0920,,Heavy Clouds,63,UD4H,4,1,1,1,,,,,,,,1,,,,,,1,,,1,,,,,,,,,,,,,,,,,,1,,,,,,
"2,082",2018 People Staying Counts,MAP2,Weekday2_Morning,Weekday,Morning,20180803,0910,0920,,Heavy Clouds,63,UD4H,5,1,1,1,,,1,,,,,,,,,,,,1,,1,,,,,,,,,,1,,,,,,,,,,,,,,
"2,083",2018 People Staying Counts,MAP2,Weekday2_Morning,Weekday,Morning,20180803,0910,0920,,Heavy Clouds,63,UD4H,6,1,3,1,,,1,,,,,,,,,,,1,,,,,1,,,,,,,,,,1,,1,,,,,,,,,,
"2,084",2018 People Staying Counts,MAP2,Weekday2_Morning,Weekday,Morning,20180803,0910,0920,,Heavy Clouds,63,UD4H,7,1,3,,,1,1,,,,,,,,1,,,,,,,,,,1,,,,,,,,,,,,1,,,,,,,,
"2,085",2018 People Staying Counts,MAP2,Weekday2_Morning,Weekday,Morning,20180803,0910,0920,,Heavy Clouds,63,UD4H,8,1,3,,1,,1,,,,,,,,,,,1,,,,,1,,,,,,,1,,1,1,,,,,,,,,,,,
"2,086",2018 People Staying Counts,MAP2,Weekday2_Morning,Weekday,Morning,20180803,0910,0920,,Heavy Clouds,63,UD4H,9,1,1,1,,,1,,,,,,,,,,,,,1,,,1,,,,,,,1,,,,,,,1,,,,,,,,
"2,087",2018 People Staying Counts,MAP2,Weekday2_Midday,Weekday,Midday,20180803,1314,1324,,Sun-Shaded,67,UD4H,1,1,1,1,,,1,,,,,,,,,,,1,,,,,1,,,,,,,1,,1,,,1,,,,,,,,,,
"2,088",2018 People Staying Counts,MAP2,Weekday2_Midday,Weekday,Midday,20180803,1314,1324,,Sun-Shaded,67,UD4H,2,1,2,1,,,1,,,,,,,,,,,,,1,,,1,,,,,,,,,1,1,,,,,,,,,,,,
"2,089",2018 People Staying Counts,MAP2,Weekday2_Midday,Weekday,Midday,20180803,1314,1324,,Sun-Shaded,67,UD4H,3,1,2,,1,,1,,,,,,,,,,,,1,,,,1,,,,,,,,,1,1,,,,,,,,,,,,
"2,090",2018 People Staying Counts,MAP2,Weekday2_Midday,Weekday,Midday,20180803,1314,1324,,Sun-Shaded,67,UD4H,4,1,1,1,,,,1,,,,,,,,,,,1,,,,,,,1,,,1,,,,1,,,,,,,,,,,,
"2,091",2018 People Staying Counts,MAP2,Weekday2_Midday,Weekday,Midday,20180803,1314,1324,,Sun-Shaded,67,UD4H,5,1,1,,1,,1,,,,,,,,,,,,1,,1,,,,,,,,,1,,,1,,,,,,,,,,,,
"2,092",2018 People Staying Counts,MAP2,Weekday2_Midday,Weekday,Midday,20180803,1314,1324,,Sun-Shaded,67,UD4H,6,1,1,,1,,1,,,,,,,,,,,,1,,,,1,,,,,,,,,,,,,,,1,,,,,,,
"2,093",2018 People Staying Counts,MAP2,Weekday2_Evening,Weekday,Evening,20180803,1718,1728,,Sun-Exposed,74,UD4H,1,1,1,1,,,1,,,,,,,,,,,1,,,,,1,,,,,,,1,,1,,,,,1,,,,,,,,
"2,094",2018 People Staying Counts,MAP2,Weekday2_Evening,Weekday,Evening,20180803,1718,1728,,Sun-Exposed,74,UD4H,2,1,1,,1,,1,,,,,,,,,,,,,1,,,1,,,,,,,,,1,,,,,1,,,,,,,,
"2,095",2018 People Staying Counts,MAP2,Weekday2_Evening,Weekday,Evening,20180803,1718,1728,,Sun-Exposed,74,UD4H,3,1,1,1,,,1,,,,,,,,,,,,1,,1,,,,,,,,,,1,,,,1,,,,,,,,,,
"2,096",2018 People Staying Counts,MAP2,Weekday2_Evening,Weekday,Evening,20180803,1718,1728,,Sun-Exposed,74,UD4H,4,1,1,1,,,1,,,,,,,,,,,1,,,1,,,,,,,,,,1,,,,,,1,,,,,,,,
"2,097",2018 People Staying Counts,MAP2,Weekday2_Evening,Weekday,Evening,20180803,1718,1728,,Sun-Exposed,74,UD4H,5,1,2,1,,,,,,,,1,,,,,1,,,,1,,,,,,,,,,,,1,,,,,1,,,,,,,
"2,098",2018 People Staying Counts,MAP2,Weekday2_Evening,Weekday,Evening,20180803,1718,1728,,Sun-Exposed,74,UD4H,6,1,2,1,,,,,,,,1,,,,,1,,,,1,,,,,,,,,,,,1,,1,,,1,,,,,,,
"2,099",2018 People Staying Counts,MAP2,Weekend_Midday,Weekend,Midday,20180811,1325,1335,,Light Rain,70,UD4H,1,1,2,,1,,1,,,,,,,,,,,,1,,1,,,,,,,,,,1,,1,,,,,,,,,,,,
"2,100",2018 People Staying Counts,MAP2,Weekend_Midday,Weekend,Midday,20180811,1325,1335,,Light Rain,70,UD4H,2,1,2,1,,,1,,,,,,,,,,,,1,,1,,,,,,,,,,1,,1,,,,,,,,,,,,
"2,101",2018 People Staying Counts,MAP2,Weekend_Evening,Weekend,Evening,20180811,1715,1725,,Sun-Shaded,72,UD4H,1,1,1,1,,,1,,,,,,,,,,,1,,,,,1,,,,,,,1,,1,,,1,,,,,,,,,,
"2,102",2018 People Staying Counts,MAP2,Weekend_Evening,Weekend,Evening,20180811,1715,1725,,Sun-Shaded,72,UD4H,2,1,1,1,,,,1,,,,,,,,,,,1,,,,,,,1,,,1,,,,1,,,,,,,,,,,,
"2,103",2018 People Staying Counts,MAP2,Weekend_Evening,Weekend,Evening,20180811,1715,1725,,Sun-Shaded,72,UD4H,3,1,1,,1,,1,,,,,,,,,,,,1,,1,,,,,,,,,,1,,,,,,1,,,,,,,,
"2,104",2018 People Staying Counts,MAP2,Weekend_Evening,Weekend,Evening,20180811,1715,1725,,Sun-Shaded,72,UD4H,4,1,2,1,,,1,,,,,,,,,,,1,,,1,,,,,,,,,,,,1,,,1,,,,,,,,,
"2,105",2018 People Staying Counts,MAP2,Weekend_Evening,Weekend,Evening,20180811,1715,1725,,Sun-Shaded,72,UD4H,5,1,2,,1,,1,,,,,,,,1,,,,,,1,,,,,,,,,,,,1,,,1,,,,,,,,,
"2,106",2018 People Staying Counts,SLU3,Weekday1_Morning,Weekday,Morning,20180719,0824,0834,,Heavy Clouds,58,UD4H,1,1,1,,1,,1,,,,,,,,,,,,1,,1,,,,,,,,,,,,,,1,,,1,,,,,,,
"2,107",2018 People Staying Counts,SLU3,Weekday1_Morning,Weekday,Morning,20180719,0824,0834,,Heavy Clouds,58,UD4H,2,1,1,,1,,1,,,,,,,,,,,1,,,1,,,,,,,,,,,,,,1,,,1,,,,,,,
"2,108",2018 People Staying Counts,SLU3,Weekday1_Morning,Weekday,Morning,20180719,0824,0834,,Heavy Clouds,58,UD4H,3,1,1,,1,,1,,,,,,,,,,,,1,,1,,,,,,,1,,,,,,,,,1,1,,,,,,,
"2,109",2018 People Staying Counts,SLU3,Weekday1_Morning,Weekday,Morning,20180719,0824,0834,,Heavy Clouds,58,UD4H,4,1,1,1,,,1,,,,,,,,,,,1,,,,,1,,,,,,,,,,,,,,1,1,,,,,,,
"2,110",2018 People Staying Counts,SLU3,Weekday1_Morning,Weekday,Morning,20180719,0824,0834,,Heavy Clouds,58,UD4H,5,1,2,,1,,1,,,,,,,,,,,1,,,1,,,,,,,,,,,,1,,,,,,,,,,,,
"2,111",2018 People Staying Counts,SLU3,Weekday1_Morning,Weekday,Morning,20180719,0824,0834,,Heavy Clouds,58,UD4H,6,1,2,,1,,1,,,,,,,,,,,1,,,1,,,,,,,,,,,,1,,1,,,,,,,,,,
"2,112",2018 People Staying Counts,SLU3,Weekday1_Morning,Weekday,Morning,20180719,0824,0834,,Heavy Clouds,58,UD4H,7,1,1,,1,,1,,,,,,,,,,1,,,,1,,,,,,,,,,,,,,,,,1,,,,,,,
"2,113",2018 People Staying Counts,SLU3,Weekday1_Morning,Weekday,Morning,20180719,0824,0834,,Heavy Clouds,58,UD4H,8,1,1,,1,,1,,,,,,,,,,1,,,,1,,,,,,,,,,,,,,1,,,1,,,,,,,
"2,114",2018 People Staying Counts,SLU3,Weekday1_Morning,Weekday,Morning,20180719,0824,0834,,Heavy Clouds,58,UD4H,9,1,1,1,,,,,,1,,,,,,,1,,,,1,,,,,,,,,,,,,,,1,,,,,,,,,
"2,115",2018 People Staying Counts,SLU3,Weekday1_Morning,Weekday,Morning,20180719,0824,0834,,Heavy Clouds,58,UD4H,10,1,2,1,,,1,,,,,,,,,,,1,,,1,,,,,,,,,,,,,,1,,,,,,,,,,
"2,116",2018 People Staying Counts,SLU3,Weekday1_Morning,Weekday,Morning,20180719,0824,0834,,Heavy Clouds,58,UD4H,11,1,2,1,,,1,,,,,,,,,,,1,,,,1,,,,,,,,,,,1,,1,,,,,,,,,,
"2,117",2018 People Staying Counts,SLU3,Weekday1_Morning,Weekday,Morning,20180719,0824,0834,,Heavy Clouds,58,UD4H,12,1,1,,1,,,,,1,,,,,,,1,,,,1,,,,,,,,,,,,,,1,,,1,,,,,,,
"2,118",2018 People Staying Counts,SLU3,Weekday1_Morning,Weekday,Morning,20180719,0824,0834,,Heavy Clouds,58,UD4H,13,1,1,1,,,1,,,,,,,,,,,1,,,1,,,,,,,,,,,,,,,,1,1,,,,,,,
"2,119",2018 People Staying Counts,SLU3,Weekday1_Midday,Weekday,Midday,20180719,1224,1234,,Heavy Clouds,63,UD4H,1,1,1,1,,,1,,,,,,,,,,,1,,,1,,,,,,,,,,,,,,,1,,,,,,,,,
"2,120",2018 People Staying Counts,SLU3,Weekday1_Midday,Weekday,Midday,20180719,1224,1234,,Heavy Clouds,63,UD4H,2,1,1,1,,,,,,1,,,,,,,,1,,,1,,,,,,,,,,,,,,1,,,,,,,,,,
"2,121",2018 People Staying Counts,SLU3,Weekday1_Midday,Weekday,Midday,20180719,1224,1234,,Heavy Clouds,63,UD4H,3,1,1,1,,,1,,,,,,,,,,,,1,,1,,,,,,,,,,,,,,,,1,1,,,,,,,
"2,122",2018 People Staying Counts,SLU3,Weekday1_Midday,Weekday,Midday,20180719,1224,1234,,Heavy Clouds,63,UD4H,4,1,2,1,,,,,,,,1,,,,,,1,,,1,,,,,,,,,,,,,,1,,,,,,,,,,
"2,123",2018 People Staying Counts,SLU3,Weekday1_Midday,Weekday,Midday,20180719,1224,1234,,Heavy Clouds,63,UD4H,5,1,2,,1,,1,,,,,,,,,,,1,,,1,,,,,,,,,,,,1,,,,,,,,,,,,
"2,124",2018 People Staying Counts,SLU3,Weekday1_Midday,Weekday,Midday,20180719,1224,1234,,Heavy Clouds,63,UD4H,6,1,1,,1,,1,,,,,,,,,,1,,,,1,,,,,,,,,,,,,,1,,,1,,,,,,,
"2,125",2018 People Staying Counts,SLU3,Weekday1_Midday,Weekday,Midday,20180719,1224,1234,,Heavy Clouds,63,UD4H,7,1,2,1,,,1,,,,,,,,,,,1,,,1,,,,,,,,,,,,1,,,,,,,,,,,,
"2,126",2018 People Staying Counts,SLU3,Weekday1_Midday,Weekday,Midday,20180719,1224,1234,,Heavy Clouds,63,UD4H,8,1,2,,1,,1,,,,,,,,,,,1,,,1,,,,,,,,,,,,1,,,,,,,,,,,,
"2,127",2018 People Staying Counts,SLU3,Weekday1_Midday,Weekday,Midday,20180719,1224,1234,,Heavy Clouds,63,UD4H,9,1,2,1,,,,,,1,,,,,,,,1,,,1,,,,,,,,,,,1,1,,,,,,,,,,,,
"2,128",2018 People Staying Counts,SLU3,Weekday1_Midday,Weekday,Midday,20180719,1224,1234,,Heavy Clouds,63,UD4H,10,1,2,,1,,,,,1,,,,,,,,1,,,1,,,,,,,,,,,1,1,,,,,,,,,,,,
"2,129",2018 People Staying Counts,SLU3,Weekday1_Midday,Weekday,Midday,20180719,1224,1234,,Heavy Clouds,63,UD4H,11,1,1,1,,,1,,,,,,,,,,,1,,,1,,,,,,,,,,,,,,,,1,,,1,,,,,
"2,130",2018 People Staying Counts,SLU3,Weekday1_Midday,Weekday,Midday,20180719,1224,1234,,Heavy Clouds,63,UD4H,12,1,2,1,,,1,,,,,,,,,,,1,,,1,,,,,,,,,,,,,,,,1,1,,,,,,,
"2,131",2018 People Staying Counts,SLU3,Weekday1_Midday,Weekday,Midday,20180719,1224,1234,,Heavy Clouds,63,UD4H,13,1,2,,1,,1,,,,,,,,1,,,,,,,,,,1,,,,,,,,,,,,1,,,,,,,,
"2,132",2018 People Staying Counts,SLU3,Weekday1_Midday,Weekday,Midday,20180719,1224,1234,,Heavy Clouds,63,UD4H,14,1,1,1,,,1,,,,,,,,,,,1,,,1,,,,,,,,,,,,,,1,,,,,,,,,,
"2,133",2018 People Staying Counts,SLU3,Weekday1_Evening,Weekday,Evening,20180719,1623,1633,,Heavy Clouds,71,UD4H,1,1,1,1,,,1,,,,,,,,,,,1,,,1,,,,,,,,,,,,,,1,,,,,,,,,,
"2,134",2018 People Staying Counts,SLU3,Weekday1_Evening,Weekday,Evening,20180719,1623,1633,,Heavy Clouds,71,UD4H,2,1,2,1,,,,,,,,,1,,,,,1,,,1,,,,,,,,,,,,1,,,,,1,,,,,,,
"2,135",2018 People Staying Counts,SLU3,Weekday1_Evening,Weekday,Evening,20180719,1623,1633,,Heavy Clouds,71,UD4H,3,1,2,1,,,1,,,,,,,,,,,1,,,1,,,,,,,,,,1,,1,,,,,1,,,,,,,
"2,136",2018 People Staying Counts,SLU3,Weekday1_Evening,Weekday,Evening,20180719,1623,1633,,Heavy Clouds,71,UD4H,4,1,1,1,,,1,,,,,,,,,,,1,,,,,1,,,,,,,,,,,,1,,1,1,,,,,1,,
"2,137",2018 People Staying Counts,SLU3,Weekday1_Evening,Weekday,Evening,20180719,1623,1633,,Heavy Clouds,71,UD4H,5,1,1,,1,,1,,,,,,,,,,,1,,,,,1,,,,,,,,,,,,1,,,1,,,,,,,
"2,138",2018 People Staying Counts,SLU3,Weekday1_Evening,Weekday,Evening,20180719,1623,1633,,Heavy Clouds,71,UD4H,6,1,1,1,,,1,,,,,,,,,,,,1,,1,,,,,,,,,,,,,,1,,1,1,,,,,,,
"2,139",2018 People Staying Counts,SLU3,Weekday1_Evening,Weekday,Evening,20180719,1623,1633,,Heavy Clouds,71,UD4H,7,1,1,1,,,1,,,,,,,,,,,,1,,1,,,,,,,,,,,,1,,,,,,,,1,,1,1,
"2,140",2018 People Staying Counts,SLU3,Weekday1_Evening,Weekday,Evening,20180719,1623,1633,,Heavy Clouds,71,UD4H,8,1,1,,1,,,,,1,,,,,,,1,,,,,,1,,,,,,,,,,,,1,,,1,,,,,,,
"2,141",2018 People Staying Counts,SLU3,Weekday1_Evening,Weekday,Evening,20180719,1623,1633,,Heavy Clouds,71,UD4H,9,1,1,,1,,,,,,,,1,,,,,1,,,1,,,,,,,,,,,,,,,,1,1,,,,,,,
"2,142",2018 People Staying Counts,SLU3,Weekday1_Evening,Weekday,Evening,20180719,1623,1633,,Heavy Clouds,71,UD4H,10,1,2,1,,,1,,,,,,,,,,,1,,,1,,,,,,,,,,,,1,,,,1,,,,,,,,
"2,143",2018 People Staying Counts,SLU3,Weekday1_Evening,Weekday,Evening,20180719,1623,1633,,Heavy Clouds,71,UD4H,11,1,2,,1,,,,,1,,,,,,,,1,,,1,,,,,,,,,,,,,,1,,,1,,,,,,,
"2,144",2018 People Staying Counts,SLU3,Weekday1_Evening,Weekday,Evening,20180719,1623,1633,,Heavy Clouds,71,UD4H,12,1,1,1,,,1,,,,,,,,,,,1,,,1,,,,,,,,,,,,,,1,,,1,,,,,,,
"2,145",2018 People Staying Counts,SLU3,Weekday1_Evening,Weekday,Evening,20180719,1623,1633,,Heavy Clouds,71,UD4H,13,1,2,1,,,,,,,,,1,,,,,1,,,1,,,,,,,,,,,,,,,,1,1,,,,,,,
"2,146",2018 People Staying Counts,SLU3,Weekday1_Evening,Weekday,Evening,20180719,1623,1633,,Heavy Clouds,71,UD4H,14,1,2,1,,,1,,,,,,,,,,,1,,,1,,,,,,,,,,,,,,,,1,1,,,,,,,
"2,147",2018 People Staying Counts,SLU3,Weekday1_Evening,Weekday,Evening,20180719,1623,1633,,Heavy Clouds,71,UD4H,15,1,1,,1,,1,,,,,,,,,,,,1,,,,1,,,,,,,,,,,,,,1,1,,,,,,,
"2,148",2018 People Staying Counts,SLU3,Weekday1_Evening,Weekday,Evening,20180719,1623,1633,,Heavy Clouds,71,UD4H,16,1,1,1,,,1,,,,,,,,,,,1,,,1,,,,,,,,,,,,,,1,,,1,,,,,,,
"2,149",2018 People Staying Counts,SLU3,Weekday1_Evening,Weekday,Evening,20180719,1623,1633,,Heavy Clouds,71,UD4H,17,1,1,1,,,,1,,,,,,,,,,1,,,,,1,,,,,,,,,,,,,,1,,,,,,,,
"2,150",2018 People Staying Counts,SLU3,Weekday1_Evening,Weekday,Evening,20180719,1623,1633,,Heavy Clouds,71,UD4H,18,1,1,1,,,,,,1,,,,,,,,1,,,1,,,,,,,,,,,,,,1,,,,,1,,,,,
"2,151",2018 People Staying Counts,SLU3,Weekday1_Evening,Weekday,Evening,20180719,1623,1633,,Heavy Clouds,71,UD4H,19,1,1,,1,,1,,,,,,,,,,,1,,,,,1,,,,,,,,,,,,1,,,1,,,,,,,
"2,152",2018 People Staying Counts,SLU3,Weekday1_Evening,Weekday,Evening,20180719,1623,1633,,Heavy Clouds,71,UD4H,20,1,1,,1,,,,,1,,,,,,,,,1,,,,1,,,,,,,,,,,,,,1,1,,,,,,,
"2,153",2018 People Staying Counts,SLU3,Weekday1_Evening,Weekday,Evening,20180719,1623,1633,,Heavy Clouds,71,UD4H,21,1,1,1,,,,,,1,,,,,,,,1,,,,,1,,,,,,,,,,,,1,,1,,,,,,,,
"2,154",2018 People Staying Counts,SLU3,Weekday1_Evening,Weekday,Evening,20180719,1623,1633,,Heavy Clouds,71,UD4H,22,1,1,,1,,,,,1,,,,,,,1,,,,,,1,,,,,,,,,,,,1,,,,,,,,,,
"2,155",2018 People Staying Counts,SLU3,Weekday1_Evening,Weekday,Evening,20180719,1623,1633,,Heavy Clouds,71,UD4H,23,1,1,1,,,,,,1,,,,,,,,1,,,1,,,,,,,,,,,,,,1,,,1,,,,,,,
"2,156",2018 People Staying Counts,SLU3,Weekday1_Evening,Weekday,Evening,20180719,1623,1633,,Heavy Clouds,71,UD4H,24,1,1,,1,,,,,,,1,,,,,1,,,,1,,,,,,,,,,,,,,1,,,1,,,,,,,
"2,157",2018 People Staying Counts,SLU3,Weekday1_Evening,Weekday,Evening,20180719,1623,1633,,Heavy Clouds,71,UD4H,25,1,1,,1,,1,,,,,,,,,,1,,,,1,,,,,,,,,,,,,,1,,,1,,,,,,,
"2,158",2018 People Staying Counts,SLU3,Weekday2_Midday,Weekday,Midday,20180720,1223,1233,,Sun-Shaded,68,UD4H,1,1,2,,1,,1,,,,,,,,,,,1,,,,,1,,,,,,,,,1,1,,,,,,,,,,,,
"2,159",2018 People Staying Counts,SLU3,Weekday2_Midday,Weekday,Midday,20180720,1223,1233,,Sun-Shaded,68,UD4H,2,1,2,,1,,1,,,,,,,,,,,1,,,,,1,,,,,,,,,1,1,,,,,,,,,,,,
"2,160",2018 People Staying Counts,SLU3,Weekday2_Midday,Weekday,Midday,20180720,1223,1233,,Sun-Shaded,68,UD4H,3,1,2,,1,,1,,,,,,,,,,,1,,,,,1,,,,,,,,,1,1,,,,,,,,,,,,
"2,161",2018 People Staying Counts,SLU3,Weekday2_Midday,Weekday,Midday,20180720,1223,1233,,Sun-Shaded,68,UD4H,4,1,2,,1,,1,,,,,,,,,,,1,,,,,1,,,,,,,,,1,1,,,,,,,,,,,,
"2,162",2018 People Staying Counts,SLU3,Weekday2_Midday,Weekday,Midday,20180720,1223,1233,,Sun-Shaded,68,UD4H,5,1,1,1,,,,,,,,1,,,,,,1,,,1,,,,,,,,,,,,,,,,1,1,,,,,,,
"2,163",2018 People Staying Counts,SLU3,Weekday2_Midday,Weekday,Midday,20180720,1223,1233,,Sun-Shaded,68,UD4H,6,1,1,,1,,1,,,,,,,,,,,1,,,,,1,,,,,,,,,,,,1,,1,,,,,,,,
"2,164",2018 People Staying Counts,SLU3,Weekday2_Midday,Weekday,Midday,20180720,1223,1233,,Sun-Shaded,68,UD4H,7,1,4,1,,,1,,,,,,,,,,,1,,,1,,,,,,,,,,,,1,,,,,,,,,,,,
"2,165",2018 People Staying Counts,SLU3,Weekday2_Midday,Weekday,Midday,20180720,1223,1233,,Sun-Shaded,68,UD4H,8,1,4,1,,,1,,,,,,,,,,,1,,,1,,,,,,,,,,,,1,,,,,,,,,,,,
"2,166",2018 People Staying Counts,SLU3,Weekday2_Midday,Weekday,Midday,20180720,1223,1233,,Sun-Shaded,68,UD4H,9,1,4,1,,,1,,,,,,,,,,,1,,,1,,,,,,,,,,,,1,,,,,,,,,,,,
"2,167",2018 People Staying Counts,SLU3,Weekday2_Midday,Weekday,Midday,20180720,1223,1233,,Sun-Shaded,68,UD4H,10,1,4,,1,,1,,,,,,,,,,,1,,,1,,,,,,,,,,,,1,,,,,,,,,,,,
"2,168",2018 People Staying Counts,SLU3,Weekday2_Midday,Weekday,Midday,20180720,1223,1233,,Sun-Shaded,68,UD4H,11,1,1,,1,,,,,1,,,,,,,,1,,,1,,,,,,,,,,,,,,1,,,1,,,,,,,
"2,169",2018 People Staying Counts,SLU3,Weekday2_Midday,Weekday,Midday,20180720,1223,1233,,Sun-Shaded,68,UD4H,12,1,1,1,,,,,,1,,,,,,,,1,,,1,,,,,,,,,,,,,,1,,,,,,,,,,
"2,170",2018 People Staying Counts,SLU3,Weekday2_Midday,Weekday,Midday,20180720,1223,1233,,Sun-Shaded,68,UD4H,13,1,1,1,,,,,,1,,,,,,,,,1,,,,1,,,,,,,,,1,,,,,,,,,,,,,
"2,171",2018 People Staying Counts,SLU3,Weekday2_Midday,Weekday,Midday,20180720,1223,1233,,Sun-Shaded,68,UD4H,14,1,1,,1,,,,,1,,,,,,,1,,,,1,,,,,,,,,,,,,,1,,,,,,,,,,
"2,172",2018 People Staying Counts,SLU3,Weekday2_Midday,Weekday,Midday,20180720,1223,1233,,Sun-Shaded,68,UD4H,15,1,1,,1,,,,,1,,,,,,,,1,,,1,,,,,,,,,,,,,,1,,,,,,,,,,
"2,173",2018 People Staying Counts,SLU3,Weekday2_Midday,Weekday,Midday,20180720,1223,1233,,Sun-Shaded,68,UD4H,16,1,1,,1,,1,,,,,,,,,,,1,,,,,1,,,,,,,,,1,,,,,,,,,,,,,
"2,174",2018 People Staying Counts,SLU3,Weekday2_Midday,Weekday,Midday,20180720,1223,1233,,Sun-Shaded,68,UD4H,17,1,1,1,,,1,,,,,,,,,,,1,,,,,1,,,,,,,,,,,,,,1,,,,,,,,
"2,175",2018 People Staying Counts,SLU3,Weekday2_Midday,Weekday,Midday,20180720,1223,1233,,Sun-Shaded,68,UD4H,18,1,1,1,,,1,,,,,,,,,,,1,,,,,1,,,,,,,,,1,,,,,1,,,,,,,,
"2,176",2018 People Staying Counts,SLU3,Weekday2_Evening,Weekday,Evening,20180720,1621,1631,,Sun-Exposed,73,UD4H,1,1,1,,1,,1,,,,,,,,,,,1,,,1,,,,,,,,,,,,1,,,,,,,,,,1,1,
"2,177",2018 People Staying Counts,SLU3,Weekday2_Evening,Weekday,Evening,20180720,1621,1631,,Sun-Exposed,73,UD4H,2,1,1,,1,,1,,,,,,,,,,,1,,,1,,,,,,,,,,,,,,1,,,1,,,,,,,
"2,178",2018 People Staying Counts,SLU3,Weekday2_Evening,Weekday,Evening,20180720,1621,1631,,Sun-Exposed,73,UD4H,3,1,1,1,,,1,,,,,,,,,,,1,,,1,,,,,,,,,,,,,,1,,,1,,,,,,,
"2,179",2018 People Staying Counts,SLU3,Weekday2_Evening,Weekday,Evening,20180720,1621,1631,,Sun-Exposed,73,UD4H,4,1,1,1,,,1,,,,,,,,,,,1,,,1,,,,,,,,,,,,,,1,,1,1,,,,,,,
"2,180",2018 People Staying Counts,SLU3,Weekday2_Evening,Weekday,Evening,20180720,1621,1631,,Sun-Exposed,73,UD4H,5,1,1,,1,,,,,1,,,,,,,,1,,,1,,,,,,,,,,,,,,,,1,1,,,,,,,
"2,181",2018 People Staying Counts,SLU3,Weekday2_Evening,Weekday,Evening,20180720,1621,1631,,Sun-Exposed,73,UD4H,6,1,2,,1,,1,,,,,,,,,,,1,,,1,,,,,,,,,,,,1,,,,,1,,,,,,,
"2,182",2018 People Staying Counts,SLU3,Weekday2_Evening,Weekday,Evening,20180720,1621,1631,,Sun-Exposed,73,UD4H,7,1,2,1,,,1,,,,,,,,,,,1,,,1,,,,,,,,,,,,1,,,,,1,,,,,,,
"2,183",2018 People Staying Counts,SLU3,Weekday2_Evening,Weekday,Evening,20180720,1621,1631,,Sun-Exposed,73,UD4H,8,1,1,1,,,1,,,,,,,,,,,1,,,1,,,,,,,,,,,,,,,,1,,,,,,,,
"2,184",2018 People Staying Counts,SLU3,Weekday2_Evening,Weekday,Evening,20180720,1621,1631,,Sun-Exposed,73,UD4H,9,1,1,,1,,,1,,,,,,,,,1,,,,1,,,,,,,,,,,,,,1,,,1,,,,,,,
"2,185",2018 People Staying Counts,SLU3,Weekday2_Evening,Weekday,Evening,20180720,1621,1631,,Sun-Exposed,73,UD4H,10,1,1,1,,,1,,,,,,,,,,,1,,,1,,,,,,,,,,,,,,,,1,1,,,,,,,
"2,186",2018 People Staying Counts,SLU3,Weekday2_Evening,Weekday,Evening,20180720,1621,1631,,Sun-Exposed,73,UD4H,11,1,1,1,,,,,,1,,,,,,,1,,,,1,,,,,,,,,,,,,,1,,,1,,,,,,,
"2,187",2018 People Staying Counts,SLU3,Weekday2_Evening,Weekday,Evening,20180720,1621,1631,,Sun-Exposed,73,UD4H,12,1,1,1,,,1,,,,,,,,,,,,1,,1,,,,,,,,,,,,,,1,,,1,,,,,,,
"2,188",2018 People Staying Counts,SLU3,Weekday2_Evening,Weekday,Evening,20180720,1621,1631,,Sun-Exposed,73,UD4H,13,1,1,,1,,1,,,,,,,,,,,1,,,,,1,,,,,,,,,,1,,,,,,,,,,,,
"2,189",2018 People Staying Counts,SLU3,Weekday2_Evening,Weekday,Evening,20180720,1621,1631,,Sun-Exposed,73,UD4H,14,1,1,1,,,,,,1,,,,,,,,1,,,,,1,,,,,,,,,,,,1,,1,,,,,,,,
"2,190",2018 People Staying Counts,SLU3,Weekday2_Evening,Weekday,Evening,20180720,1621,1631,,Sun-Exposed,73,UD4H,15,1,1,1,,,1,,,,,,,,,,,1,,,1,,,,,,,,,,,,,,1,,,1,,,,1,,,
"2,191",2018 People Staying Counts,SLU3,Weekday2_Evening,Weekday,Evening,20180720,1621,1631,,Sun-Exposed,73,UD4H,16,1,1,1,,,,1,,,,,,,,,,1,,,,,1,,,,,,,,,,,,1,,,1,,,,,,,
"2,192",2018 People Staying Counts,SLU3,Weekday2_Evening,Weekday,Evening,20180720,1621,1631,,Sun-Exposed,73,UD4H,17,1,1,,1,,,,,1,,,,,,,,1,,,1,,,,,,,,,,,,,,,,,1,,,,,,,
"2,193",2018 People Staying Counts,SLU3,Weekday2_Evening,Weekday,Evening,20180720,1621,1631,,Sun-Exposed,73,UD4H,18,1,1,,1,,1,,,,,,,,,,,1,,,1,,,,,,,,,,,,,,,,1,1,,,,,,,
"2,194",2018 People Staying Counts,SLU3,Weekday2_Evening,Weekday,Evening,20180720,1621,1631,,Sun-Exposed,73,UD4H,19,1,1,1,,,1,,,,,,,,,,,,1,,1,,,,,,,,,,,,,,1,,,1,,,,,,,
"2,195",2018 People Staying Counts,SLU3,Weekday2_Evening,Weekday,Evening,20180720,1621,1631,,Sun-Exposed,73,UD4H,20,1,1,,1,,,,,1,,,,,,,,1,,,1,,,,,,,,,,,,,,1,,,1,,,,,,,
"2,196",2018 People Staying Counts,SLU3,Weekday2_Evening,Weekday,Evening,20180720,1621,1631,,Sun-Exposed,73,UD4H,21,1,1,,1,,1,,,,,,,,,,,,1,,,,1,,,,,,,,,,,,1,,,,,,,,,,
"2,197",2018 People Staying Counts,SLU3,Weekday2_Evening,Weekday,Evening,20180720,1621,1631,,Sun-Exposed,73,UD4H,22,1,1,1,,,1,,,,,,,,,,,1,,,,,1,,,,,,,,,,,,1,,,1,,,,,,,
"2,198",2018 People Staying Counts,SLU3,Weekday2_Evening,Weekday,Evening,20180720,1621,1631,,Sun-Exposed,73,UD4H,23,1,1,1,,,1,,,,,,,,,,,,1,,1,,,,,,,,,,,,,,,,1,1,,,,,,,
"2,199",2018 People Staying Counts,SLU3,Weekday2_Evening,Weekday,Evening,20180720,1621,1631,,Sun-Exposed,73,UD4H,24,1,1,,1,,1,,,,,,,,,,,1,,,,,1,,,,,,,,,,,,,,,1,,,,,,,
"2,200",2018 People Staying Counts,SLU3,Weekday2_Evening,Weekday,Evening,20180720,1621,1631,,Sun-Exposed,73,UD4H,25,1,2,1,,,1,,,,,,,,,,,1,,,1,,,,,,,,,,,,1,,,,,1,,,,,,,
"2,201",2018 People Staying Counts,SLU3,Weekday2_Evening,Weekday,Evening,20180720,1621,1631,,Sun-Exposed,73,UD4H,26,1,2,,1,,1,,,,,,,,,,,1,,,1,,,,,,,,,,,,1,,,,,1,,,,,,,
"2,202",2018 People Staying Counts,SLU3,Weekday2_Evening,Weekday,Evening,20180720,1621,1631,,Sun-Exposed,73,UD4H,27,1,1,1,,,,,,1,,,,,,,1,,,,1,,,,,,,,,,,,,,1,,,1,,,,,,,
"2,203",2018 People Staying Counts,SLU3,Weekday2_Evening,Weekday,Evening,20180720,1621,1631,,Sun-Exposed,73,UD4H,28,1,1,1,,,,,,1,,,,,,,1,,,,1,,,,,,,,,,,,,,,,1,1,,,,,,,
"2,204",2018 People Staying Counts,SLU3,Weekday2_Evening,Weekday,Evening,20180720,1621,1631,,Sun-Exposed,73,UD4H,29,1,1,1,,,,,,,,1,,,,,,1,,,1,,,,,,,,,,,,,,,,1,1,,,,,,,
"2,205",2018 People Staying Counts,SLU3,Weekday2_Evening,Weekday,Evening,20180720,1621,1631,,Sun-Exposed,73,UD4H,30,1,1,,1,,1,,,,,,,,,,,1,,,,,1,,,,,,,,,,,,,,1,1,,,,,,,
"2,206",2018 People Staying Counts,SLU3,Weekday2_Evening,Weekday,Evening,20180720,1621,1631,,Sun-Exposed,73,UD4H,31,1,1,1,,,1,,,,,,,,,,,1,,,1,,,,,,,,,,,,,,1,,,1,,,,,,,
"2,207",2018 People Staying Counts,SLU3,Weekend_Midday,Weekend,Midday,20180721,1221,1231,event:roadwork_construction,Sun-Shaded,70,UD4H,1,1,1,1,,,1,,,,,,,,,,,,1,,,,1,,,,,,,,,,,,1,,,,,,,,,,
"2,208",2018 People Staying Counts,SLU3,Weekend_Midday,Weekend,Midday,20180721,1221,1231,event:roadwork_construction,Sun-Shaded,70,UD4H,2,1,1,1,,,,,,1,,,,,,,,1,,,,1,,,,,,,,,,,,,,,,,1,,,,,,
"2,209",2018 People Staying Counts,SLU3,Weekend_Midday,Weekend,Midday,20180721,1221,1231,event:roadwork_construction,Sun-Shaded,70,UD4H,3,1,1,1,,,1,,,,,,,,,,,1,,,1,,,,,,,,,,,,1,,,,,,,,,,,,
"2,210",2018 People Staying Counts,SLU3,Weekend_Midday,Weekend,Midday,20180721,1221,1231,event:roadwork_construction,Sun-Shaded,70,UD4H,4,1,1,,1,,,,,1,,,,,,,,1,,,1,,,,,,,,,,,,,,,,,1,,,,,,,
"2,211",2018 People Staying Counts,SLU3,Weekend_Midday,Weekend,Midday,20180721,1221,1231,event:roadwork_construction,Sun-Shaded,70,UD4H,5,1,1,1,,,1,,,,,,,,,,,1,,,1,,,,,,,,,,,,,,,,,1,,,,,,,
"2,212",2018 People Staying Counts,SLU3,Weekend_Midday,Weekend,Midday,20180721,1221,1231,event:roadwork_construction,Sun-Shaded,70,UD4H,6,1,1,1,,,1,,,,,,,,,,,,1,,,1,,,,,,,,,,,,,,,1,,,,,,,,
"2,213",2018 People Staying Counts,SLU3,Weekend_Midday,Weekend,Midday,20180721,1221,1231,event:roadwork_construction,Sun-Shaded,70,UD4H,7,1,1,1,,,1,,,,,,,,,,,1,,,1,,,,,,,,,,,,,,,,1,,,,,,,,
"2,214",2018 People Staying Counts,SLU3,Weekend_Midday,Weekend,Midday,20180721,1221,1231,event:roadwork_construction,Sun-Shaded,70,UD4H,8,1,1,,1,,1,,,,,,,,,,,,1,,,,,,1,,,1,,,,,1,,,,,,,,,,1,1,
"2,215",2018 People Staying Counts,SLU3,Weekend_Evening,Weekend,Evening,20180721,1625,1635,event:roadwork_construction,Sun-Shaded,76,UD4H,1,1,1,1,,,1,,,,,,,,,,,1,,,,,1,,,,,,,,,,1,,,,,,,1,,,1,1,
"2,216",2018 People Staying Counts,SLU3,Weekend_Evening,Weekend,Evening,20180721,1625,1635,event:roadwork_construction,Sun-Shaded,76,UD4H,2,1,1,1,,,1,,,,,,,,,,,1,,,1,,,,,,,,,,,,,,,1,,,,,,,,,
"2,217",2018 People Staying Counts,SLU3,Weekend_Evening,Weekend,Evening,20180721,1625,1635,event:roadwork_construction,Sun-Shaded,76,UD4H,3,1,1,,1,,1,,,,,,,,,,,1,,,1,,,,,,,,,,,,,,1,,,,,,,,,,
"2,218",2018 People Staying Counts,SLU3,Weekend_Evening,Weekend,Evening,20180721,1625,1635,event:roadwork_construction,Sun-Shaded,76,UD4H,4,1,1,,1,,,,,,,,1,,,,1,,,,,,1,,,,,,,,,,,,1,,,1,,,,,,,
"2,219",2018 People Staying Counts,SLU3,Weekend_Evening,Weekend,Evening,20180721,1625,1635,event:roadwork_construction,Sun-Shaded,76,UD4H,5,1,1,1,,,,,,1,,,,,,,,1,,,,,1,,,,,,,,,1,,,1,,,1,,,,,,,
"2,220",2018 People Staying Counts,SLU3,Weekend_Evening,Weekend,Evening,20180721,1625,1635,event:roadwork_construction,Sun-Shaded,76,UD4H,6,1,3,1,,,1,,,,,,,,,,,1,,,1,,,,,,,,,,,,1,,,,,,,,,,,,
"2,221",2018 People Staying Counts,SLU3,Weekend_Evening,Weekend,Evening,20180721,1625,1635,event:roadwork_construction,Sun-Shaded,76,UD4H,7,1,3,1,,,1,,,,,,,,,,,1,,,1,,,,,,,,,,,,1,,,,,,,,,,,,
"2,222",2018 People Staying Counts,SLU3,Weekend_Evening,Weekend,Evening,20180721,1625,1635,event:roadwork_construction,Sun-Shaded,76,UD4H,8,1,3,1,,,1,,,,,,,,,,,1,,,1,,,,,,,,,,,,1,,,,,,,,,,,,
"2,223",2018 People Staying Counts,SLU3,Weekday2_Morning,Weekday,Morning,20180725,0829,0839,,Sun-Shaded,64,UD4H,1,1,2,1,,,,,,,,1,,,,,,1,,,,,1,,,,,,,,,,,,,,,,,1,,,,,
"2,224",2018 People Staying Counts,SLU3,Weekday2_Morning,Weekday,Morning,20180725,0829,0839,,Sun-Shaded,64,UD4H,2,1,2,1,,,,,,,,1,,,,,,1,,,,,1,,,,,,,,,,,,,,,,,1,,,,,
"2,225",2018 People Staying Counts,SLU3,Weekday2_Morning,Weekday,Morning,20180725,0829,0839,,Sun-Shaded,64,UD4H,3,1,1,,1,,,1,,,,,,,,,,1,,,,,1,,,,,,,,,,,,,,1,1,,,,,,,
"2,226",2018 People Staying Counts,SLU3,Weekday2_Morning,Weekday,Morning,20180725,0829,0839,,Sun-Shaded,64,UD4H,4,1,1,1,,,,,,,,1,,,,,,1,,,1,,,,,,,,,,,,1,,,,,,,,,,,,
"2,227",2018 People Staying Counts,SLU3,Weekday2_Morning,Weekday,Morning,20180725,0829,0839,,Sun-Shaded,64,UD4H,5,1,1,,1,,1,,,,,,,,,,,1,,,1,,,,,,,,,,,,,,1,,,,,,,,,,
"2,228",2018 People Staying Counts,SLU3,Weekday2_Morning,Weekday,Morning,20180725,0829,0839,,Sun-Shaded,64,UD4H,6,1,1,,1,,1,,,,,,,,,,,1,,,1,,,,,,,,,,1,,,,,,,,,,,,,,
"2,229",2018 People Staying Counts,SLU3,Weekday2_Morning,Weekday,Morning,20180725,0829,0839,,Sun-Shaded,64,UD4H,7,1,1,1,,,1,,,,,,,,,,,,1,,,,1,,,,,,,,,,,,1,,,,,1,,,,,
"2,230",2018 People Staying Counts,SLU3,Weekday2_Morning,Weekday,Morning,20180725,0829,0839,,Sun-Shaded,64,UD4H,8,1,1,1,,,1,,,,,,,,,,1,,,,,,1,,,,,,,,,,,,1,1,,1,,,,,,,
"2,231",2018 People Staying Counts,WES1,Weekday1_Morning,Weekday,Morning,20180830,0829,0839,,Light Clouds,63,UD4H,1,1,2,1,,,1,,,,,,,,,,,1,,,1,,,,,,,,,,1,,1,,,,,,,,,,,,
"2,232",2018 People Staying Counts,WES1,Weekday1_Morning,Weekday,Morning,20180830,0829,0839,,Light Clouds,63,UD4H,2,1,2,1,,,1,,,,,,,,,,,1,,,1,,,,,,,,,,1,,1,,,,,,,,,,,,
"2,233",2018 People Staying Counts,WES1,Weekday1_Morning,Weekday,Morning,20180830,0829,0839,,Light Clouds,63,UD4H,3,1,1,,1,,1,,,,,,,,,,,,1,,1,,,,,,,,,1,1,1,,,,,,,,,,,,,
"2,234",2018 People Staying Counts,WES1,Weekday1_Morning,Weekday,Morning,20180830,0829,0839,,Light Clouds,63,UD4H,4,1,1,1,,,1,,,,,,,,,,,1,,,1,,,,,,,,,,,,,,1,,,,,,,,,,
"2,235",2018 People Staying Counts,WES1,Weekday1_Morning,Weekday,Morning,20180830,0829,0839,,Light Clouds,63,UD4H,5,1,1,,1,,1,,,,,,,,,,,,1,,1,,,,,,,,,,1,,,,,,,,,,,,,,
"2,236",2018 People Staying Counts,WES1,Weekday1_Midday,Weekday,Midday,20180830,1227,1237,,Light Clouds,68,UD4H,1,1,3,1,,,,,,1,,,,,,,,,,1,1,,,,,,,,,,1,,1,,,,,,,,,,,,
"2,237",2018 People Staying Counts,WES1,Weekday1_Midday,Weekday,Midday,20180830,1227,1237,,Light Clouds,68,UD4H,2,1,3,1,,,1,,,,,,,,,,,,,1,1,,,,,,,,,,1,,1,,,,,,,,,,,,
"2,238",2018 People Staying Counts,WES1,Weekday1_Midday,Weekday,Midday,20180830,1227,1237,,Light Clouds,68,UD4H,3,1,3,1,,,1,,,,,,,,,,,,,1,1,,,,,,,,,,1,,1,,,,,,,,,,,,
"2,239",2018 People Staying Counts,WES1,Weekday1_Midday,Weekday,Midday,20180830,1227,1237,,Light Clouds,68,UD4H,4,1,1,,1,,,,,1,,,,,,,,1,,,1,,,,,,,,,,,,,,1,,,,,,,,,,
"2,240",2018 People Staying Counts,WES1,Weekday1_Midday,Weekday,Midday,20180830,1227,1237,,Light Clouds,68,UD4H,5,1,1,,1,,1,,,,,,,,,,,,1,,1,,,,,,,,,,1,,,,,,,,,,,,,,
"2,241",2018 People Staying Counts,WES1,Weekday1_Midday,Weekday,Midday,20180830,1227,1237,,Light Clouds,68,UD4H,6,1,1,,1,,1,,,,,,,,,,,,,1,1,,,,,,,,,,,,1,,,,,,,,,,,,
"2,242",2018 People Staying Counts,WES1,Weekday1_Midday,Weekday,Midday,20180830,1227,1237,,Light Clouds,68,UD4H,7,1,1,1,,,1,,,,,,,,,,,1,,,1,,,,,,,,,,,,,,,,1,,,,,,,,
"2,243",2018 People Staying Counts,WES1,Weekday1_Midday,Weekday,Midday,20180830,1227,1237,,Light Clouds,68,UD4H,8,1,1,,1,,1,,,,,,,,,,,,,1,1,,,,,,,,,1,,1,1,,,,,,,,,,,,
"2,244",2018 People Staying Counts,WES1,Weekday1_Midday,Weekday,Midday,20180830,1227,1237,,Light Clouds,68,UD4H,9,1,2,,1,,1,,,,,,,,,,,1,,,1,,,,,,,,,,,,1,,,,1,,,,,,,,
"2,245",2018 People Staying Counts,WES1,Weekday1_Midday,Weekday,Midday,20180830,1227,1237,,Light Clouds,68,UD4H,10,1,2,,,1,1,,,,,,,,1,,,,,,,,,,1,,,,,,,,,,,,1,,,,,,,,
"2,246",2018 People Staying Counts,WES1,Weekday1_Evening,Weekday,Evening,20180830,1626,1636,,Light Clouds,70,UD4H,1,1,2,1,,,1,,,,,,,,,,,,,1,,1,,,,,,,,,,,1,,,,,,,,,,,,
"2,247",2018 People Staying Counts,WES1,Weekday1_Evening,Weekday,Evening,20180830,1626,1636,,Light Clouds,70,UD4H,2,1,2,,1,,,,,1,,,,,,,,,,1,1,,,,,,,,,,,,1,,,,,,,,,,,,
"2,248",2018 People Staying Counts,WES1,Weekday1_Evening,Weekday,Evening,20180830,1626,1636,,Light Clouds,70,UD4H,3,1,2,1,,,1,,,,,,,,,,,,,1,1,,,,,,,,,,,,1,,1,,,,,,,,,,
"2,249",2018 People Staying Counts,WES1,Weekday1_Evening,Weekday,Evening,20180830,1626,1636,,Light Clouds,70,UD4H,4,1,2,,1,,1,,,,,,,,,,,,,1,,1,,,,,,,,,,,1,,,,,,,,,,,,
"2,250",2018 People Staying Counts,WES1,Weekday1_Evening,Weekday,Evening,20180830,1626,1636,,Light Clouds,70,UD4H,5,1,2,1,,,1,,,,,,,,,,,,1,,1,,,,,,,,,,,,1,,,,,,,,,,,,
"2,251",2018 People Staying Counts,WES1,Weekday1_Evening,Weekday,Evening,20180830,1626,1636,,Light Clouds,70,UD4H,6,1,1,,1,,1,,,,,,,,,,,1,,,1,,,,,,,,,,,,1,,,,,,,,,,,,
"2,252",2018 People Staying Counts,WES1,Weekday1_Evening,Weekday,Evening,20180830,1626,1636,,Light Clouds,70,UD4H,7,1,2,1,,,1,,,,,,,,,,,,1,,1,,,,,,,,,,,,1,,,,,,,,,,,,
"2,253",2018 People Staying Counts,WES1,Weekday1_Evening,Weekday,Evening,20180830,1626,1636,,Light Clouds,70,UD4H,8,1,5,,1,,1,,,,,,,,,,,,,1,1,,,,,,,,,,1,,1,,,,,,,,,,,,
"2,254",2018 People Staying Counts,WES1,Weekday1_Evening,Weekday,Evening,20180830,1626,1636,,Light Clouds,70,UD4H,9,1,5,,1,,1,,,,,,,,,,,1,,,1,,,,,,,,,,1,,1,,,,,,,,,,,,
"2,255",2018 People Staying Counts,WES1,Weekday1_Evening,Weekday,Evening,20180830,1626,1636,,Light Clouds,70,UD4H,10,1,5,,,1,,,,,,,,1,1,,,,,,,,,,1,,,,,,,,,,,,1,,,,,,,,
"2,256",2018 People Staying Counts,WES1,Weekday1_Evening,Weekday,Evening,20180830,1626,1636,,Light Clouds,70,UD4H,11,1,5,1,,,1,,,,,,,,,,,,,1,1,,,,,,,,,,1,,,,,,1,,,,,,,,
"2,257",2018 People Staying Counts,WES1,Weekday1_Evening,Weekday,Evening,20180830,1626,1636,,Light Clouds,70,UD4H,12,1,5,1,,,1,,,,,,,,1,,,,,,1,,,,,,,,,,,,,,,,1,,,,,,,,
"2,258",2018 People Staying Counts,WES1,Weekday1_Evening,Weekday,Evening,20180830,1626,1636,,Light Clouds,70,UD4H,13,1,2,1,,,1,,,,,,,,,,,1,,,1,,,,,,,,,,1,,1,,,,,,,,,,,,
"2,259",2018 People Staying Counts,WES1,Weekday1_Evening,Weekday,Evening,20180830,1626,1636,,Light Clouds,70,UD4H,14,1,2,,1,,1,,,,,,,,,,,1,,,1,,,,,,,,,,1,,1,,1,1,,,,,,,,,
"2,260",2018 People Staying Counts,WES1,Weekday1_Evening,Weekday,Evening,20180830,1626,1636,,Light Clouds,70,UD4H,15,1,1,1,,,1,,,,,,,,,,,,1,,1,,,,,,,,,,,,1,,,,1,,,1,,,,,
"2,261",2018 People Staying Counts,WES1,Weekday1_Evening,Weekday,Evening,20180830,1626,1636,,Light Clouds,70,UD4H,16,1,1,,1,,1,,,,,,,,,,1,,,,1,,,,,,,,,,,,,,1,,,,,,,,,,
"2,262",2018 People Staying Counts,WES1,Weekday1_Evening,Weekday,Evening,20180830,1626,1636,,Light Clouds,70,UD4H,17,1,2,,1,,,,,,,1,,,,,,1,,,1,,,,,,,,,,1,,1,,,,,,,,,,,,
"2,263",2018 People Staying Counts,WES1,Weekday1_Evening,Weekday,Evening,20180830,1626,1636,,Light Clouds,70,UD4H,18,1,2,,1,,,,,,,1,,,,,,1,,,1,,,,,,,,,,1,,1,,,,,,,,,,,,
"2,264",2018 People Staying Counts,WES1,Weekday2_Morning,Weekday,Morning,20180831,0829,0839,,Sun-Shaded,61,UD4H,1,1,1,1,,,1,,,,,,,,,,,,1,,1,,,,,,,,,,,,,,1,,,,,,,,,,
"2,265",2018 People Staying Counts,WES1,Weekday2_Morning,Weekday,Morning,20180831,0829,0839,,Sun-Shaded,61,UD4H,2,1,1,1,,,1,,,,,,,,,,,,1,,1,,,,,,,,,,,,,,1,,,,,,,,,,
"2,266",2018 People Staying Counts,WES1,Weekday2_Morning,Weekday,Morning,20180831,0829,0839,,Sun-Shaded,61,UD4H,3,1,1,1,,,,1,,,,,,,,1,,,,,1,,,,,,,,,,,,,,,,,,1,,,,,,
"2,267",2018 People Staying Counts,WES1,Weekday2_Morning,Weekday,Morning,20180831,0829,0839,,Sun-Shaded,61,UD4H,4,1,1,,1,,1,,,,,,,,,,,1,,,,1,,,,,,,,,,,,,1,,,,,,,,,,
"2,268",2018 People Staying Counts,WES1,Weekday2_Midday,Weekday,Midday,20180831,1226,1236,,Light Clouds,65,UD4H,1,1,1,,1,,,,,1,,,,,,,,,1,,1,,,,,,,,,,,,1,,1,,,,,,,,,,
"2,269",2018 People Staying Counts,WES1,Weekday2_Midday,Weekday,Midday,20180831,1226,1236,,Light Clouds,65,UD4H,2,1,1,1,,,1,,,,,,,,,,,,,1,1,,,,,,,,,,1,,,,,,,,,,,,,,
"2,270",2018 People Staying Counts,WES1,Weekday2_Midday,Weekday,Midday,20180831,1226,1236,,Light Clouds,65,UD4H,3,1,2,1,,,1,,,,,,,,,,,,1,,1,,,,,,,,,,,,1,,,,,,,,,,,,
"2,271",2018 People Staying Counts,WES1,Weekday2_Midday,Weekday,Midday,20180831,1226,1236,,Light Clouds,65,UD4H,4,1,2,1,,,,,,1,,,,,,,,,1,,1,,,,,,,,,,,,1,,,,,,,,,,,,
"2,272",2018 People Staying Counts,WES1,Weekday2_Midday,Weekday,Midday,20180831,1226,1236,,Light Clouds,65,UD4H,5,1,1,1,,,1,,,,,,,,,,,,,1,1,,,,,,,,,,1,,,,,,,,,,,,,,
"2,273",2018 People Staying Counts,WES1,Weekday2_Midday,Weekday,Midday,20180831,1226,1236,,Light Clouds,65,UD4H,6,1,1,1,,,1,,,,,,,,,,,1,,,1,,,,,,,,,,,,,,1,,1,,,,,,,,
"2,274",2018 People Staying Counts,WES1,Weekday2_Midday,Weekday,Midday,20180831,1226,1236,,Light Clouds,65,UD4H,7,1,1,1,,,1,,,,,,,,,,,1,,,1,,,,,,,,,,,,,,1,,,,,,,,,,
"2,275",2018 People Staying Counts,WES1,Weekday2_Midday,Weekday,Midday,20180831,1226,1236,,Light Clouds,65,UD4H,8,1,3,1,,,1,,,,,,,,,1,,,,,1,,,,,,,,,,1,,1,,,,1,,,,,,,,
"2,276",2018 People Staying Counts,WES1,Weekday2_Midday,Weekday,Midday,20180831,1226,1236,,Light Clouds,65,UD4H,9,1,3,1,,,1,,,,,,,,,1,,,,,1,,,,,,,,,,1,,1,,,,1,,,,,,,,
"2,277",2018 People Staying Counts,WES1,Weekday2_Midday,Weekday,Midday,20180831,1226,1236,,Light Clouds,65,UD4H,10,1,3,1,,,1,,,,,,,,,,,,1,,1,,,,,,,,,,1,,1,,,,,,,,,,,,
"2,278",2018 People Staying Counts,WES1,Weekday2_Midday,Weekday,Midday,20180831,1226,1236,,Light Clouds,65,UD4H,11,1,1,1,,,,,,1,,,,,,,,1,,,1,,,,,,,,,,1,,,,,,,,,,,,,,
"2,279",2018 People Staying Counts,WES1,Weekday2_Midday,Weekday,Midday,20180831,1226,1236,,Light Clouds,65,UD4H,12,1,1,1,,,1,,,,,,,,,,,1,,,1,,,,,,,,,,,,,,1,,,,,,,,,,
"2,280",2018 People Staying Counts,WES1,Weekday2_Midday,Weekday,Midday,20180831,1226,1236,,Light Clouds,65,UD4H,13,1,1,1,,,,,,1,,,,,,,,1,,,1,,,,,,,,,,,,,,1,,,,,,,,,,
"2,281",2018 People Staying Counts,WES1,Weekday2_Evening,Weekday,Evening,20180831,1627,1637,,Light Clouds,68,UD4H,1,1,2,1,,,1,,,,,,,,,,,,1,,1,,,,,,,,,1,1,1,1,,1,,,,,,,,,,
"2,282",2018 People Staying Counts,WES1,Weekday2_Evening,Weekday,Evening,20180831,1627,1637,,Light Clouds,68,UD4H,2,1,2,,1,,,,1,,,,,,,,,,1,,1,,,,,,,,,1,1,1,1,,,,,,,,,,,,
"2,283",2018 People Staying Counts,WES1,Weekday2_Evening,Weekday,Evening,20180831,1627,1637,,Light Clouds,68,UD4H,3,1,1,,1,,1,,,,,,,,,,,,1,,,1,,,,,,,,1,1,1,,,,,,,,,,,,,
"2,284",2018 People Staying Counts,WES1,Weekday2_Evening,Weekday,Evening,20180831,1627,1637,,Light Clouds,68,UD4H,4,1,2,1,,,1,,,,,,,,,,,1,,,1,,,,,,,,,1,1,1,1,,,,,,,,,,,,
"2,285",2018 People Staying Counts,WES1,Weekday2_Evening,Weekday,Evening,20180831,1627,1637,,Light Clouds,68,UD4H,5,1,2,,1,,1,,,,,,,,,,,1,,,1,,,,,,,,,1,1,1,1,,,,,,,,,,,,
"2,286",2018 People Staying Counts,WES1,Weekday2_Evening,Weekday,Evening,20180831,1627,1637,,Light Clouds,68,UD4H,6,1,2,1,,,1,,,,,,,,,,,1,,,1,,,,,,,,,1,1,1,1,,,,,,,,,,,,
"2,287",2018 People Staying Counts,WES1,Weekday2_Evening,Weekday,Evening,20180831,1627,1637,,Light Clouds,68,UD4H,7,1,2,,1,,1,,,,,,,,,,,1,,,1,,,,,,,,,1,1,1,1,,,,,,,,,,,,
"2,288",2018 People Staying Counts,WES1,Weekday2_Evening,Weekday,Evening,20180831,1627,1637,,Light Clouds,68,UD4H,8,1,2,1,,,1,,,,,,,,,,,,1,,1,,,,,,,,,1,1,1,1,,,,,,,,,,,,
"2,289",2018 People Staying Counts,WES1,Weekday2_Evening,Weekday,Evening,20180831,1627,1637,,Light Clouds,68,UD4H,9,1,2,,1,,1,,,,,,,,,,,,1,,1,,,,,,,,,1,1,1,1,,,,,,,,,,,,
"2,290",2018 People Staying Counts,WES1,Weekday2_Evening,Weekday,Evening,20180831,1627,1637,,Light Clouds,68,UD4H,10,1,2,1,,,,,,1,,,,,,,,1,,,1,,,,,,,,,1,1,1,1,,,,,,,,,,,,
"2,291",2018 People Staying Counts,WES1,Weekday2_Evening,Weekday,Evening,20180831,1627,1637,,Light Clouds,68,UD4H,11,1,2,,1,,1,,,,,,,,,,,1,,,1,,,,,,,,,1,1,1,1,,,,,,,,,,,,
"2,292",2018 People Staying Counts,WES1,Weekday2_Evening,Weekday,Evening,20180831,1627,1637,,Light Clouds,68,UD4H,12,1,2,,1,,1,,,,,,,,,,,1,,,1,,,,,,,,,,,,1,,,,1,,,,,,,,
"2,293",2018 People Staying Counts,WES1,Weekday2_Evening,Weekday,Evening,20180831,1627,1637,,Light Clouds,68,UD4H,13,1,2,,1,,1,,,,,,,,1,,,,,,1,,,,,,,,,,,,1,,,,1,,,,,,,,
"2,294",2018 People Staying Counts,WES1,Weekday2_Evening,Weekday,Evening,20180831,1627,1637,,Light Clouds,68,UD4H,14,1,2,,1,,1,,,,,,,,,,,1,,,1,,,,,,,,,1,,1,1,,,,,,,,,,,,
"2,295",2018 People Staying Counts,WES1,Weekday2_Evening,Weekday,Evening,20180831,1627,1637,,Light Clouds,68,UD4H,15,1,2,,1,,1,,,,,,,,,,,1,,,,,1,,,,,,,,,,1,,1,,,,,,,,,,
"2,296",2018 People Staying Counts,WES1,Weekday2_Evening,Weekday,Evening,20180831,1627,1637,,Light Clouds,68,UD4H,16,1,4,1,,,1,,,,,,,,,,,,1,,1,,,,,,,,,,1,,1,,,,,,,,,,,,
"2,297",2018 People Staying Counts,WES1,Weekday2_Evening,Weekday,Evening,20180831,1627,1637,,Light Clouds,68,UD4H,17,1,4,,1,,1,,,,,,,,,,,,1,,1,,,,,,,,,,1,,1,,,,,,,,,,,,
"2,298",2018 People Staying Counts,WES1,Weekday2_Evening,Weekday,Evening,20180831,1627,1637,,Light Clouds,68,UD4H,18,1,4,1,,,1,,,,,,,,,,,1,,,1,,,,,,,,,,1,,1,,,,,,,,,,,,
"2,299",2018 People Staying Counts,WES1,Weekday2_Evening,Weekday,Evening,20180831,1627,1637,,Light Clouds,68,UD4H,19,1,4,,1,,1,,,,,,,,,,,1,,,1,,,,,,,,,,1,,1,,,,,,,,,,,,
"2,300",2018 People Staying Counts,WES1,Weekday2_Evening,Weekday,Evening,20180831,1627,1637,,Light Clouds,68,UD4H,20,1,1,,1,,1,,,,,,,,,,,,1,,1,,,,,,,,,,1,,,,,,,,,,,,,,
"2,301",2018 People Staying Counts,WES1,Weekend_Midday,Weekend,Midday,20180901,1227,1237,,Sun-Shaded,63,UD4H,1,1,2,1,,,1,,,,,,,,,,,1,,,1,,,,,,,,,,,,1,,,,1,,,,,,,,
"2,302",2018 People Staying Counts,WES1,Weekend_Midday,Weekend,Midday,20180901,1227,1237,,Sun-Shaded,63,UD4H,2,1,2,,1,,1,,,,,,,,1,,,,,,,,,,1,,,,,,,,1,,,,1,,,,,,,,
"2,303",2018 People Staying Counts,WES1,Weekend_Midday,Weekend,Midday,20180901,1227,1237,,Sun-Shaded,63,UD4H,3,1,4,1,,,1,,,,,,,,,,,1,,,1,,,,,,,,,,,,1,,,,,,,1,,,,,
"2,304",2018 People Staying Counts,WES1,Weekend_Midday,Weekend,Midday,20180901,1227,1237,,Sun-Shaded,63,UD4H,4,1,4,,1,,1,,,,,,,,,,,1,,,1,,,,,,,,,,,,,,,,1,,,,,,,,
"2,305",2018 People Staying Counts,WES1,Weekend_Midday,Weekend,Midday,20180901,1227,1237,,Sun-Shaded,63,UD4H,5,1,4,,1,,1,,,,,,,,,,,,1,,1,,,,,,,,,,,,1,,,,,,,,,,,,
"2,306",2018 People Staying Counts,WES1,Weekend_Midday,Weekend,Midday,20180901,1227,1237,,Sun-Shaded,63,UD4H,6,1,4,,1,,1,,,,,,,,,,,1,,,1,,,,,,,,,,,,1,,,,,,,,,,,,
"2,307",2018 People Staying Counts,WES1,Weekend_Midday,Weekend,Midday,20180901,1227,1237,,Sun-Shaded,63,UD4H,7,1,1,,1,,1,,,,,,,,,,,,1,,1,,,,,,,,,,1,,,,,,,,,,,,,,
"2,308",2018 People Staying Counts,WES1,Weekend_Midday,Weekend,Midday,20180901,1227,1237,,Sun-Shaded,63,UD4H,8,1,1,,1,,1,,,,,,,,,,,1,,,1,,,,,,,,,,,,,,1,,,,,,,,,,
"2,309",2018 People Staying Counts,WES1,Weekend_Midday,Weekend,Midday,20180901,1227,1237,,Sun-Shaded,63,UD4H,9,1,2,,1,,,,,1,,,,,,,,1,,,1,,,,,,,,,,1,,1,,,,,,,1,,,,,
"2,310",2018 People Staying Counts,WES1,Weekend_Midday,Weekend,Midday,20180901,1227,1237,,Sun-Shaded,63,UD4H,10,1,2,1,,,,,,1,,,,,,,,1,,,1,,,,,,,,,,1,,1,,,,,,,,,,,,
"2,311",2018 People Staying Counts,WES1,Weekend_Midday,Weekend,Midday,20180901,1227,1237,,Sun-Shaded,63,UD4H,11,1,2,1,,,1,,,,,,,,,,,,1,,1,,,,,,,,,,1,,1,,,,,,,,,,,,
"2,312",2018 People Staying Counts,WES1,Weekend_Midday,Weekend,Midday,20180901,1227,1237,,Sun-Shaded,63,UD4H,12,1,2,,1,,1,,,,,,,,,,,,1,,1,,,,,,,,,,1,,1,,,,,,,,,,,,
"2,313",2018 People Staying Counts,WES1,Weekend_Midday,Weekend,Midday,20180901,1227,1237,,Sun-Shaded,63,UD4H,13,1,2,1,,,1,,,,,,,,,,,,1,,1,,,,,,,,,,1,,1,,,,,,,,,,,,
"2,314",2018 People Staying Counts,WES1,Weekend_Midday,Weekend,Midday,20180901,1227,1237,,Sun-Shaded,63,UD4H,14,1,2,1,,,1,,,,,,,,,,,1,,,1,,,,,,,,,,,,1,,,,,,,,,,,,
"2,315",2018 People Staying Counts,WES1,Weekend_Evening,Weekend,Evening,20180901,1634,1644,event:accidents_emergency,Sun-Exposed,70,UD4H,1,1,2,1,,,1,,,,,,,,,,,1,,,1,,,,,,,,,,,,1,,,,1,,,,,,,,
"2,316",2018 People Staying Counts,WES1,Weekend_Evening,Weekend,Evening,20180901,1634,1644,event:accidents_emergency,Sun-Exposed,70,UD4H,2,1,2,1,,,1,,,,,,,,1,,,,,,,,,,1,,,,,,,,,,,,1,,,,,,,,
"2,317",2018 People Staying Counts,WES1,Weekend_Evening,Weekend,Evening,20180901,1634,1644,event:accidents_emergency,Sun-Exposed,70,UD4H,3,1,2,,1,,1,,,,,,,,,,,,1,,1,,,,,,,,,,1,,1,,,,,,,,,,,,
"2,318",2018 People Staying Counts,WES1,Weekend_Evening,Weekend,Evening,20180901,1634,1644,event:accidents_emergency,Sun-Exposed,70,UD4H,4,1,2,,1,,1,,,,,,,,,,,,,1,1,,,,,,,,,,1,,1,,,,,,,,,,,,
"2,319",2018 People Staying Counts,WES1,Weekend_Evening,Weekend,Evening,20180901,1634,1644,event:accidents_emergency,Sun-Exposed,70,UD4H,5,1,1,,1,,1,,,,,,,,,,,,1,,1,,,,,,,,,,1,,,,,,,,,,,,,,
"2,320",2018 People Staying Counts,WES1,Weekend_Evening,Weekend,Evening,20180901,1634,1644,event:accidents_emergency,Sun-Exposed,70,UD4H,6,1,1,1,,,1,,,,,,,,,,,1,,,1,,,,,,,,,,,,,,1,,1,,,,,,,,
"2,321",2018 People Staying Counts,WES1,Weekend_Evening,Weekend,Evening,20180901,1634,1644,event:accidents_emergency,Sun-Exposed,70,UD4H,7,1,2,1,,,,,,1,,,,,,,,,1,,1,,,,,,,,,,1,,1,,,,,,,,,,,,
"2,322",2018 People Staying Counts,WES1,Weekend_Evening,Weekend,Evening,20180901,1634,1644,event:accidents_emergency,Sun-Exposed,70,UD4H,8,1,2,1,,,,,,1,,,,,,,,1,,,1,,,,,,,,,,1,,1,,,,,,,,,,,,
"2,323",2018 People Staying Counts,WES1,Weekend_Evening,Weekend,Evening,20180901,1634,1644,event:accidents_emergency,Sun-Exposed,70,UD4H,9,1,2,,1,,1,,,,,,,,,,,,1,,1,,,,,,,,,1,1,1,,,,,,,,,,,,,
"2,324",2018 People Staying Counts,WES1,Weekend_Evening,Weekend,Evening,20180901,1634,1644,event:accidents_emergency,Sun-Exposed,70,UD4H,10,1,2,,1,,1,,,,,,,,,,,,,1,1,,,,,,,,,1,1,1,,,,,,,,,,,,,
"2,325",2018 People Staying Counts,WES1,Weekend_Evening,Weekend,Evening,20180901,1634,1644,event:accidents_emergency,Sun-Exposed,70,UD4H,11,1,2,1,,,1,,,,,,,,,,,1,,,1,,,,,,,,,,1,,1,,,,,,,,,,,,
"2,326",2018 People Staying Counts,WES1,Weekend_Evening,Weekend,Evening,20180901,1634,1644,event:accidents_emergency,Sun-Exposed,70,UD4H,12,1,2,1,,,1,,,,,,,,,1,,,,,1,,,,,,,,,,,,,,,,1,,,,,,,,
"2,327",2018 People Staying Counts,WES1,Weekend_Evening,Weekend,Evening,20180901,1634,1644,event:accidents_emergency,Sun-Exposed,70,UD4H,13,1,6,1,,,1,,,,,,,,,,,1,,,1,,,,,,,,,,,,1,,,,1,,,,,,,,
"2,328",2018 People Staying Counts,WES1,Weekend_Evening,Weekend,Evening,20180901,1634,1644,event:accidents_emergency,Sun-Exposed,70,UD4H,14,1,6,,1,,1,,,,,,,,,,,,1,,1,,,,,,,,,,,,1,,,,1,,,,,,,,
"2,329",2018 People Staying Counts,WES1,Weekend_Evening,Weekend,Evening,20180901,1634,1644,event:accidents_emergency,Sun-Exposed,70,UD4H,15,1,6,,1,,1,,,,,,,,,,,1,,,1,,,,,,,,,,,,1,,,,1,,,,,,,,
"2,330",2018 People Staying Counts,WES1,Weekend_Evening,Weekend,Evening,20180901,1634,1644,event:accidents_emergency,Sun-Exposed,70,UD4H,16,1,6,1,,,1,,,,,,,,,,,,1,,1,,,,,,,,,,,,1,,,,,,,,,,,,
"2,331",2018 People Staying Counts,WES1,Weekend_Evening,Weekend,Evening,20180901,1634,1644,event:accidents_emergency,Sun-Exposed,70,UD4H,17,1,6,1,,,1,,,,,,,,,,,1,,,1,,,,,,,,,,,,1,,,,,,,,,,,,
"2,332",2018 People Staying Counts,WES1,Weekend_Evening,Weekend,Evening,20180901,1634,1644,event:accidents_emergency,Sun-Exposed,70,UD4H,18,1,6,,1,,1,,,,,,,,,,,1,,,1,,,,,,,,,,,,1,,,,,,,,,,,,
"2,333",2018 People Staying Counts,RAV2,Weekday1_Morning,Weekday,Morning,20180829,0925,0935,,Light Clouds,61,UD4H,1,1,1,,1,,1,,,,,,,,,,,,1,,1,,,,,,,,,,,1,,,1,,,1,,,,,,,
"2,334",2018 People Staying Counts,RAV2,Weekday1_Midday,Weekday,Midday,20180827,1318,1328,,Sun-Shaded,69,UD4H,1,1,2,,1,,1,,,,,,,,,,,1,,,1,,,,,,,,,,,,1,,,,,1,,1,,,,,
"2,335",2018 People Staying Counts,RAV2,Weekday1_Midday,Weekday,Midday,20180827,1318,1328,,Sun-Shaded,69,UD4H,2,1,2,1,,,,,,,,,,1,,,1,,,,1,,,,,,,,,,,,1,,,,,1,,,,,,,
"2,336",2018 People Staying Counts,RAV2,Weekday1_Midday,Weekday,Midday,20180827,1318,1328,,Sun-Shaded,69,UD4H,3,1,1,1,,,,,,1,,,,,,,,1,,,1,,,,,,,,,,,,,,1,,,1,,,,,,,
"2,337",2018 People Staying Counts,RAV2,Weekday1_Evening,Weekday,Evening,20180827,1720,1730,,Sun-Shaded,75,UD4H,1,1,1,,1,,1,,,,,,,,,,1,,,,1,,,,,,,,,,,,,,1,,,1,,,,,,,
"2,338",2018 People Staying Counts,RAV2,Weekday2_Morning,Weekday,Morning,20180828,1003,1013,,Sun-Shaded,65,UD4H,1,1,1,,1,,1,,,,,,,,,,1,,,,1,,,,,,,,,,,,,,1,,,1,,,,,,,
"2,339",2018 People Staying Counts,RAV2,Weekday2_Morning,Weekday,Morning,20180828,1003,1013,,Sun-Shaded,65,UD4H,2,1,1,1,,,,1,,,,,,,,,,1,,,1,,,,,,,,,,,,,,1,,,1,,,,,,,
"2,340",2018 People Staying Counts,RAV2,Weekday2_Morning,Weekday,Morning,20180828,1003,1013,,Sun-Shaded,65,UD4H,3,1,1,1,,,1,,,,,,,,,,,1,,,1,,,,,,,,,,,1,,,1,,,1,,,,,,,
"2,341",2018 People Staying Counts,RAV2,Weekday2_Morning,Weekday,Morning,20180828,1003,1013,,Sun-Shaded,65,UD4H,4,1,1,,1,,,,,,,,,1,,,,1,,,1,,,,,,,,,,,,,,1,,,1,,,,,,,
"2,342",2018 People Staying Counts,RAV2,Weekday2_Midday,Weekday,Midday,20180828,1340,1350,,Sun-Shaded,70,UD4H,1,0,,,,,,,,,,,,,,,,,,,,,,,,,,,,,,,,,,,,,,,,,,,
"2,343",2018 People Staying Counts,RAV2,Weekday2_Evening,Weekday,Evening,20180828,1745,1755,,Sun-Shaded,79,UD4H,1,1,2,,1,,,,,1,,,,,,1,,,,,1,,,,,,,,,,,,1,,1,,,1,,,,,,,
"2,344",2018 People Staying Counts,RAV2,Weekday2_Evening,Weekday,Evening,20180828,1745,1755,,Sun-Shaded,79,UD4H,2,1,2,,1,,1,,,,,,,,,,1,,,,1,,,,,,,,,,,1,1,,1,,,1,,,,,,,
"2,345",2018 People Staying Counts,RAV2,Weekend_Midday,Weekend,Midday,20180901,1342,1352,,Heavy Clouds,64,UD4H,1,1,1,,1,,,1,,,,,,,,,,1,,,1,,,,,,,,,,,,,,1,,,1,,,,,,,
"2,346",2018 People Staying Counts,RAV2,Weekend_Evening,Weekend,Evening,20180901,1729,1739,,Light Clouds,69,UD4H,1,0,,,,,,,,,,,,,,,,,,,,,,,,,,,,,,,,,,,,,,,,,,,
"2,347",2018 People Staying Counts,BLT2,Weekday1_Morning,Weekday,Morning,20180720,0918,0928,,Heavy Clouds,59,UD4H,1,1,1,1,,,1,,,,,,,,,,1,,,,,,1,,,,,,,,,1,,,,,,,,,,,,,
"2,348",2018 People Staying Counts,BLT2,Weekday1_Morning,Weekday,Morning,20180720,0918,0928,,Heavy Clouds,59,UD4H,2,1,1,1,,,,,,1,,,,,,,,,,1,1,,,,,,,,,,,,,,1,,,,,,,,,,
"2,349",2018 People Staying Counts,BLT2,Weekday1_Morning,Weekday,Morning,20180720,0918,0928,,Heavy Clouds,59,UD4H,3,1,1,1,,,,1,,,,,,,,,,,1,,,,1,,,,,,,,,,1,,,1,,,,,,,,,
"2,350",2018 People Staying Counts,BLT2,Weekday1_Morning,Weekday,Morning,20180720,0918,0928,,Heavy Clouds,59,UD4H,4,1,1,1,,,1,,,,,,,,,,,1,,,1,,,,,,,,,,,,1,,,1,,,,,,,,,
"2,351",2018 People Staying Counts,BLT2,Weekday1_Morning,Weekday,Morning,20180720,0918,0928,,Heavy Clouds,59,UD4H,5,1,2,,1,,1,,,,,,,,,,,,1,,,,1,,,,,,,,,,1,,,,,,,,,,,,
"2,352",2018 People Staying Counts,BLT2,Weekday1_Morning,Weekday,Morning,20180720,0918,0928,,Heavy Clouds,59,UD4H,6,1,2,1,,,1,,,,,,,,,,,,1,,1,,,,,,,,,,,,1,,1,,,,,,,,,,
"2,353",2018 People Staying Counts,BLT2,Weekday1_Morning,Weekday,Morning,20180720,0918,0928,,Heavy Clouds,59,UD4H,7,1,2,1,,,,,,1,,,,,,,1,,,,1,,,,,,,,,,,,1,,1,,,,,,,,,,
"2,354",2018 People Staying Counts,BLT2,Weekday1_Morning,Weekday,Morning,20180720,0918,0928,,Heavy Clouds,59,UD4H,8,1,2,,1,,,,,1,,,,,,,1,,,,1,,,,,,,,,,,,1,,1,,,,,,,,,,
"2,355",2018 People Staying Counts,BLT2,Weekday1_Morning,Weekday,Morning,20180720,0918,0928,,Heavy Clouds,59,UD4H,9,1,1,1,,,,,,1,,,,,,,,,1,,1,,,,,,,,,,,,,,,1,,,,,,,,,
"2,356",2018 People Staying Counts,BLT2,Weekday1_Midday,Weekday,Midday,20180720,1315,1325,,Sun-Exposed,67,UD4H,1,1,1,1,,,,1,,,,,,,,,,,,1,,,,,1,,,,,,,,,,,,1,,,,,,,,
"2,357",2018 People Staying Counts,BLT2,Weekday1_Midday,Weekday,Midday,20180720,1315,1325,,Sun-Exposed,67,UD4H,2,1,1,1,,,1,,,,,,,,,,,,1,,,,1,,,,,,,,,,,,1,,,,,1,,,,,
"2,358",2018 People Staying Counts,BLT2,Weekday1_Midday,Weekday,Midday,20180720,1315,1325,,Sun-Exposed,67,UD4H,3,1,1,,1,,1,,,,,,,,,,1,,,,,1,,,,,,,,,,,,,1,,,,,1,,,,,
"2,359",2018 People Staying Counts,BLT2,Weekday1_Midday,Weekday,Midday,20180720,1315,1325,,Sun-Exposed,67,UD4H,4,1,2,,1,,1,,,,,,,,,,,1,,,1,,,,,,,,,,,,1,,,,,,,,,,,,
"2,360",2018 People Staying Counts,BLT2,Weekday1_Midday,Weekday,Midday,20180720,1315,1325,,Sun-Exposed,67,UD4H,5,1,1,,,1,1,,,,,,,,1,,,,,,,1,,,,,,,,,,,,,,1,,,,,,,,,
"2,361",2018 People Staying Counts,BLT2,Weekday1_Midday,Weekday,Midday,20180720,1315,1325,,Sun-Exposed,67,UD4H,6,1,1,,1,,1,,,,,,,,,,,1,,,1,,,,,,,,,,,,,,,1,,,,,,,,,
"2,362",2018 People Staying Counts,BLT2,Weekday1_Midday,Weekday,Midday,20180720,1315,1325,,Sun-Exposed,67,UD4H,7,1,2,1,,,,1,,,,,,,,,,1,,,,,1,,,,,,,,,1,1,,,,,,,,,,,,
"2,363",2018 People Staying Counts,BLT2,Weekday1_Midday,Weekday,Midday,20180720,1315,1325,,Sun-Exposed,67,UD4H,8,1,2,1,,,,,,1,,,,,,,,,,1,1,,,,,,,,,,,,1,,,,,,,,,,,,
"2,364",2018 People Staying Counts,BLT2,Weekday1_Midday,Weekday,Midday,20180720,1315,1325,,Sun-Exposed,67,UD4H,9,1,1,,1,,1,,,,,,,,,,,,1,,,,1,,,,,,,,,,1,,,,,,,1,,,,,
"2,365",2018 People Staying Counts,BLT2,Weekday1_Evening,Weekday,Evening,20180720,1716,1726,,Sun-Shaded,72,UD4H,1,1,2,1,,,1,,,,,,,,,,,1,,,,,,1,,,,,,1,,1,1,,,,,,,,,,,,
"2,366",2018 People Staying Counts,BLT2,Weekday1_Evening,Weekday,Evening,20180720,1716,1726,,Sun-Shaded,72,UD4H,2,1,2,1,,,1,,,,,,,,,,,1,,,,,,1,,,,,,1,,1,1,,,,,,,,,,,,
"2,367",2018 People Staying Counts,BLT2,Weekday1_Evening,Weekday,Evening,20180720,1716,1726,,Sun-Shaded,72,UD4H,3,1,2,1,,,1,,,,,,,,,,,1,,,,,,1,,,,,,1,,1,1,,,,,,,,,,,,
"2,368",2018 People Staying Counts,BLT2,Weekday1_Evening,Weekday,Evening,20180720,1716,1726,,Sun-Shaded,72,UD4H,4,1,2,1,,,1,,,,,,,,,,,1,,,,,,1,,,,,,1,,1,1,,,,,,,,,,,,
"2,369",2018 People Staying Counts,BLT2,Weekday1_Evening,Weekday,Evening,20180720,1716,1726,,Sun-Shaded,72,UD4H,5,1,2,1,,,1,,,,,,,,,,,,1,,,,,1,,,,,,1,,1,1,,1,,,,,,,,,,
"2,370",2018 People Staying Counts,BLT2,Weekday1_Evening,Weekday,Evening,20180720,1716,1726,,Sun-Shaded,72,UD4H,6,1,2,,1,,,1,,,,,,,,,,1,,,,,,1,,,,,,1,,1,1,,1,,,,,,,,,,
"2,371",2018 People Staying Counts,BLT2,Weekday1_Evening,Weekday,Evening,20180720,1716,1726,,Sun-Shaded,72,UD4H,7,1,2,,1,,,,,1,,,,,,,,1,,,,,,1,,,,,,1,,1,1,,1,,,,,,,,,,
"2,372",2018 People Staying Counts,BLT2,Weekday1_Evening,Weekday,Evening,20180720,1716,1726,,Sun-Shaded,72,UD4H,8,1,2,1,,,,,,1,,,,,,,,1,,,,,,1,,,,,,1,1,1,,,1,,,,,,,,,,
"2,373",2018 People Staying Counts,BLT2,Weekday1_Evening,Weekday,Evening,20180720,1716,1726,,Sun-Shaded,72,UD4H,9,1,2,1,,,1,,,,,,,,,,,,,1,,,,1,,,,,,1,,1,1,,,,,,,,,,,,
"2,374",2018 People Staying Counts,BLT2,Weekday1_Evening,Weekday,Evening,20180720,1716,1726,,Sun-Shaded,72,UD4H,10,1,2,,1,,1,,,,,,,,,,,,,1,1,,,,,,,,,1,,,1,,,,,,,,,,,,
"2,375",2018 People Staying Counts,BLT2,Weekday1_Evening,Weekday,Evening,20180720,1716,1726,,Sun-Shaded,72,UD4H,11,1,1,1,,,,1,,,,,,,,,1,,,,,,,,,1,,1,,,,,,,,,1,,,,,,,,
"2,376",2018 People Staying Counts,BLT2,Weekday1_Evening,Weekday,Evening,20180720,1716,1726,,Sun-Shaded,72,UD4H,12,1,2,,1,,1,,,,,,,,,,1,,,,1,,,,,,,,,,,,,1,,1,,,1,,,,,,
"2,377",2018 People Staying Counts,BLT2,Weekday1_Evening,Weekday,Evening,20180720,1716,1726,,Sun-Shaded,72,UD4H,13,1,1,,1,,,,,1,,,,,,,1,,,,1,,,,,,,,,,,,,,1,,,,,,,,,,
"2,378",2018 People Staying Counts,BLT2,Weekday1_Evening,Weekday,Evening,20180720,1716,1726,,Sun-Shaded,72,UD4H,14,1,1,1,,,,,,1,,,,,,,,,1,,,,1,,,,,,,,,,,,,1,,,,,,,,,
"2,379",2018 People Staying Counts,BLT2,Weekday1_Evening,Weekday,Evening,20180720,1716,1726,,Sun-Shaded,72,UD4H,15,1,1,1,,,1,,,,,,,,,,1,,,,1,,,,,,,,,,,,1,1,,,,,1,,,,,,
"2,380",2018 People Staying Counts,BLT2,Weekday1_Evening,Weekday,Evening,20180720,1716,1726,,Sun-Shaded,72,UD4H,16,1,1,1,,,1,,,,,,,,,,,,,1,,,,1,,,,,,1,,1,1,,,,,,,,,,,,
"2,381",2018 People Staying Counts,BLT2,Weekday1_Evening,Weekday,Evening,20180720,1716,1726,,Sun-Shaded,72,UD4H,17,1,1,,1,,1,,,,,,,,,,,,1,,,,,1,,,,,,1,,1,1,,,,,,,,,,,,
"2,382",2018 People Staying Counts,BLT2,Weekday1_Evening,Weekday,Evening,20180720,1716,1726,,Sun-Shaded,72,UD4H,18,1,1,,1,,1,,,,,,,,,,1,,,,,1,,,,,,,,,,,,,1,,,,,1,,,,,
"2,383",2018 People Staying Counts,BLT2,Weekday1_Evening,Weekday,Evening,20180720,1716,1726,,Sun-Shaded,72,UD4H,19,1,1,,1,,1,,,,,,,,,,,,,1,,,1,,,,,,,,,1,,,,,1,,,,,,,,
"2,384",2018 People Staying Counts,BLT2,Weekend_Midday,Weekend,Midday,20180721,1316,1326,,Sun-Shaded,67,UD4H,1,1,2,1,,,1,,,,,,,,,,,1,,,,1,,,,,,,,,,,1,,,,,,,,,,,,
"2,385",2018 People Staying Counts,BLT2,Weekend_Midday,Weekend,Midday,20180721,1316,1326,,Sun-Shaded,67,UD4H,2,1,2,,1,,1,,,,,,,,,,,1,,,,1,,,,,,,,,,,1,,,,,,,,,,,,
"2,386",2018 People Staying Counts,BLT2,Weekend_Midday,Weekend,Midday,20180721,1316,1326,,Sun-Shaded,67,UD4H,3,1,2,,1,,1,,,,,,,,,,,1,,,,,,1,,,,,,1,,,,,,,,,,,,,,,
"2,387",2018 People Staying Counts,BLT2,Weekend_Midday,Weekend,Midday,20180721,1316,1326,,Sun-Shaded,67,UD4H,4,1,2,1,,,1,,,,,,,,,,,1,,,,,,1,,,,,,1,,1,1,,,,,,,,,,,,
"2,388",2018 People Staying Counts,BLT2,Weekend_Midday,Weekend,Midday,20180721,1316,1326,,Sun-Shaded,67,UD4H,5,1,2,1,,,1,,,,,,,,,,,1,,,,,,1,,,,,,1,,1,1,,,,,,,,,,,,
"2,389",2018 People Staying Counts,BLT2,Weekend_Midday,Weekend,Midday,20180721,1316,1326,,Sun-Shaded,67,UD4H,6,1,2,,1,,1,,,,,,,,,,,,1,,,,,1,,,,,,1,,1,1,,,,,,,,,,,,
"2,390",2018 People Staying Counts,BLT2,Weekend_Midday,Weekend,Midday,20180721,1316,1326,,Sun-Shaded,67,UD4H,7,1,2,,1,,1,,,,,,,,,,,,1,,,,1,,,,,,,,,1,1,,,,,,,,,,,,
"2,391",2018 People Staying Counts,BLT2,Weekend_Midday,Weekend,Midday,20180721,1316,1326,,Sun-Shaded,67,UD4H,8,1,2,,1,,1,,,,,,,,,,,1,,,,,,1,,,,,,1,,1,1,,,,,,,,,,,,
"2,392",2018 People Staying Counts,BLT2,Weekend_Midday,Weekend,Midday,20180721,1316,1326,,Sun-Shaded,67,UD4H,9,1,1,,1,,,,,1,,,,,,,,1,,,,,,1,,,,,,1,,1,1,,,,,,,,,,,,
"2,393",2018 People Staying Counts,BLT2,Weekend_Midday,Weekend,Midday,20180721,1316,1326,,Sun-Shaded,67,UD4H,10,1,1,,1,,1,,,,,,,,,,1,,,,,,1,,,,,,,,,,,,1,,,,,,,,,,
"2,394",2018 People Staying Counts,BLT2,Weekend_Evening,Weekend,Evening,20180721,1712,1722,,Sun-Shaded,71,UD4H,1,1,3,1,,,1,,,,,,,,,,,1,,,,,,1,,,,,,1,,1,1,,,,,,,,,,,,
"2,395",2018 People Staying Counts,BLT2,Weekend_Evening,Weekend,Evening,20180721,1712,1722,,Sun-Shaded,71,UD4H,2,1,3,,1,,1,,,,,,,,,,,,1,,,,,1,,,,,,1,,1,1,,,,,,,,,,,,
"2,396",2018 People Staying Counts,BLT2,Weekend_Evening,Weekend,Evening,20180721,1712,1722,,Sun-Shaded,71,UD4H,3,1,3,,1,,1,,,,,,,,,,,1,,,,,,1,,,,,,1,,1,1,,,,,,,,,,,,
"2,397",2018 People Staying Counts,BLT2,Weekend_Evening,Weekend,Evening,20180721,1712,1722,,Sun-Shaded,71,UD4H,4,1,1,,1,,1,,,,,,,,,,,1,,,,,,1,,,,,,1,,1,,,,,,,,,,,,,
"2,398",2018 People Staying Counts,BLT2,Weekend_Evening,Weekend,Evening,20180721,1712,1722,,Sun-Shaded,71,UD4H,5,1,3,1,,,1,,,,,,,,,1,,,,,,,,1,,,,,,1,,1,1,,,,,,,,,,,,
"2,399",2018 People Staying Counts,BLT2,Weekend_Evening,Weekend,Evening,20180721,1712,1722,,Sun-Shaded,71,UD4H,6,1,3,1,,,1,,,,,,,,,,1,,,,,,,1,,,,,,1,,1,1,,,,,,,,,,,,
"2,400",2018 People Staying Counts,BLT2,Weekend_Evening,Weekend,Evening,20180721,1712,1722,,Sun-Shaded,71,UD4H,7,1,3,1,,,1,,,,,,,,,,,,1,,,,,1,,,,,,1,,1,1,,,,,,,,,,,,
"2,401",2018 People Staying Counts,BLT2,Weekend_Evening,Weekend,Evening,20180721,1712,1722,,Sun-Shaded,71,UD4H,8,1,2,1,,,1,,,,,,,,,,,1,,,,,,1,,,,,,1,,1,1,,,,,,,,,,,,
"2,402",2018 People Staying Counts,BLT2,Weekend_Evening,Weekend,Evening,20180721,1712,1722,,Sun-Shaded,71,UD4H,9,1,4,,1,,1,,,,,,,,,,,1,,,,,,1,,,,,,1,,1,1,,,,,,,,,,,,
"2,403",2018 People Staying Counts,BLT2,Weekend_Evening,Weekend,Evening,20180721,1712,1722,,Sun-Shaded,71,UD4H,10,1,4,1,,,1,,,,,,,,,,,1,,,,,,1,,,,,,1,,1,1,,,,,,,,,,,,
"2,404",2018 People Staying Counts,BLT2,Weekend_Evening,Weekend,Evening,20180721,1712,1722,,Sun-Shaded,71,UD4H,11,1,4,1,,,1,,,,,,,,,,,1,,,,,,1,,,,,,1,,1,1,,,,,,,,,,,,
"2,405",2018 People Staying Counts,BLT2,Weekend_Evening,Weekend,Evening,20180721,1712,1722,,Sun-Shaded,71,UD4H,12,1,4,,1,,1,,,,,,,,,,,1,,,,,,1,,,,,,1,,1,1,,,,,,,,,,,,
"2,406",2018 People Staying Counts,BLT2,Weekend_Evening,Weekend,Evening,20180721,1712,1722,,Sun-Shaded,71,UD4H,13,1,3,1,,,1,,,,,,,,,,,1,,,,,,1,,,,,,1,,1,1,,1,,,,1,,,,,,
"2,407",2018 People Staying Counts,BLT2,Weekend_Evening,Weekend,Evening,20180721,1712,1722,,Sun-Shaded,71,UD4H,14,1,3,1,,,1,,,,,,,,,,,,,1,,,,1,,,,,,1,,,,,,,,,,,,,,,
"2,408",2018 People Staying Counts,BLT2,Weekend_Evening,Weekend,Evening,20180721,1712,1722,,Sun-Shaded,71,UD4H,15,1,3,,1,,1,,,,,,,,,,,,1,,,,,1,,,,,,1,,1,1,,,,,,,,,,,,
"2,409",2018 People Staying Counts,BLT2,Weekend_Evening,Weekend,Evening,20180721,1712,1722,,Sun-Shaded,71,UD4H,16,1,1,1,,,1,,,,,,,,,,,1,,,,,1,,,,,,,,,1,,,1,,,,,,,,,,
"2,410",2018 People Staying Counts,BLT2,Weekend_Evening,Weekend,Evening,20180721,1712,1722,,Sun-Shaded,71,UD4H,17,1,3,1,,,1,,,,,,,,,,,,1,,,1,,,,,,,,,,,,,,,1,,,,,,,,
"2,411",2018 People Staying Counts,BLT2,Weekday2_Morning,Weekday,Morning,20180725,0940,0950,,Sun-Exposed,70,UD4H,1,1,3,1,,,1,,,,,,,,,,,1,,,1,,,,,,,,,,,,1,,,,,,1,,,,,,
"2,412",2018 People Staying Counts,BLT2,Weekday2_Morning,Weekday,Morning,20180725,0940,0950,,Sun-Exposed,70,UD4H,2,1,3,,1,,,1,,,,,,,,,,1,,,1,,,,,,,,,,,,1,,,,,,1,,,,,,
"2,413",2018 People Staying Counts,BLT2,Weekday2_Morning,Weekday,Morning,20180725,0940,0950,,Sun-Exposed,70,UD4H,3,1,3,1,,,,,,1,,,,,,,,1,,,1,,,,,,,,,,,,1,,,,,,1,,,,,,
"2,414",2018 People Staying Counts,BLT2,Weekday2_Morning,Weekday,Morning,20180725,0940,0950,,Sun-Exposed,70,UD4H,4,1,1,,1,,1,,,,,,,,,,,1,,,,,1,,,,,,,,,1,,,1,,,,,,,,,,
"2,415",2018 People Staying Counts,BLT2,Weekday2_Morning,Weekday,Morning,20180725,0940,0950,,Sun-Exposed,70,UD4H,5,1,2,1,,,1,,,,,,,,,,,,1,,1,,,,,,,,,,,,1,,,,,,,,,,,,
"2,416",2018 People Staying Counts,BLT2,Weekday2_Morning,Weekday,Morning,20180725,0940,0950,,Sun-Exposed,70,UD4H,6,1,2,1,,,1,,,,,,,,,,,1,,,1,,,,,,,,,,,,1,,,,,,,,,,,,
"2,417",2018 People Staying Counts,BLT2,Weekday2_Morning,Weekday,Morning,20180725,0940,0950,,Sun-Exposed,70,UD4H,7,1,2,1,,,,,1,,,,,,,,,1,,,1,,,,,,,,,,,,1,,,,,,,,,,,,
"2,418",2018 People Staying Counts,BLT2,Weekday2_Morning,Weekday,Morning,20180725,0940,0950,,Sun-Exposed,70,UD4H,8,1,2,,1,,,,1,,,,,,,,,,1,,1,,,,,,,,,1,,1,1,,,,,,,,,,,,
"2,419",2018 People Staying Counts,BLT2,Weekday2_Morning,Weekday,Morning,20180725,0940,0950,,Sun-Exposed,70,UD4H,9,1,1,,1,,1,,,,,,,,,,,,1,,,,,,1,,,1,,,,,,,1,,,,,,,,,,
"2,420",2018 People Staying Counts,BLT2,Weekday2_Morning,Weekday,Morning,20180725,0940,0950,,Sun-Exposed,70,UD4H,10,1,2,1,,,1,,,,,,,,,,,1,,,1,,,,,,,,,,,,1,,1,,,,,,,,,,
"2,421",2018 People Staying Counts,BLT2,Weekday2_Morning,Weekday,Morning,20180725,0940,0950,,Sun-Exposed,70,UD4H,11,1,2,,1,,1,,,,,,,,,,,1,,,1,,,,,,,,,,,,1,,1,,,,,,,,,,
"2,422",2018 People Staying Counts,BLT2,Weekday2_Morning,Weekday,Morning,20180725,0940,0950,,Sun-Exposed,70,UD4H,12,1,1,,1,,,1,,,,,,,,,,,1,,1,,,,,,,,,,,,,,1,,,,,,,,,,
"2,423",2018 People Staying Counts,BLT2,Weekday2_Morning,Weekday,Morning,20180725,0940,0950,,Sun-Exposed,70,UD4H,13,1,1,1,,,,1,,,,,,,,,,,1,,1,,,,,,,,,,,,,,,,1,,,,,,,1,
"2,424",2018 People Staying Counts,BLT2,Weekday2_Morning,Weekday,Morning,20180725,0940,0950,,Sun-Exposed,70,UD4H,14,1,1,1,,,1,,,,,,,,,,,,1,,1,,,,,,,,,,,,,,1,,,,,,,,,,
"2,425",2018 People Staying Counts,BLT2,Weekday2_Morning,Weekday,Morning,20180725,0940,0950,,Sun-Exposed,70,UD4H,15,1,1,1,,,,1,,,,,,,,,,1,,,,,1,,,,,,,,,,,,,,1,,,,,,,,
"2,426",2018 People Staying Counts,BLT2,Weekday2_Midday,Weekday,Midday,20180725,1316,1326,,Sun-Exposed,79,UD4H,1,1,2,1,,,1,,,,,,,,,,,1,,,1,,,,,,,,,,,,1,,,,,,,1,,,,,
"2,427",2018 People Staying Counts,BLT2,Weekday2_Midday,Weekday,Midday,20180725,1316,1326,,Sun-Exposed,79,UD4H,2,1,2,,1,,1,,,,,,,,,,,1,,,,,,,,1,,,,,,,1,,,,,,,1,,,,,
"2,428",2018 People Staying Counts,BLT2,Weekday2_Midday,Weekday,Midday,20180725,1316,1326,,Sun-Exposed,79,UD4H,3,1,1,,1,,1,,,,,,,,,,,1,,,,,1,,,,,,,1,,1,,,,,,,,,,,,,
"2,429",2018 People Staying Counts,BLT2,Weekday2_Midday,Weekday,Midday,20180725,1316,1326,,Sun-Exposed,79,UD4H,4,1,2,1,,,1,,,,,,,,,,,1,,,1,,,,,,,,,,,,1,,,,,,,,,,,,
"2,430",2018 People Staying Counts,BLT2,Weekday2_Midday,Weekday,Midday,20180725,1316,1326,,Sun-Exposed,79,UD4H,5,1,2,,1,,1,,,,,,,,,,,1,,,1,,,,,,,,,,,,1,,,,,,,,,,,,
"2,431",2018 People Staying Counts,BLT2,Weekday2_Midday,Weekday,Midday,20180725,1316,1326,,Sun-Exposed,79,UD4H,6,1,1,1,,,1,,,,,,,,,,,1,,,1,,,,,,,,,,,,,,,,1,,,,,,,,
"2,432",2018 People Staying Counts,BLT2,Weekday2_Midday,Weekday,Midday,20180725,1316,1326,,Sun-Exposed,79,UD4H,7,1,1,1,,,1,,,,,,,,,,,1,,,1,,,,,,,,,,,,,,,,1,,,,,,,,
"2,433",2018 People Staying Counts,BLT2,Weekday2_Midday,Weekday,Midday,20180725,1316,1326,,Sun-Exposed,79,UD4H,8,1,2,,1,,1,,,,,,,,,,,1,,,1,,,,,,,,,,,,1,,1,,,,,,,,,,
"2,434",2018 People Staying Counts,BLT2,Weekday2_Midday,Weekday,Midday,20180725,1316,1326,,Sun-Exposed,79,UD4H,9,1,2,1,,,1,,,,,,,,,,,1,,,,,1,,,,,,,,,,1,,1,,,,,,,,,,
"2,435",2018 People Staying Counts,BLT2,Weekday2_Midday,Weekday,Midday,20180725,1316,1326,,Sun-Exposed,79,UD4H,10,1,1,1,,,,1,,,,,,,,,,1,,,1,,,,,,,,,,,,,,1,,,,,,,,,,
"2,436",2018 People Staying Counts,BLT2,Weekday2_Evening,Weekday,Evening,20180725,1723,1733,,Sun-Shaded,86,UD4H,1,1,1,1,,,1,,,,,,,,,,,1,,,,,,,,,1,,,,,,,,,,1,,,1,,,,,
"2,437",2018 People Staying Counts,BLT2,Weekday2_Evening,Weekday,Evening,20180725,1723,1733,,Sun-Shaded,86,UD4H,2,1,3,,1,,1,,,,,,,,,,,1,,,,,,1,,,,,,1,,1,1,,1,,,,,,,,,,
"2,438",2018 People Staying Counts,BLT2,Weekday2_Evening,Weekday,Evening,20180725,1723,1733,,Sun-Shaded,86,UD4H,3,1,3,,1,,1,,,,,,,,,,,1,,,,,,1,,,,,,1,,1,1,,1,,,,,,,,,,
"2,439",2018 People Staying Counts,BLT2,Weekday2_Evening,Weekday,Evening,20180725,1723,1733,,Sun-Shaded,86,UD4H,4,1,3,1,,,1,,,,,,,,,,,1,,,,,,1,,,,,,1,,1,1,,,,,,,,,,,,
"2,440",2018 People Staying Counts,BLT2,Weekday2_Evening,Weekday,Evening,20180725,1723,1733,,Sun-Shaded,86,UD4H,5,1,3,1,,,,,,,,,1,,,,1,,,,,,,1,,,,,,1,,1,1,,,,,,,,,,,,
"2,441",2018 People Staying Counts,BLT2,Weekday2_Evening,Weekday,Evening,20180725,1723,1733,,Sun-Shaded,86,UD4H,6,1,3,1,,,,,,1,,,,,,,1,,,,,,,1,,,,,,1,,1,1,,,,,,,,,,,,
"2,442",2018 People Staying Counts,BLT2,Weekday2_Evening,Weekday,Evening,20180725,1723,1733,,Sun-Shaded,86,UD4H,7,1,3,1,,,,,,1,,,,,,,,1,,,,,,1,,,,,,1,,1,1,,,,,,,,,,,,
"2,443",2018 People Staying Counts,BLT2,Weekday2_Evening,Weekday,Evening,20180725,1723,1733,,Sun-Shaded,86,UD4H,8,1,2,1,,,1,,,,,,,,,,,1,,,,,,1,,,,,,1,,1,1,,,,,,,,,,,,
"2,444",2018 People Staying Counts,BLT2,Weekday2_Evening,Weekday,Evening,20180725,1723,1733,,Sun-Shaded,86,UD4H,9,1,2,,1,,1,,,,,,,,,,,1,,,,,,1,,,,,,1,,1,1,,,,,,,,,,,,
"2,445",2018 People Staying Counts,BLT2,Weekday2_Evening,Weekday,Evening,20180725,1723,1733,,Sun-Shaded,86,UD4H,10,1,1,1,,,1,,,,,,,,,,,,1,,,,1,,,,,,,,,,,,1,,1,,,1,,,,,
"2,446",2018 People Staying Counts,BLT2,Weekday2_Evening,Weekday,Evening,20180725,1723,1733,,Sun-Shaded,86,UD4H,11,1,1,1,,,1,,,,,,,,,,,1,,,,,1,,,,,,,,,,,,,,1,,,,,,,,
"2,447",2018 People Staying Counts,BLT2,Weekday2_Evening,Weekday,Evening,20180725,1723,1733,,Sun-Shaded,86,UD4H,12,1,1,,1,,,,,1,,,,,,,,1,,,1,,,,,,,,1,,,,1,,,,,,,,,,,,
"2,448",2018 People Staying Counts,BLT2,Weekday2_Evening,Weekday,Evening,20180725,1723,1733,,Sun-Shaded,86,UD4H,13,1,1,1,,,1,,,,,,,,,,,,1,,,,,1,,,,,,1,,1,,,1,,,,,,,,,,
"2,449",2018 People Staying Counts,BLT2,Weekday2_Evening,Weekday,Evening,20180725,1723,1733,,Sun-Shaded,86,UD4H,14,1,1,,1,,1,,,,,,,,,,,1,,,1,,,,,,,,1,,,,1,,,,,,,,,,,,
"2,450",2018 People Staying Counts,BLT2,Weekday2_Evening,Weekday,Evening,20180725,1723,1733,,Sun-Shaded,86,UD4H,15,1,1,1,,,1,,,,,,,,,,1,,,,,,,1,,,,,,1,,1,1,,,,,,,,,,,,
"2,451",2018 People Staying Counts,BLT2,Weekday2_Evening,Weekday,Evening,20180725,1723,1733,,Sun-Shaded,86,UD4H,16,1,1,1,,,1,,,,,,,,,,,,1,,,1,,,,,,,,,,,,,1,,,,,,,,,,
"2,452",2018 People Staying Counts,BLT2,Weekday2_Evening,Weekday,Evening,20180725,1723,1733,,Sun-Shaded,86,UD4H,17,1,1,,1,,1,,,,,,,,,,,,1,,1,,,,,,,,,,,,,,,,,,,,,,,1,
"2,453",2018 People Staying Counts,BLT2,Weekday2_Evening,Weekday,Evening,20180725,1723,1733,,Sun-Shaded,86,UD4H,18,1,1,1,,,1,,,,,,,,,,,1,,,1,,,,,,,,1,,,,,,,,,,,,,,,,
"2,454",2018 People Staying Counts,BLT2,Weekday2_Evening,Weekday,Evening,20180725,1723,1733,,Sun-Shaded,86,UD4H,19,1,6,,1,,1,,,,,,,,,,,,1,,,,,,,1,,,,1,,1,1,,,,,,,,,,,,
"2,455",2018 People Staying Counts,BLT2,Weekday2_Evening,Weekday,Evening,20180725,1723,1733,,Sun-Shaded,86,UD4H,20,1,6,,1,,1,,,,,,,,,,,,1,,,,,,,1,,,,1,,1,1,,,,,,,,,,,,
"2,456",2018 People Staying Counts,BLT2,Weekday2_Evening,Weekday,Evening,20180725,1723,1733,,Sun-Shaded,86,UD4H,21,1,6,,1,,1,,,,,,,,,,,,1,,,,,1,,,,,,1,,1,1,,,,,,,,,,,,
"2,457",2018 People Staying Counts,BLT2,Weekday2_Evening,Weekday,Evening,20180725,1723,1733,,Sun-Shaded,86,UD4H,22,1,6,,1,,1,,,,,,,,,,,,1,,,,,1,,,,,,1,,1,1,,,,,,,,,,,,
"2,458",2018 People Staying Counts,BLT2,Weekday2_Evening,Weekday,Evening,20180725,1723,1733,,Sun-Shaded,86,UD4H,23,1,6,,1,,1,,,,,,,,,,,,1,,,,,1,,,,,,1,,1,1,,,,,,,,,,,,
"2,459",2018 People Staying Counts,BLT2,Weekday2_Evening,Weekday,Evening,20180725,1723,1733,,Sun-Shaded,86,UD4H,24,1,6,,1,,1,,,,,,,,,,,1,,,,,,1,,,,,,1,,1,1,,,,,,,,,,,,
"2,460",2018 People Staying Counts,BLT2,Weekday2_Evening,Weekday,Evening,20180725,1723,1733,,Sun-Shaded,86,UD4H,25,1,2,1,,,1,,,,,,,,,,,,1,,,,1,,,,,,,,,,1,,,,1,,,,,,,,
"2,461",2018 People Staying Counts,BLT2,Weekday2_Evening,Weekday,Evening,20180725,1723,1733,,Sun-Shaded,86,UD4H,26,1,2,,1,,1,,,,,,,,,,,,1,,1,,,,,,,,,,,,1,,,,,,,,,,,,
"2,462",2018 People Staying Counts,MAM2,Weekday1_Morning,Weekday,Morning,20180816,1006,1016,event:roadwork_construction,Heavy Clouds,61,UD4H,1,1,4,1,,,1,,,,,,,,,,,1,,,1,,,,,,,,,,,,1,,,,,,,,,,,,
"2,463",2018 People Staying Counts,MAM2,Weekday1_Morning,Weekday,Morning,20180816,1006,1016,event:roadwork_construction,Heavy Clouds,61,UD4H,2,1,4,1,,,1,,,,,,,,,,,1,,,1,,,,,,,,,,,,1,,,,,,,,,,,,
"2,464",2018 People Staying Counts,MAM2,Weekday1_Morning,Weekday,Morning,20180816,1006,1016,event:roadwork_construction,Heavy Clouds,61,UD4H,3,1,4,1,,,1,,,,,,,,,,,1,,,1,,,,,,,,,,,,1,,,,,,,1,,,,,
"2,465",2018 People Staying Counts,MAM2,Weekday1_Morning,Weekday,Morning,20180816,1006,1016,event:roadwork_construction,Heavy Clouds,61,UD4H,4,1,4,1,,,1,,,,,,,,,,,1,,,1,,,,,,,,,,,,1,,,,,,,,,,,,
"2,466",2018 People Staying Counts,MAM2,Weekday1_Morning,Weekday,Morning,20180816,1006,1016,event:roadwork_construction,Heavy Clouds,61,UD4H,5,1,1,,1,,,,,,,1,,,,,,,1,,,,1,,,,,,,,,,,,,,1,,,,,,,,
"2,467",2018 People Staying Counts,MAM2,Weekday1_Midday,Weekday,Midday,20180816,1335,1345,event:roadwork_construction,Heavy Clouds,67,UD4H,1,1,1,1,,,1,,,,,,,,,,,1,,,1,,,,,,,,,,,,,,1,,,,,1,,,,,
"2,468",2018 People Staying Counts,MAM2,Weekday1_Midday,Weekday,Midday,20180816,1335,1345,event:roadwork_construction,Heavy Clouds,67,UD4H,2,1,2,1,,,1,,,,,,,,,,,1,,,,,,1,,,,,,,,,,,1,,,,,,,,,,
"2,469",2018 People Staying Counts,MAM2,Weekday1_Midday,Weekday,Midday,20180816,1335,1345,event:roadwork_construction,Heavy Clouds,67,UD4H,3,1,2,,1,,,,,1,,,,,,,,1,,,,,,1,,,,,,1,,,,,,,,,,,,,,,
"2,470",2018 People Staying Counts,MAM2,Weekday1_Midday,Weekday,Midday,20180816,1335,1345,event:roadwork_construction,Heavy Clouds,67,UD4H,4,1,4,,1,,,,,1,,,,,,,1,,,,1,,,,,,,,,1,,1,1,,,,,,,,,,,,
"2,471",2018 People Staying Counts,MAM2,Weekday1_Midday,Weekday,Midday,20180816,1335,1345,event:roadwork_construction,Heavy Clouds,67,UD4H,5,1,4,,1,,,,,1,,,,,,,1,,,,1,,,,,,,,,1,,1,1,,,,,,,,,,,,
"2,472",2018 People Staying Counts,MAM2,Weekday1_Midday,Weekday,Midday,20180816,1335,1345,event:roadwork_construction,Heavy Clouds,67,UD4H,6,1,4,,1,,,,,1,,,,,,,,1,,,1,,,,,,,,,,,,1,,,,,,,,,,,,
"2,473",2018 People Staying Counts,MAM2,Weekday1_Midday,Weekday,Midday,20180816,1335,1345,event:roadwork_construction,Heavy Clouds,67,UD4H,7,1,4,,1,,,,,1,,,,,,,,,1,,1,,,,,,,,,,,,1,,,,,,,,,,,,
"2,474",2018 People Staying Counts,MAM2,Weekday1_Midday,Weekday,Midday,20180816,1335,1345,event:roadwork_construction,Heavy Clouds,67,UD4H,8,1,3,,1,,1,,,,,,,,,,,1,,,1,,,,,,,,,1,,1,1,,1,,,,,,,,,,
"2,475",2018 People Staying Counts,MAM2,Weekday1_Midday,Weekday,Midday,20180816,1335,1345,event:roadwork_construction,Heavy Clouds,67,UD4H,9,1,3,,1,,1,,,,,,,,,1,,,,,,,1,,,,,,,,,1,1,,,,,,,,,,,,
"2,476",2018 People Staying Counts,MAM2,Weekday1_Midday,Weekday,Midday,20180816,1335,1345,event:roadwork_construction,Heavy Clouds,67,UD4H,10,1,3,,1,,1,,,,,,,,,1,,,,,,,1,,,,,,,1,,1,1,,,,,,,,,,,,
"2,477",2018 People Staying Counts,MAM2,Weekday1_Midday,Weekday,Midday,20180816,1335,1345,event:roadwork_construction,Heavy Clouds,67,UD4H,11,1,1,1,,,1,,,,,,,,,,,1,,,,1,,,,,,,,,,,1,,,,,,,,,,,,
"2,478",2018 People Staying Counts,MAM2,Weekday1_Midday,Weekday,Midday,20180816,1335,1345,event:roadwork_construction,Heavy Clouds,67,UD4H,12,1,1,1,,,,,,1,,,,,,,,1,,,1,,,,,,,,,,,,,,1,,,,,,,,,,
"2,479",2018 People Staying Counts,MAM2,Weekday1_Midday,Weekday,Midday,20180816,1335,1345,event:roadwork_construction,Heavy Clouds,67,UD4H,13,1,1,1,,,1,,,,,,,,,,,1,,,1,,,,,,,,,,,,,,1,,,,,,,,,,
"2,480",2018 People Staying Counts,MAM2,Weekday1_Evening,Weekday,Evening,20180816,1744,1754,event:roadwork_construction,Light Clouds,74,UD4H,1,1,2,1,,,1,,,,,,,,,,,1,,,1,,,,,,,,,,,,1,,,,,,,,,,,,
"2,481",2018 People Staying Counts,MAM2,Weekday1_Evening,Weekday,Evening,20180816,1744,1754,event:roadwork_construction,Light Clouds,74,UD4H,2,1,2,,1,,1,,,,,,,,,,,1,,,,,,1,,,,,,1,,1,1,,,,,,,,,,,,
"2,482",2018 People Staying Counts,MAM2,Weekday1_Evening,Weekday,Evening,20180816,1744,1754,event:roadwork_construction,Light Clouds,74,UD4H,3,1,1,1,,,1,,,,,,,,,,,1,,,1,,,,,,,,,,,,,,,,1,,,,,,,,
"2,483",2018 People Staying Counts,MAM2,Weekday1_Evening,Weekday,Evening,20180816,1744,1754,event:roadwork_construction,Light Clouds,74,UD4H,4,1,1,1,,,,,,,,,1,,,,1,,,,1,,,,,,,,,1,,1,1,,,,,,,,,,,,
"2,484",2018 People Staying Counts,MAM2,Weekday1_Evening,Weekday,Evening,20180816,1744,1754,event:roadwork_construction,Light Clouds,74,UD4H,5,1,1,1,,,,,,1,,,,,,,,1,,,1,,,,,,,,,1,,1,,,,,,,,,,,,,
"2,485",2018 People Staying Counts,MAM2,Weekday1_Evening,Weekday,Evening,20180816,1744,1754,event:roadwork_construction,Light Clouds,74,UD4H,6,1,2,1,,,1,,,,,,,,,,,1,,,1,,,,,,,,,1,1,1,1,,,,,,,,,,,,
"2,486",2018 People Staying Counts,MAM2,Weekday1_Evening,Weekday,Evening,20180816,1744,1754,event:roadwork_construction,Light Clouds,74,UD4H,7,1,2,,1,,1,,,,,,,,1,,,,,,,,,,1,,,,,,,,1,,,,1,,,,,,,,
"2,487",2018 People Staying Counts,MAM2,Weekday1_Evening,Weekday,Evening,20180816,1744,1754,event:roadwork_construction,Light Clouds,74,UD4H,8,1,2,,1,,,,,1,,,,,,,,1,,,1,,,,,,,,,1,1,1,1,,,,,,,,,,,,
"2,488",2018 People Staying Counts,MAM2,Weekday1_Evening,Weekday,Evening,20180816,1744,1754,event:roadwork_construction,Light Clouds,74,UD4H,9,1,2,,1,,1,,,,,,,,,,,1,,,1,,,,,,,,,1,1,1,1,,,,,,,,,,,,
"2,489",2018 People Staying Counts,MAM2,Weekday1_Evening,Weekday,Evening,20180816,1744,1754,event:roadwork_construction,Light Clouds,74,UD4H,10,1,2,,1,,,,,1,,,,,,,,1,,,,,1,,,,,,,1,,1,,,,,1,,,,,,,,
"2,490",2018 People Staying Counts,MAM2,Weekday1_Evening,Weekday,Evening,20180816,1744,1754,event:roadwork_construction,Light Clouds,74,UD4H,11,1,2,,1,,,,,1,,,,,1,,,,,,,,1,,,,,,,,,1,,,,,1,,,,,,,,
"2,491",2018 People Staying Counts,MAM2,Weekday1_Evening,Weekday,Evening,20180816,1744,1754,event:roadwork_construction,Light Clouds,74,UD4H,12,1,1,1,,,1,,,,,,,,,,,1,,,1,,,,,,,,,,,,,,1,,,,,,,,,,
"2,492",2018 People Staying Counts,MAM2,Weekday1_Evening,Weekday,Evening,20180816,1744,1754,event:roadwork_construction,Light Clouds,74,UD4H,13,1,1,1,,,1,,,,,,,,,,,1,,,1,,,,,,,,,,,,,,,,1,,,,,,,,
"2,493",2018 People Staying Counts,MAM2,Weekday1_Evening,Weekday,Evening,20180816,1744,1754,event:roadwork_construction,Light Clouds,74,UD4H,14,1,1,1,,,,,,1,,,,,,,,1,,,1,,,,,,,,,,,,1,,,,,,,,,,,,
"2,494",2018 People Staying Counts,MAM2,Weekday2_Morning,Weekday,Morning,20180817,0944,0954,event:roadwork_construction,Heavy Clouds,59,UD4H,1,1,6,,1,,1,,,,,,,,,,,1,,,,,1,,,,,,,1,,1,1,,1,,,,,,,,,,
"2,495",2018 People Staying Counts,MAM2,Weekday2_Morning,Weekday,Morning,20180817,0944,0954,event:roadwork_construction,Heavy Clouds,59,UD4H,2,1,6,,1,,1,,,,,,,,,,,1,,,,,1,,,,,,,1,1,1,1,,,,,,,,,,,,
"2,496",2018 People Staying Counts,MAM2,Weekday2_Morning,Weekday,Morning,20180817,0944,0954,event:roadwork_construction,Heavy Clouds,59,UD4H,3,1,6,1,,,1,,,,,,,,1,,,,,,1,,,,,,,,,,,,1,,,1,1,,,,,,,,
"2,497",2018 People Staying Counts,MAM2,Weekday2_Morning,Weekday,Morning,20180817,0944,0954,event:roadwork_construction,Heavy Clouds,59,UD4H,4,1,6,,1,,1,,,,,,,,,,,1,,,1,,,,,,,,,1,1,1,1,,,,,,,,,,,,
"2,498",2018 People Staying Counts,MAM2,Weekday2_Morning,Weekday,Morning,20180817,0944,0954,event:roadwork_construction,Heavy Clouds,59,UD4H,5,1,6,1,,,1,,,,,,,,1,,,,,,1,,,,,,,,,,,,,,,1,1,,,,,,,,
"2,499",2018 People Staying Counts,MAM2,Weekday2_Morning,Weekday,Morning,20180817,0944,0954,event:roadwork_construction,Heavy Clouds,59,UD4H,6,1,6,,1,,1,,,,,,,,,,,1,,,1,,,,,,,,,1,1,1,1,,,,,,,,,,,,
"2,500",2018 People Staying Counts,MAM2,Weekday2_Midday,Weekday,Midday,20180817,1341,1351,event:roadwork_construction,Sun-Exposed,65,UD4H,1,1,1,1,,,1,,,,,,,,,,,,1,,1,,,,,,,,,1,,1,1,,,,,,,,,,,,
"2,501",2018 People Staying Counts,MAM2,Weekday2_Midday,Weekday,Midday,20180817,1341,1351,event:roadwork_construction,Sun-Exposed,65,UD4H,2,1,1,1,,,1,,,,,,,,,,,1,,,1,,,,,,,,,,,,1,,,1,,,,,,,,,
"2,502",2018 People Staying Counts,MAM2,Weekday2_Midday,Weekday,Midday,20180817,1341,1351,event:roadwork_construction,Sun-Exposed,65,UD4H,3,1,4,1,,,,,,1,,,,,,,,1,,,1,,,,,,,,,1,1,1,1,,1,,,,,,,,,,
"2,503",2018 People Staying Counts,MAM2,Weekday2_Midday,Weekday,Midday,20180817,1341,1351,event:roadwork_construction,Sun-Exposed,65,UD4H,4,1,4,1,,,,,,1,,,,,,,,1,,,1,,,,,,,,,1,1,1,1,,1,,,,,,,,,,
"2,504",2018 People Staying Counts,MAM2,Weekday2_Midday,Weekday,Midday,20180817,1341,1351,event:roadwork_construction,Sun-Exposed,65,UD4H,5,1,4,,1,,,,,1,,,,,,,,1,,,1,,,,,,,,,1,1,1,1,,1,,,,,,,,,,
"2,505",2018 People Staying Counts,MAM2,Weekday2_Midday,Weekday,Midday,20180817,1341,1351,event:roadwork_construction,Sun-Exposed,65,UD4H,6,1,4,,1,,,,,1,,,,,,,,1,,,1,,,,,,,,,,1,,,,1,,,,,,,,,,
"2,506",2018 People Staying Counts,MAM2,Weekday2_Midday,Weekday,Midday,20180817,1341,1351,event:roadwork_construction,Sun-Exposed,65,UD4H,7,1,2,,1,,1,,,,,,,,,,,1,,,,,1,,,,,,,1,,1,1,,,,,,,,,,,,
"2,507",2018 People Staying Counts,MAM2,Weekday2_Midday,Weekday,Midday,20180817,1341,1351,event:roadwork_construction,Sun-Exposed,65,UD4H,8,1,2,,1,,1,,,,,,,,,,,1,,,,,1,,,,,,,1,,1,1,,,,,,,,,,,,
"2,508",2018 People Staying Counts,MAM2,Weekday2_Evening,Weekday,Evening,20180817,1739,1749,event:roadwork_construction,Sun-Shaded,74,UD4H,1,1,3,1,,,1,,,,,,,,,,,1,,,,,,1,,,,,,1,,1,1,,1,,1,,,,,,,,
"2,509",2018 People Staying Counts,MAM2,Weekday2_Evening,Weekday,Evening,20180817,1739,1749,event:roadwork_construction,Sun-Shaded,74,UD4H,2,1,3,1,,,1,,,,,,,,1,,,,,,,,,,1,,,,,,,,,,,,1,,,,,,,,
"2,510",2018 People Staying Counts,MAM2,Weekday2_Evening,Weekday,Evening,20180817,1739,1749,event:roadwork_construction,Sun-Shaded,74,UD4H,3,1,3,,1,,1,,,,,,,,,,,1,,,,,,1,,,,,,1,1,1,1,,,,,,,,,,,,
"2,511",2018 People Staying Counts,MAM2,Weekday2_Evening,Weekday,Evening,20180817,1739,1749,event:roadwork_construction,Sun-Shaded,74,UD4H,4,1,2,,1,,1,,,,,,,,,,,1,,,1,,,,,,,,,1,,1,1,,,,1,,,,,,,,
"2,512",2018 People Staying Counts,MAM2,Weekday2_Evening,Weekday,Evening,20180817,1739,1749,event:roadwork_construction,Sun-Shaded,74,UD4H,5,1,2,1,,,,,,,,,1,,1,,,,,,,,,,1,,,,,,,,,,,,1,,,,,,,,
"2,513",2018 People Staying Counts,MAM2,Weekday2_Evening,Weekday,Evening,20180817,1739,1749,event:roadwork_construction,Sun-Shaded,74,UD4H,6,1,3,1,,,1,,,,,,,,,,,1,,,1,,,,,,,,,,,,1,,,,,,,,,,,,
"2,514",2018 People Staying Counts,MAM2,Weekday2_Evening,Weekday,Evening,20180817,1739,1749,event:roadwork_construction,Sun-Shaded,74,UD4H,7,1,3,1,,,1,,,,,,,,1,,,,,,,,,,1,,,,,,,,,,,,1,,,,,,,,
"2,515",2018 People Staying Counts,MAM2,Weekday2_Evening,Weekday,Evening,20180817,1739,1749,event:roadwork_construction,Sun-Shaded,74,UD4H,8,1,3,,1,,1,,,,,,,,,,,1,,,1,,,,,,,,,,,,1,,,,,,,,,,,,
"2,516",2018 People Staying Counts,MAM2,Weekday2_Evening,Weekday,Evening,20180817,1739,1749,event:roadwork_construction,Sun-Shaded,74,UD4H,9,1,1,,1,,,1,,,,,,,,,,1,,,,,1,,,,,,,1,,1,1,,,,,,,,,,,,
"2,517",2018 People Staying Counts,MAM2,Weekday2_Evening,Weekday,Evening,20180817,1739,1749,event:roadwork_construction,Sun-Shaded,74,UD4H,10,1,2,1,,,1,,,,,,,,,,,1,,,1,,,,,,,,,1,1,1,1,,,,,,,,,,,,
"2,518",2018 People Staying Counts,MAM2,Weekday2_Evening,Weekday,Evening,20180817,1739,1749,event:roadwork_construction,Sun-Shaded,74,UD4H,11,1,2,1,,,1,,,,,,,,,1,,,,,1,,,,,,,,,1,,1,1,,,,,,,,,,,,
"2,519",2018 People Staying Counts,MAM2,Weekday2_Evening,Weekday,Evening,20180817,1739,1749,event:roadwork_construction,Sun-Shaded,74,UD4H,12,1,2,1,,,1,,,,,,,,,1,,,,,1,,,,,,,,,1,,1,1,,,,,,,,,,,,
"2,520",2018 People Staying Counts,MAM2,Weekday2_Evening,Weekday,Evening,20180817,1739,1749,event:roadwork_construction,Sun-Shaded,74,UD4H,13,1,2,,1,,1,,,,,,,,,,,1,,,1,,,,,,,,,1,,1,1,,,,,,,,,,,,
"2,521",2018 People Staying Counts,MAM2,Weekday2_Evening,Weekday,Evening,20180817,1739,1749,event:roadwork_construction,Sun-Shaded,74,UD4H,14,1,2,1,,,1,,,,,,,,,,,1,,,1,,,,,,,,,1,1,1,1,,,,,,,,,,,,
"2,522",2018 People Staying Counts,MAM2,Weekday2_Evening,Weekday,Evening,20180817,1739,1749,event:roadwork_construction,Sun-Shaded,74,UD4H,15,1,2,,1,,1,,,,,,,,,,,1,,,1,,,,,,,,,1,1,1,1,,,,,,,,,,,,
"2,523",2018 People Staying Counts,MAM2,Weekday2_Evening,Weekday,Evening,20180817,1739,1749,event:roadwork_construction,Sun-Shaded,74,UD4H,16,1,3,1,,,1,,,,,,,,,,,1,,,,,1,,,,,,,1,,1,1,,1,,,,,,,,,,
"2,524",2018 People Staying Counts,MAM2,Weekday2_Evening,Weekday,Evening,20180817,1739,1749,event:roadwork_construction,Sun-Shaded,74,UD4H,17,1,3,,1,,1,,,,,,,,,,,1,,,,,1,,,,,,,1,,1,1,,,,,,,,,,,,
"2,525",2018 People Staying Counts,MAM2,Weekday2_Evening,Weekday,Evening,20180817,1739,1749,event:roadwork_construction,Sun-Shaded,74,UD4H,18,1,3,,1,,1,,,,,,,,,,,1,,,,,1,,,,,,,1,,1,1,,,,,,,,,,,,
"2,526",2018 People Staying Counts,MAM2,Weekend_Midday,Weekend,Midday,20180825,1413,1423,,Heavy Clouds,61,UD4H,1,1,3,,1,,1,,,,,,,,,,,1,,,1,,,,,,,,,,,,1,,,,,,,,,,,,
"2,527",2018 People Staying Counts,MAM2,Weekend_Midday,Weekend,Midday,20180825,1413,1423,,Heavy Clouds,61,UD4H,2,1,3,,1,,1,,,,,,,,,,,1,,,1,,,,,,,,,,,,1,,1,,,,,,,,,,
"2,528",2018 People Staying Counts,MAM2,Weekend_Midday,Weekend,Midday,20180825,1413,1423,,Heavy Clouds,61,UD4H,3,1,3,1,,,1,,,,,,,,,,,1,,,1,,,,,,,,,,,,1,,,,,,,,,,,,
"2,529",2018 People Staying Counts,MAM2,Weekend_Midday,Weekend,Midday,20180825,1413,1423,,Heavy Clouds,61,UD4H,4,1,1,1,,,1,,,,,,,,,,,,1,,,,1,,,,,,,,,,,,1,,,,,,,,,,
"2,530",2018 People Staying Counts,MAM2,Weekend_Midday,Weekend,Midday,20180825,1413,1423,,Heavy Clouds,61,UD4H,5,1,1,1,,,,,,1,,,,,,,,1,,,1,,,,,,,,,1,,1,,,,,1,,,,,,,,
"2,531",2018 People Staying Counts,MAM2,Weekend_Midday,Weekend,Midday,20180825,1413,1423,,Heavy Clouds,61,UD4H,6,1,5,1,,,1,,,,,,,,,,1,,,,1,,,,,,,,,1,,1,1,,,,,,,,,,,,
"2,532",2018 People Staying Counts,MAM2,Weekend_Midday,Weekend,Midday,20180825,1413,1423,,Heavy Clouds,61,UD4H,7,1,5,1,,,1,,,,,,,,,,,1,,,1,,,,,,,,,1,,1,1,,,,,,,,,,,,
"2,533",2018 People Staying Counts,MAM2,Weekend_Midday,Weekend,Midday,20180825,1413,1423,,Heavy Clouds,61,UD4H,8,1,5,1,,,1,,,,,,,,,,,,1,,1,,,,,,,,,,,,1,,,,,,,,,,,,
"2,534",2018 People Staying Counts,MAM2,Weekend_Midday,Weekend,Midday,20180825,1413,1423,,Heavy Clouds,61,UD4H,9,1,5,,1,,1,,,,,,,,,,,,1,,1,,,,,,,,,,,,1,,,,,,,,,,,,
"2,535",2018 People Staying Counts,MAM2,Weekend_Midday,Weekend,Midday,20180825,1413,1423,,Heavy Clouds,61,UD4H,10,1,5,,1,,1,,,,,,,,,,1,,,,1,,,,,,,,,,,,1,,,,,,,,,,,,
"2,536",2018 People Staying Counts,MAM2,Weekend_Midday,Weekend,Midday,20180825,1413,1423,,Heavy Clouds,61,UD4H,11,1,1,,1,,1,,,,,,,,,,,1,,,1,,,,,,,,,,,,,,,,,1,,,,,,,
"2,537",2018 People Staying Counts,MAM2,Weekend_Evening,Weekend,Evening,20180825,1644,1654,,Heavy Clouds,61,UD4H,1,1,1,,1,,1,,,,,,,,,,,,1,,1,,,,,,,,,,,,1,,,1,,,,,,,,,
"2,538",2018 People Staying Counts,MAM2,Weekend_Evening,Weekend,Evening,20180825,1644,1654,,Heavy Clouds,61,UD4H,2,1,3,,1,,1,,,,,,,,,,,1,,,1,,,,,,,,,1,,1,1,,,,,,,,,,,,
"2,539",2018 People Staying Counts,MAM2,Weekend_Evening,Weekend,Evening,20180825,1644,1654,,Heavy Clouds,61,UD4H,3,1,3,1,,,1,,,,,,,,,,,1,,,1,,,,,,,,,,,,1,,,,,,,,,,,,
"2,540",2018 People Staying Counts,MAM2,Weekend_Evening,Weekend,Evening,20180825,1644,1654,,Heavy Clouds,61,UD4H,4,1,3,,1,,1,,,,,,,,,,,1,,,1,,,,,,,,,,,,1,,,,,,,,,,,,
"2,541",2018 People Staying Counts,CRO1,Weekday1_Morning,Weekday,Morning,20180905,0910,0920,,Sun-Shaded,60,UD4H,1,0,,,,,,,,,,,,,,,,,,,,,,,,,,,,,,,,,,,,,,,,,,,
"2,542",2018 People Staying Counts,CRO1,Weekday1_Midday,Weekday,Midday,20180905,1240,1250,,Sun-Shaded,69,UD4H,1,0,,,,,,,,,,,,,,,,,,,,,,,,,,,,,,,,,,,,,,,,,,,
"2,543",2018 People Staying Counts,CRO1,Weekday1_Evening,Weekday,Evening,20180905,1642,1652,,Sun-Shaded,75,UD4H,1,1,1,,1,,1,,,,,,,,,,,1,,,1,,,,,,,,,,,,,,1,,1,,,,,,,,
"2,544",2018 People Staying Counts,CRO1,Weekday2_Morning,Weekday,Morning,20180906,0908,0918,,Sun-Shaded,61,UD4H,1,0,,,,,,,,,,,,,,,,,,,,,,,,,,,,,,,,,,,,,,,,,,,
"2,545",2018 People Staying Counts,CRO1,Weekday2_Midday,Weekday,Midday,20180906,1238,1248,,Sun-Shaded,71,UD4H,1,0,,,,,,,,,,,,,,,,,,,,,,,,,,,,,,,,,,,,,,,,,,,
"2,546",2018 People Staying Counts,CRO1,Weekday2_Evening,Weekday,Evening,20180906,1620,1630,,Sun-Shaded,79,UD4H,1,0,,,,,,,,,,,,,,,,,,,,,,,,,,,,,,,,,,,,,,,,,,,
"2,547",2018 People Staying Counts,CRO1,Weekend_Midday,Weekend,Midday,20180908,1244,1254,,Light Rain,64,UD4H,1,0,,,,,,,,,,,,,,,,,,,,,,,,,,,,,,,,,,,,,,,,,,,
"2,548",2018 People Staying Counts,CRO1,Weekend_Evening,Weekend,Evening,20180908,1633,1643,,Heavy Clouds,68,UD4H,1,0,,,,,,,,,,,,,,,,,,,,,,,,,,,,,,,,,,,,,,,,,,,
"2,549",2018 People Staying Counts,UPT1,Weekday2_Morning,Weekday,Morning,20180803,0945,0955,,Heavy Clouds,60,UD4H,1,1,1,1,,,1,,,,,,,,,,,,1,,,,1,,,,,,,,,,,,,,1,,,,,,,,
"2,550",2018 People Staying Counts,UPT1,Weekday2_Morning,Weekday,Morning,20180803,0945,0955,,Heavy Clouds,60,UD4H,2,1,1,1,,,1,,,,,,,,,,,1,,,,,1,,,,,1,,,,,,,,,1,,,,,,,,
"2,551",2018 People Staying Counts,UPT1,Weekday2_Morning,Weekday,Morning,20180803,0945,0955,,Heavy Clouds,60,UD4H,3,1,1,1,,,1,,,,,,,,,,,1,,,1,,,,,,,,,,,,,,,,,,1,,,,,,
"2,552",2018 People Staying Counts,UPT1,Weekday2_Morning,Weekday,Morning,20180803,0945,0955,,Heavy Clouds,60,UD4H,4,1,1,,1,,1,,,,,,,,,,,,1,,,,1,,,,,,,,,,,,,,,1,,,,,,,
"2,553",2018 People Staying Counts,UPT1,Weekday2_Morning,Weekday,Morning,20180803,0945,0955,,Heavy Clouds,60,UD4H,5,1,3,1,,,1,,,,,,,,,,,,1,,1,,,,,,,,,,,,1,,,,,1,,,,,,,
"2,554",2018 People Staying Counts,UPT1,Weekday2_Morning,Weekday,Morning,20180803,0945,0955,,Heavy Clouds,60,UD4H,6,1,3,1,,,1,,,,,,,,,,,,1,,1,,,,,,,,,,,,1,,,,,1,,,,,,,
"2,555",2018 People Staying Counts,UPT1,Weekday2_Morning,Weekday,Morning,20180803,0945,0955,,Heavy Clouds,60,UD4H,7,1,3,1,,,1,,,,,,,,,,,,1,,1,,,,,,,,,,,,,,1,,,1,,,,,,,
"2,556",2018 People Staying Counts,UPT1,Weekday2_Morning,Weekday,Morning,20180803,0945,0955,,Heavy Clouds,60,UD4H,8,1,1,1,,,,1,,,,,,,,,,1,,,,1,,,,,,,,,,,,,,,1,1,,,,,,,
"2,557",2018 People Staying Counts,UPT1,Weekday2_Morning,Weekday,Morning,20180803,0945,0955,,Heavy Clouds,60,UD4H,9,1,1,,1,,,,,1,,,,,,,,,1,,1,,,,,,,,,,,,1,,,,,1,,,,,,,
"2,558",2018 People Staying Counts,UPT1,Weekday2_Morning,Weekday,Morning,20180803,0945,0955,,Heavy Clouds,60,UD4H,10,1,1,1,,,1,,,,,,,,,,,,,1,1,,,,,,,,,,,,1,,,,,1,,,,,,,
"2,559",2018 People Staying Counts,UPT1,Weekday2_Morning,Weekday,Morning,20180803,0945,0955,,Heavy Clouds,60,UD4H,11,1,1,1,,,1,,,,,,,,,,,,,1,1,,,,,,,,,,,,,,,,1,1,,,,,,,
"2,560",2018 People Staying Counts,UPT1,Weekday2_Morning,Weekday,Morning,20180803,0945,0955,,Heavy Clouds,60,UD4H,12,1,1,1,,,,1,,,,,,,,,,,1,,1,,,,,,,,,,,,,,,,1,1,,,,,,,
"2,561",2018 People Staying Counts,UPT1,Weekday2_Morning,Weekday,Morning,20180803,0945,0955,,Heavy Clouds,60,UD4H,13,1,1,,1,,,1,,,,,,,,,,,1,,1,,,,,,,,,,,,1,,,,,,,,,,,1,
"2,562",2018 People Staying Counts,UPT1,Weekday2_Morning,Weekday,Morning,20180803,0945,0955,,Heavy Clouds,60,UD4H,14,1,1,1,,,1,,,,,,,,,,,1,,,1,,,,,,,,,,,,,,,,1,1,,,,,,,
"2,563",2018 People Staying Counts,UPT1,Weekday1_Morning,Weekday,Morning,20180730,0940,0950,,Sun-Exposed,69,UD4H,1,1,1,1,,,,1,,,,,,,,,,,1,,,1,,,,,,,,,,,,,,,1,,,,,,,,
"2,564",2018 People Staying Counts,UPT1,Weekday1_Morning,Weekday,Morning,20180730,0940,0950,,Sun-Exposed,69,UD4H,2,1,3,1,,,,,,1,,,,,,,,1,,,1,,,,,,,,,,,,,,1,,1,1,,,,,,,
"2,565",2018 People Staying Counts,UPT1,Weekday1_Morning,Weekday,Morning,20180730,0940,0950,,Sun-Exposed,69,UD4H,3,1,3,1,,,1,,,,,,,,,,,1,,,1,,,,,,,,,,,,1,,,,,1,,,,,,,
"2,566",2018 People Staying Counts,UPT1,Weekday1_Morning,Weekday,Morning,20180730,0940,0950,,Sun-Exposed,69,UD4H,4,1,3,1,,,1,,,,,,,,,,,1,,,1,,,,,,,,,,,,1,,,,,1,,,,,,,
"2,567",2018 People Staying Counts,UPT1,Weekday1_Midday,Weekday,Midday,20180730,1325,1335,,Sun-Exposed,80,UD4H,1,1,2,1,,,1,,,,,,,,,,,1,,,,,1,,,,,,,,,,1,,,,,,,,,,,,
"2,568",2018 People Staying Counts,UPT1,Weekday1_Midday,Weekday,Midday,20180730,1325,1335,,Sun-Exposed,80,UD4H,2,1,2,1,,,1,,,,,,,,,,,,1,,,,1,,,,,,,,,,1,,,,,,,,,,,,
"2,569",2018 People Staying Counts,UPT1,Weekday1_Midday,Weekday,Midday,20180730,1325,1335,,Sun-Exposed,80,UD4H,3,1,1,,1,,1,,,,,,,,,,,,1,,1,,,,,,,,,,,,,,,,1,1,,,,,,,
"2,570",2018 People Staying Counts,UPT1,Weekday1_Midday,Weekday,Midday,20180730,1325,1335,,Sun-Exposed,80,UD4H,4,1,1,1,,,1,,,,,,,,,,,,1,,1,,,,,,,,,,,,,,,,1,1,,,,,,,
"2,571",2018 People Staying Counts,UPT1,Weekday1_Midday,Weekday,Midday,20180730,1325,1335,,Sun-Exposed,80,UD4H,5,1,1,1,,,1,,,,,,,,,,,,1,,1,,,,,,,,,,,,,,,,1,1,,,,,,,
"2,572",2018 People Staying Counts,UPT1,Weekday1_Midday,Weekday,Midday,20180730,1325,1335,,Sun-Exposed,80,UD4H,6,1,1,,1,,1,,,,,,,,,,,1,,,1,,,,,,,,,,,,,1,1,,,,,,,,,,
"2,573",2018 People Staying Counts,UPT1,Weekday1_Midday,Weekday,Midday,20180730,1325,1335,,Sun-Exposed,80,UD4H,7,1,2,1,,,,,,,,1,,,,,,1,,,1,,,,,,,,,,,,1,,,,,,,,,,,,
"2,574",2018 People Staying Counts,UPT1,Weekday1_Midday,Weekday,Midday,20180730,1325,1335,,Sun-Exposed,80,UD4H,8,1,2,1,,,,,,,,1,,,,,,1,,,1,,,,,,,,,,,,1,,,,,,,,,,,,
"2,575",2018 People Staying Counts,UPT1,Weekday1_Evening,Weekday,Evening,20180730,1735,1745,,Sun-Exposed,86,UD4H,1,1,2,,1,,1,,,,,,,,,,,1,,,,,1,,,,,,,,,,1,,,,1,,,,,,,,
"2,576",2018 People Staying Counts,UPT1,Weekday1_Evening,Weekday,Evening,20180730,1735,1745,,Sun-Exposed,86,UD4H,2,1,2,1,,,1,,,,,,,,,,,1,,,,,1,,,,,,,,,,1,,,,1,,,,,,,,
"2,577",2018 People Staying Counts,UPT1,Weekday1_Evening,Weekday,Evening,20180730,1735,1745,,Sun-Exposed,86,UD4H,3,1,1,1,,,,1,,,,,,,,,,,1,,,,1,,,,,,,,,,1,,,,1,,,,1,,,,
"2,578",2018 People Staying Counts,UPT1,Weekday1_Evening,Weekday,Evening,20180730,1735,1745,,Sun-Exposed,86,UD4H,4,1,1,,1,,1,,,,,,,,,,,,1,,1,,,,,,,,,,,,,,,,1,1,,,,,,,
"2,579",2018 People Staying Counts,UPT1,Weekday1_Evening,Weekday,Evening,20180730,1735,1745,,Sun-Exposed,86,UD4H,5,1,1,,1,,1,,,,,,,,,,,1,,,1,,,,,,,,,,,,,,,,1,1,,,,,,,
"2,580",2018 People Staying Counts,UPT1,Weekday1_Evening,Weekday,Evening,20180730,1735,1745,,Sun-Exposed,86,UD4H,6,1,1,1,,,1,,,,,,,,,,,,1,,1,,,,,,,,,,,1,,,,,1,1,,,,,,,
"2,581",2018 People Staying Counts,UPT1,Weekday1_Evening,Weekday,Evening,20180730,1735,1745,,Sun-Exposed,86,UD4H,7,1,1,1,,,1,,,,,,,,,,,,1,,1,,,,,,,,,,,,,,,,1,1,,,,,,,
"2,582",2018 People Staying Counts,UPT1,Weekday1_Evening,Weekday,Evening,20180730,1735,1745,,Sun-Exposed,86,UD4H,8,1,1,1,,,,1,,,,,,,,,,,,1,,,1,,,,,,,,,,,,,,1,,,,1,,,,
"2,583",2018 People Staying Counts,UPT1,Weekday1_Evening,Weekday,Evening,20180730,1735,1745,,Sun-Exposed,86,UD4H,9,1,1,1,,,1,,,,,,,,,,,1,,,1,,,,,,,,,,,,,,,,1,,,1,,,,,
"2,584",2018 People Staying Counts,UPT1,Weekday2_Midday,Weekday,Midday,20180803,1338,1348,,Sun-Shaded,67,UD4H,1,1,2,,1,,1,,,,,,,,,,,,1,,,,1,,,,,,,,,,1,,,,,,,,,,,,
"2,585",2018 People Staying Counts,UPT1,Weekday2_Midday,Weekday,Midday,20180803,1338,1348,,Sun-Shaded,67,UD4H,2,1,2,1,,,1,,,,,,,,,,,,1,,,,1,,,,,,,,,,1,,,,,,,,,,,,
"2,586",2018 People Staying Counts,UPT1,Weekday2_Midday,Weekday,Midday,20180803,1338,1348,,Sun-Shaded,67,UD4H,3,1,1,1,,,,1,,,,,,,,,,,1,,,,1,,,,,,,,,,1,,,,,,,,1,,,,
"2,587",2018 People Staying Counts,UPT1,Weekday2_Midday,Weekday,Midday,20180803,1338,1348,,Sun-Shaded,67,UD4H,4,1,1,,1,,1,,,,,,,,,,,1,,,1,,,,,,,,,,,,,,,,,1,,,,,,,
"2,588",2018 People Staying Counts,UPT1,Weekday2_Midday,Weekday,Midday,20180803,1338,1348,,Sun-Shaded,67,UD4H,5,1,1,,1,,1,,,,,,,,,,,1,,,1,,,,,,,,,,,,,,,,,1,,,,,,,
"2,589",2018 People Staying Counts,UPT1,Weekday2_Midday,Weekday,Midday,20180803,1338,1348,,Sun-Shaded,67,UD4H,6,1,1,1,,,1,,,,,,,,,,,1,,,1,,,,,,,,,,,,,,,,,1,,,,,,,
"2,590",2018 People Staying Counts,UPT1,Weekday2_Midday,Weekday,Midday,20180803,1338,1348,,Sun-Shaded,67,UD4H,7,1,1,1,,,1,,,,,,,,,,,1,,,1,,,,,,,,,,,,,,,,,1,,,,,,,
"2,591",2018 People Staying Counts,UPT1,Weekday2_Midday,Weekday,Midday,20180803,1338,1348,,Sun-Shaded,67,UD4H,8,1,1,1,,,,1,,,,,,,,,,,1,,,,1,,,,,,,,,,,,,,1,,,,,,,,
"2,592",2018 People Staying Counts,UPT1,Weekday2_Midday,Weekday,Midday,20180803,1338,1348,,Sun-Shaded,67,UD4H,9,1,1,1,,,1,,,,,,,,,,,,1,,,1,,,,,,,,,,,,,,,1,,,1,,,,,
"2,593",2018 People Staying Counts,UPT1,Weekday2_Evening,Weekday,Evening,20180803,1734,1744,,Sun-Shaded,71,UD4H,1,1,2,1,,,1,,,,,,,,,,,,1,,,,1,,,,,,,,,1,1,,,,1,,,,,,,,
"2,594",2018 People Staying Counts,UPT1,Weekday2_Evening,Weekday,Evening,20180803,1734,1744,,Sun-Shaded,71,UD4H,2,1,2,1,,,1,,,,,,,,,,,,1,,,,1,,,,,,,,,1,1,,,,,,,,,,,,
"2,595",2018 People Staying Counts,UPT1,Weekday2_Evening,Weekday,Evening,20180803,1734,1744,,Sun-Shaded,71,UD4H,3,1,1,,1,,1,,,,,,,,,,,,1,,,,1,,,,,,,,,,,,1,,1,,,,,,,,
"2,596",2018 People Staying Counts,UPT1,Weekday2_Evening,Weekday,Evening,20180803,1734,1744,,Sun-Shaded,71,UD4H,4,1,2,,1,,1,,,,,,,,,,,1,,,1,,,,,,,,,,,,1,,,,,1,,,,,,,
"2,597",2018 People Staying Counts,UPT1,Weekday2_Evening,Weekday,Evening,20180803,1734,1744,,Sun-Shaded,71,UD4H,5,1,2,,1,,1,,,,,,,,,,,1,,,1,,,,,,,,,,,,1,,,,,1,,,,,,,
"2,598",2018 People Staying Counts,UPT1,Weekday2_Evening,Weekday,Evening,20180803,1734,1744,,Sun-Shaded,71,UD4H,6,1,1,1,,,1,,,,,,,,,,,1,,,,1,,,,,,,,,,,,,,,1,1,,,,,,,
"2,599",2018 People Staying Counts,UPT1,Weekday2_Evening,Weekday,Evening,20180803,1734,1744,,Sun-Shaded,71,UD4H,7,1,1,1,,,1,,,,,,,,,,,,1,,,,,,,1,,,,,,,,,,,1,1,,,,,,,
"2,600",2018 People Staying Counts,UPT1,Weekday2_Evening,Weekday,Evening,20180803,1734,1744,,Sun-Shaded,71,UD4H,8,1,1,1,,,,1,,,,,,,,,,,1,,,,,,,1,,,,,,,,,,,1,1,,,,,,,
"2,601",2018 People Staying Counts,UPT1,Weekday2_Evening,Weekday,Evening,20180803,1734,1744,,Sun-Shaded,71,UD4H,9,1,1,,1,,1,,,,,,,,,,,,1,,,,1,,,,,,,,,1,,,1,,,,,,,,,,
"2,602",2018 People Staying Counts,UPT1,Weekday2_Evening,Weekday,Evening,20180803,1734,1744,,Sun-Shaded,71,UD4H,10,1,1,1,,,1,,,,,,,,,,1,,,,,,1,,,,,,,,,1,,,1,,,,,,,,,,
"2,603",2018 People Staying Counts,UPT1,Weekend_Midday,Weekend,Midday,20180804,1400,1410,,Sun-Exposed,71,UD4H,1,1,1,1,,,1,,,,,,,,,,,,1,,,,1,,,,,,,,,,,,1,,1,,,,,,,,
"2,604",2018 People Staying Counts,UPT1,Weekend_Midday,Weekend,Midday,20180804,1400,1410,,Sun-Exposed,71,UD4H,2,1,1,1,,,1,,,,,,,,,,,1,,,1,,,,,,,,,,,,,,1,,1,,,,,,,,
"2,605",2018 People Staying Counts,UPT1,Weekend_Midday,Weekend,Midday,20180804,1400,1410,,Sun-Exposed,71,UD4H,3,1,1,1,,,1,,,,,,,,,,,,1,,,,1,,,,,,,,,,,,,,1,,,,,,,,
"2,606",2018 People Staying Counts,UPT1,Weekend_Midday,Weekend,Midday,20180804,1400,1410,,Sun-Exposed,71,UD4H,4,1,1,1,,,,,,,,1,,,,,,,1,,,,1,,,,,,,,,,,,,,1,,,,,,,,
"2,607",2018 People Staying Counts,UPT1,Weekend_Midday,Weekend,Midday,20180804,1400,1410,,Sun-Exposed,71,UD4H,5,1,1,,1,,,1,,,,,,,,,,1,,,,1,,,,,,,,,,,,,1,,1,1,,,,,,,
"2,608",2018 People Staying Counts,UPT1,Weekend_Midday,Weekend,Midday,20180804,1400,1410,,Sun-Exposed,71,UD4H,6,1,1,1,,,,,,,,1,,,,,,1,,,1,,,,,,,,,,,,,,,,1,1,,,,,,,
"2,609",2018 People Staying Counts,UPT1,Weekend_Evening,Weekend,Evening,20180804,1732,1742,,Sun-Exposed,77,UD4H,1,1,1,1,,,1,,,,,,,,,,,,1,,,,1,,,,,,,,,,,,,,1,,,,,,,,
"2,610",2018 People Staying Counts,UPT1,Weekend_Evening,Weekend,Evening,20180804,1732,1742,,Sun-Exposed,77,UD4H,2,1,2,,1,,1,,,,,,,,,,,1,,,,,1,,,,,,,,,1,1,,,,,,,,,,,,
"2,611",2018 People Staying Counts,UPT1,Weekend_Evening,Weekend,Evening,20180804,1732,1742,,Sun-Exposed,77,UD4H,3,1,2,,,1,1,,,,,,,,,,,1,,,,,1,,,,,,,,,1,1,,,,,,,,,,,,
"2,612",2018 People Staying Counts,UPT1,Weekend_Evening,Weekend,Evening,20180804,1732,1742,,Sun-Exposed,77,UD4H,4,1,1,1,,,1,,,,,,,,,,,,1,,,,,,,1,,,,,,,,,,,1,1,,,,,,,
"2,613",2018 People Staying Counts,UPT1,Weekend_Evening,Weekend,Evening,20180804,1732,1742,,Sun-Exposed,77,UD4H,5,1,1,1,,,1,,,,,,,,,,,1,,,1,,,,,,,,,,,,,,1,,,,,,,,,,
"2,614",2018 People Staying Counts,UPT1,Weekend_Evening,Weekend,Evening,20180804,1732,1742,,Sun-Exposed,77,UD4H,6,1,1,,1,,1,,,,,,,,,,,1,,,,1,,,,,,,,,,,,,1,,1,1,,,,,,,
"2,615",2018 People Staying Counts,BAL1,Weekend_Midday,Weekend,Midday,20180811,1310,1320,,Heavy Rain,69,UD4H,1,1,1,,1,,1,,,,,,,,,,,1,,,1,,,,,,,,1,,,,1,,,,,,,,,,,,
"2,616",2018 People Staying Counts,BAL1,Weekend_Midday,Weekend,Midday,20180811,1310,1320,,Heavy Rain,69,UD4H,2,1,1,1,,,1,,,,,,,,,,,,1,,,,1,,,,,,,,,,,1,,,1,1,,,,,,,
"2,617",2018 People Staying Counts,BAL1,Weekend_Midday,Weekend,Midday,20180811,1310,1320,,Heavy Rain,69,UD4H,3,1,2,,,1,1,,,,,,,,,,,1,,,1,,,,,,,,1,,,,1,,,,,,,,,,,,
"2,618",2018 People Staying Counts,BAL1,Weekend_Midday,Weekend,Midday,20180811,1310,1320,,Heavy Rain,69,UD4H,4,1,2,,1,,1,,,,,,,,,,,,1,,1,,,,,,,,,1,,,1,,,,,,,,,,,,
"2,619",2018 People Staying Counts,BAL1,Weekend_Midday,Weekend,Midday,20180811,1310,1320,,Heavy Rain,69,UD4H,5,1,1,,1,,1,,,,,,,,,,,,1,,,,,,1,,,1,,,,,1,,,,1,,,,,,1,,
"2,620",2018 People Staying Counts,BAL1,Weekend_Midday,Weekend,Midday,20180811,1310,1320,,Heavy Rain,69,UD4H,6,1,2,,1,,1,,,,,,,,,,,1,,,1,,,,,,,,1,,,,,,,,,,,,,,,,
"2,621",2018 People Staying Counts,BAL1,Weekend_Midday,Weekend,Midday,20180811,1310,1320,,Heavy Rain,69,UD4H,7,1,2,,1,,1,,,,,,,,,,,1,,,1,,,,,,,,,1,,,1,,,,,,,,,,,,
"2,622",2018 People Staying Counts,BAL1,Weekend_Evening,Weekend,Evening,20180811,1634,1644,,Light Clouds,69,UD4H,1,1,1,,1,,1,,,,,,,,,,,1,,,1,,,,,,,,,,1,,,,,,1,,,,,,,,
"2,623",2018 People Staying Counts,BAL1,Weekend_Evening,Weekend,Evening,20180811,1634,1644,,Light Clouds,69,UD4H,2,1,2,1,,,1,,,,,,,,,,,,1,,,1,,,,,,,,,,1,1,,,,1,,,,,,,,
"2,624",2018 People Staying Counts,BAL1,Weekend_Evening,Weekend,Evening,20180811,1634,1644,,Light Clouds,69,UD4H,3,1,2,,1,,1,,,,,,,,,,,,1,,1,,,,,,,,,,,1,1,,,,1,,,,,,,,
"2,625",2018 People Staying Counts,BAL1,Weekend_Evening,Weekend,Evening,20180811,1634,1644,,Light Clouds,69,UD4H,4,1,2,,1,,1,,,,,,,,,,,1,,,1,,,,,,,,1,,,,1,,,,,,,,,,,,
"2,626",2018 People Staying Counts,BAL1,Weekend_Evening,Weekend,Evening,20180811,1634,1644,,Light Clouds,69,UD4H,5,1,2,,1,,1,,,,,,,,,,,,,1,1,,,,,,,,,,1,,1,,,,,,,,,,,,
"2,627",2018 People Staying Counts,BAL1,Weekday1_Morning,Weekday,Morning,20180813,0858,0908,,Sun-Shaded,63,UD4H,1,1,1,1,,,1,,,,,,,,,,,,1,,1,,,,,,,,,,,,,,,,1,1,,,,,,,
"2,628",2018 People Staying Counts,BAL1,Weekday1_Midday,Weekday,Midday,20180813,1227,1237,,Sun-Shaded,71,UD4H,1,1,1,,1,,1,,,,,,,,,,,1,,,,,1,,,,,,,,,1,,,1,,1,,,,,,,,
"2,629",2018 People Staying Counts,BAL1,Weekday1_Evening,Weekday,Evening,20180813,1637,1647,,Sun-Shaded,81,UD4H,1,1,1,,1,,1,,,,,,,,,,,,,1,,,1,,,,,,,,1,1,1,,1,,1,,,,,,,,
"2,630",2018 People Staying Counts,BAL1,Weekday2_Morning,Weekday,Morning,20180815,0856,0906,,Light Clouds,63,UD4H,1,1,1,1,,,1,,,,,,,,,,,,1,,,,,1,,,,,,,1,1,,,1,,1,,,,,,,,
"2,631",2018 People Staying Counts,BAL1,Weekday2_Midday,Weekday,Midday,20180815,1226,1236,,Light Clouds,74,UD4H,1,1,1,1,,,1,,,,,,,,,,,,1,,1,,,,,,,,,,,,,,,,1,,,1,,,,,
"2,632",2018 People Staying Counts,BAL1,Weekday2_Midday,Weekday,Midday,20180815,1226,1236,,Light Clouds,74,UD4H,2,1,1,1,,,,,,,,1,,,,,1,,,,,,,1,,,,,,,1,1,,,,,1,,,,,,,,
"2,633",2018 People Staying Counts,BAL1,Weekday2_Midday,Weekday,Midday,20180815,1226,1236,,Light Clouds,74,UD4H,3,1,1,1,,,1,,,,,,,,,,,1,,,1,,,,,,,,,,,,,,1,,1,1,,,,,,,
"2,634",2018 People Staying Counts,BAL1,Weekday2_Evening,Weekday,Evening,20180815,1627,1637,,Light Clouds,84,UD4H,1,1,1,1,,,1,,,,,,,,,,,,1,,,,,1,,,,,,,1,1,,,,,1,,,,,,,,
"2,635",2018 People Staying Counts,BAL1,Weekday2_Evening,Weekday,Evening,20180815,1627,1637,,Light Clouds,84,UD4H,2,1,1,1,,,1,,,,,,,,,,1,,,,1,,,,,,,,,,,,,,,,1,,,1,,,,,
"2,636",2018 People Staying Counts,UQA2,Weekday1_Morning,Weekday,Morning,20180806,0956,1006,,Sun-Exposed,66,UD4H,1,1,1,,1,,1,,,,,,,,,,,1,,,1,,,,,,,,,,,,,,1,1,,,,,,,,,
"2,637",2018 People Staying Counts,UQA2,Weekday1_Morning,Weekday,Morning,20180806,0956,1006,,Sun-Exposed,66,UD4H,2,1,1,1,,,,,,,,,,1,,,,,1,,1,,,,,,,,,,,,,,1,,,,,,,,,,
"2,638",2018 People Staying Counts,UQA2,Weekday1_Morning,Weekday,Morning,20180806,0956,1006,,Sun-Exposed,66,UD4H,3,1,1,,1,,1,,,,,,,,,,,1,,,,,,,,1,,,,,,,,,1,,,,,,,,,,
"2,639",2018 People Staying Counts,UQA2,Weekday1_Midday,Weekday,Midday,20180806,1344,1354,,Sun-Shaded,76,UD4H,1,1,1,1,,,1,,,,,,,,,,,,,1,1,,,,,,,,,,,,,,1,,,,,,,,,,
"2,640",2018 People Staying Counts,UQA2,Weekday1_Midday,Weekday,Midday,20180806,1344,1354,,Sun-Shaded,76,UD4H,2,1,1,,1,,1,,,,,,,,,,,,1,,,,,,1,,,1,,,,,,,1,,,,,,,,,,
"2,641",2018 People Staying Counts,UQA2,Weekday1_Midday,Weekday,Midday,20180806,1344,1354,,Sun-Shaded,76,UD4H,3,1,3,1,,,1,,,,,,,,,,,,1,,1,,,,,,,,,,,,1,,,,,,,,,,,,
"2,642",2018 People Staying Counts,UQA2,Weekday1_Midday,Weekday,Midday,20180806,1344,1354,,Sun-Shaded,76,UD4H,4,1,3,,1,,1,,,,,,,,,,,1,,,1,,,,,,,,,,,,1,,,,,,,,,,,,
"2,643",2018 People Staying Counts,UQA2,Weekday1_Midday,Weekday,Midday,20180806,1344,1354,,Sun-Shaded,76,UD4H,5,1,3,1,,,1,,,,,,,,1,,,,,,,,,,1,,,1,,,,,,,,,1,,,,,,,,
"2,644",2018 People Staying Counts,UQA2,Weekday1_Evening,Weekday,Evening,20180806,1730,1740,,Sun-Shaded,83,UD4H,1,1,1,,1,,,,,1,,,,,,,1,,,,1,,,,,,,,,,,,,,1,,,,,,,,,,
"2,645",2018 People Staying Counts,UQA2,Weekday1_Evening,Weekday,Evening,20180806,1730,1740,,Sun-Shaded,83,UD4H,2,1,2,,1,,1,,,,,,,,,1,,,,,1,,,,,,,,,,1,,1,,,,,,,,,,,,
"2,646",2018 People Staying Counts,UQA2,Weekday1_Evening,Weekday,Evening,20180806,1730,1740,,Sun-Shaded,83,UD4H,3,1,2,,1,,1,,,,,,,,,1,,,,,1,,,,,,,,,,1,,1,,,,,,,,,,,,
"2,647",2018 People Staying Counts,UQA2,Weekday1_Evening,Weekday,Evening,20180806,1730,1740,,Sun-Shaded,83,UD4H,4,1,2,,1,,,,,,,1,,,,,1,,,,,,1,,,,,,,,,1,1,,,,,,,,,,,,
"2,648",2018 People Staying Counts,UQA2,Weekday1_Evening,Weekday,Evening,20180806,1730,1740,,Sun-Shaded,83,UD4H,5,1,2,1,,,1,,,,,,,,,,1,,,,,,1,,,,,,,,,1,1,,,,,,,,,,,,
"2,649",2018 People Staying Counts,UQA2,Weekend_Midday,Weekend,Midday,20180811,1250,1300,,Light Rain,66,UD4H,1,1,3,,1,,,,,1,,,,,,,,1,,,1,,,,,,,,,,,,1,,,,,,,,,,,,
"2,650",2018 People Staying Counts,UQA2,Weekend_Midday,Weekend,Midday,20180811,1250,1300,,Light Rain,66,UD4H,2,1,3,,1,,,,,1,,,,,1,,,,,,,,,,1,,,1,,,,,,,,,1,,,,,,,,
"2,651",2018 People Staying Counts,UQA2,Weekend_Midday,Weekend,Midday,20180811,1250,1300,,Light Rain,66,UD4H,3,1,3,1,,,,,,1,,,,,,,,1,,,1,,,,,,,,,,,,1,,,,,,,,,,,,
"2,652",2018 People Staying Counts,UQA2,Weekend_Midday,Weekend,Midday,20180811,1250,1300,,Light Rain,66,UD4H,4,1,2,1,,,1,,,,,,,,,,,1,,,1,,,,,,,,,,,1,1,,,,,,,,,,,,
"2,653",2018 People Staying Counts,UQA2,Weekend_Midday,Weekend,Midday,20180811,1250,1300,,Light Rain,66,UD4H,5,1,2,,1,,1,,,,,,,,,,,1,,,1,,,,,,,,,,,1,1,,,,,,,,,,,,
"2,654",2018 People Staying Counts,UQA2,Weekend_Midday,Weekend,Midday,20180811,1250,1300,,Light Rain,66,UD4H,6,1,2,,1,,1,,,,,,,,,,1,,,,1,,,,,,,,,,,,1,,,,,,,,,,,,
"2,655",2018 People Staying Counts,UQA2,Weekend_Midday,Weekend,Midday,20180811,1250,1300,,Light Rain,66,UD4H,7,1,2,,1,,1,,,,,,,,,,,1,,,1,,,,,,,,,,,,1,,,,,,,,,,,,
"2,656",2018 People Staying Counts,UQA2,Weekend_Evening,Weekend,Evening,20180804,1746,1756,,Sun-Shaded,75,UD4H,1,1,3,,1,,1,,,,,,,,,,,1,,,,,1,,,,,,,1,,1,1,,,,,,,,,,,,
"2,657",2018 People Staying Counts,UQA2,Weekend_Evening,Weekend,Evening,20180804,1746,1756,,Sun-Shaded,75,UD4H,2,1,3,,1,,1,,,,,,,,,1,,,,,,,1,,,,,,,,1,1,1,,,,,,,,,,,,
"2,658",2018 People Staying Counts,UQA2,Weekend_Evening,Weekend,Evening,20180804,1746,1756,,Sun-Shaded,75,UD4H,3,1,3,,1,,,,,,,,,1,,,1,,,,1,,,,,,,,1,,,,1,,,,,,,,,,,,
"2,659",2018 People Staying Counts,UQA2,Weekend_Evening,Weekend,Evening,20180804,1746,1756,,Sun-Shaded,75,UD4H,4,1,2,1,,,1,,,,,,,,,,,,1,,,,1,,,,,,,1,,1,1,,,,,,,,,,,,
"2,660",2018 People Staying Counts,UQA2,Weekend_Evening,Weekend,Evening,20180804,1746,1756,,Sun-Shaded,75,UD4H,5,1,2,,1,,1,,,,,,,,,,,,1,,,,1,,,,,,,1,,1,1,,,,,,,,,,,,
"2,661",2018 People Staying Counts,UQA2,Weekday2_Morning,Weekday,Morning,20180807,1006,1016,,Sun-Exposed,71,UD4H,1,0,,,,,,,,,,,,,,,,,,,,,,,,,,,,,,,,,,,,,,,,,,,
"2,662",2018 People Staying Counts,UQA2,Weekday2_Midday,Weekday,Midday,20180807,1341,1351,,Sun-Shaded,81,UD4H,1,1,2,,1,,1,,,,,,,,,,,1,,,1,,,,,,,,,,,,1,,,,,,,,,,,,
"2,663",2018 People Staying Counts,UQA2,Weekday2_Midday,Weekday,Midday,20180807,1341,1351,,Sun-Shaded,81,UD4H,2,1,2,,1,,,,,1,,,,,,,,1,,,1,,,,,,,,,,,,1,,,,,,,,,,,,
"2,664",2018 People Staying Counts,UQA2,Weekday2_Evening,Weekday,Evening,20180807,1750,1800,,Sun-Shaded,85,UD4H,1,1,1,1,,,1,,,,,,,,,,,1,,,1,,,,,,,,,,,,,,,,,,,,,,1,,
"2,665",2018 People Staying Counts,RAV1,Weekday1_Morning,Weekday,Morning,20180829,0841,0851,,Light Clouds,59,UD4H,1,1,1,1,,,,1,,,,,,,,,,1,,,1,,,,,,,,,,,,,,1,,,,1,,,,,,
"2,666",2018 People Staying Counts,RAV1,Weekday1_Morning,Weekday,Morning,20180829,0841,0851,,Light Clouds,59,UD4H,2,1,1,1,,,,,,,,1,,,,,,1,,,1,,,,,,,,,,,,,,,,,,1,,,,,,
"2,667",2018 People Staying Counts,RAV1,Weekday1_Morning,Weekday,Morning,20180829,0841,0851,,Light Clouds,59,UD4H,3,1,1,1,,,1,,,,,,,,,,1,,,,1,,,,,,,,,,,,,,1,,,,,,,,,,
"2,668",2018 People Staying Counts,RAV1,Weekday1_Midday,Weekday,Midday,20180827,1228,1238,,Sun-Exposed,67,UD4H,1,0,,,,,,,,,,,,,,,,,,,,,,,,,,,,,,,,,,,,,,,,,,,
"2,669",2018 People Staying Counts,RAV1,Weekday1_Evening,Weekday,Evening,20180827,1633,1643,,Sun-Shaded,73,UD4H,1,1,1,1,,,1,,,,,,,,,,,1,,,1,,,,,,,,,,,,,,1,1,,,,,,,,,
"2,670",2018 People Staying Counts,RAV1,Weekday1_Evening,Weekday,Evening,20180827,1633,1643,,Sun-Shaded,73,UD4H,2,1,1,1,,,,,,,,,,1,,,,1,,,1,,,,,,,,,,,,,,1,,,,,,,,,,
"2,671",2018 People Staying Counts,RAV1,Weekday2_Morning,Weekday,Morning,20180828,0914,0924,,Sun-Exposed,62,UD4H,1,0,,,,,,,,,,,,,,,,,,,,,,,,,,,,,,,,,,,,,,,,,,,
"2,672",2018 People Staying Counts,RAV1,Weekday2_Midday,Weekday,Midday,20180828,1249,1259,,Sun-Shaded,69,UD4H,1,1,1,1,,,,,,1,,,,,,,,,1,,1,,,,,,,,,,,,,,1,,,,,,,,,,
"2,673",2018 People Staying Counts,RAV1,Weekday2_Evening,Weekday,Evening,20180828,1700,1710,,Sun-Shaded,75,UD4H,1,1,1,1,,,1,,,,,,,,,,,1,,,1,,,,,,,,,,,,,,1,,,,,,,,,,
"2,674",2018 People Staying Counts,RAV1,Weekend_Midday,Weekend,Midday,20180901,1255,1305,,Heavy Clouds,64,UD4H,1,1,2,,1,,1,,,,,,,,,,,,1,,1,,,,,,,,,,,,1,,,,,,,,,,,,
"2,675",2018 People Staying Counts,RAV1,Weekend_Midday,Weekend,Midday,20180901,1255,1305,,Heavy Clouds,64,UD4H,2,1,2,1,,,1,,,,,,,,,,,,1,,1,,,,,,,,,,,,1,,,,,,,,,,,,
"2,676",2018 People Staying Counts,RAV1,Weekend_Evening,Weekend,Evening,20180901,1640,1650,,Sun-Shaded,69,UD4H,1,1,2,,1,,,,,,,,,1,,,,,1,,1,,,,,,,,,,,,1,,,,,,,,,,,,
"2,677",2018 People Staying Counts,RAV1,Weekend_Evening,Weekend,Evening,20180901,1640,1650,,Sun-Shaded,69,UD4H,2,1,2,,1,,,,,,,,,1,,,,,1,,1,,,,,,,,,,,1,1,,,,,,,1,,,,,
"2,678",2018 People Staying Counts,BLT3,Weekend_Midday,Weekend,Midday,20180714,1339,1349,,Sun-Shaded,80,UD4H,1,1,1,1,,,,1,,,,,,,,,,1,,,,1,,,,,,,,,,,,,1,,1,,,,,,,,
"2,679",2018 People Staying Counts,BLT3,Weekend_Midday,Weekend,Midday,20180714,1339,1349,,Sun-Shaded,80,UD4H,2,1,1,1,,,1,,,,,,,,,,,,1,,1,,,,,,,,,1,,,,,,,,,,,,,,,
"2,680",2018 People Staying Counts,BLT3,Weekend_Evening,Weekend,Evening,20180714,1724,1734,,Sun-Shaded,81,UD4H,1,1,1,,1,,1,,,,,,,,,,,,1,,1,,,,,,,,,,,,,,1,,,,,,,,,,
"2,681",2018 People Staying Counts,BLT3,Weekend_Evening,Weekend,Evening,20180714,1724,1734,,Sun-Shaded,81,UD4H,2,1,2,1,,,1,,,,,,,,,,,,1,,1,,,,,,,,,1,,,1,,,,,,,,,,,,
"2,682",2018 People Staying Counts,BLT3,Weekend_Evening,Weekend,Evening,20180714,1724,1734,,Sun-Shaded,81,UD4H,3,1,2,,1,,,,,,,1,,,,,,,1,,1,,,,,,,,,1,,,1,,,,,,,,,,,,
"2,683",2018 People Staying Counts,BLT3,Weekday1_Morning,Weekday,Morning,20180717,0936,0946,,Sun-Shaded,72,UD4H,1,1,1,,1,,1,,,,,,,,,,,,1,,1,,,,,,,,,1,,,,,,,,,,,,,,,
"2,684",2018 People Staying Counts,BLT3,Weekday1_Midday,Weekday,Midday,20180717,1329,1339,,Sun-Shaded,77,UD4H,1,1,1,,1,,1,,,,,,,,,,,,1,,1,,,,,,,,,,,,,,1,,,,,,,,,,
"2,685",2018 People Staying Counts,BLT3,Weekday1_Evening,Weekday,Evening,20180717,1627,1637,,Sun-Shaded,82,UD4H,1,1,2,1,,,1,,,,,,,,,,,,1,,1,,,,,,,,,,,,1,,1,,,,,,,,,,
"2,686",2018 People Staying Counts,BLT3,Weekday1_Evening,Weekday,Evening,20180717,1627,1637,,Sun-Shaded,82,UD4H,2,1,2,,1,,1,,,,,,,,,,,1,,,1,,,,,,,,,,,,1,,1,,,,,,,,,,
"2,687",2018 People Staying Counts,BLT3,Weekday1_Evening,Weekday,Evening,20180717,1627,1637,,Sun-Shaded,82,UD4H,3,1,1,,1,,1,,,,,,,,,,,,1,,1,,,,,,,,,,,,,,1,,,,,,,,,,
"2,688",2018 People Staying Counts,BLT3,Weekday2_Morning,Weekday,Morning,20180718,0931,0941,,Heavy Clouds,63,UD4H,1,1,1,1,,,,1,,,,,,,,,,1,,,1,,,,,,,,,,,1,,,,,1,,,,,,,,
"2,689",2018 People Staying Counts,BLT3,Weekday2_Midday,Weekday,Midday,20180718,1323,1333,,Sun-Shaded,68,UD4H,1,1,1,,1,,,1,,,,,,,,,,1,,,,,,,,1,,,,,,,,,1,,,,,,,,,,
"2,690",2018 People Staying Counts,BLT3,Weekday2_Midday,Weekday,Midday,20180718,1323,1333,,Sun-Shaded,68,UD4H,2,1,1,1,,,1,,,,,,,,,,,1,,,1,,,,,,,,,,,,,,,,1,,,1,,,,,
"2,691",2018 People Staying Counts,BLT3,Weekday2_Evening,Weekday,Evening,20180718,1625,1635,,Sun-Shaded,70,UD4H,1,1,1,1,,,,1,,,,,,,,,,1,,,1,,,,,,,,,,,,,,1,,,,,,,,,,
"2,692",2018 People Staying Counts,BLT3,Weekday2_Evening,Weekday,Evening,20180718,1625,1635,,Sun-Shaded,70,UD4H,2,1,1,1,,,1,,,,,,,,,,,1,,,1,,,,,,,,,,,,,,,,1,,,,,,,,
"2,693",2018 People Staying Counts,WAL1,Weekday1_Morning,Weekday,Morning,20180809,0828,0838,,Sun-Exposed,64,UD4H,1,1,1,,1,,1,,,,,,,,,,,,1,,1,,,,,,,,,,1,,,1,,,,,,,,,,,
"2,694",2018 People Staying Counts,WAL1,Weekday1_Morning,Weekday,Morning,20180809,0828,0838,,Sun-Exposed,64,UD4H,2,1,1,1,,,1,,,,,,,,,,,1,,,1,,,,,,,,,,,,,,,,,,,,,,1,1,
"2,695",2018 People Staying Counts,WAL1,Weekday1_Midday,Weekday,Midday,20180809,1221,1231,,Sun-Exposed,70,UD4H,1,1,1,1,,,1,,,,,,,,,,1,,,,1,,,,,,,,,,1,,,,,1,,,,,,,,,
"2,696",2018 People Staying Counts,WAL1,Weekday1_Midday,Weekday,Midday,20180809,1221,1231,,Sun-Exposed,70,UD4H,2,1,1,1,,,1,,,,,,,,,,,1,,,1,,,,,,,,,,,,,,,,,,,,,,1,1,
"2,697",2018 People Staying Counts,WAL1,Weekday1_Midday,Weekday,Midday,20180809,1221,1231,,Sun-Exposed,70,UD4H,3,1,1,1,,,1,,,,,,,,,,,,1,,1,,,,,,,,,,,,1,,,,,,,1,,,,,
"2,698",2018 People Staying Counts,WAL1,Weekday1_Midday,Weekday,Midday,20180809,1221,1231,,Sun-Exposed,70,UD4H,4,1,2,,1,,1,,,,,,,,,,,,1,,1,,,,,,,,,,,,1,,,,,,,,,,,,
"2,699",2018 People Staying Counts,WAL1,Weekday1_Midday,Weekday,Midday,20180809,1221,1231,,Sun-Exposed,70,UD4H,5,1,2,1,,,,1,,,,,,,,,,,1,,1,,,,,,,,,,,,1,,,,,,,,,,,,
"2,700",2018 People Staying Counts,WAL1,Weekday1_Evening,Weekday,Evening,20180809,1624,1634,,Sun-Exposed,88,UD4H,1,1,1,1,,,1,,,,,,,,,,,1,,,1,,,,,,,,1,,,,,,,,,,,1,,,,,
"2,701",2018 People Staying Counts,WAL1,Weekday1_Evening,Weekday,Evening,20180809,1624,1634,,Sun-Exposed,88,UD4H,2,1,1,1,,,1,,,,,,,,,,,,1,,1,,,,,,,,,,,,,,,1,,,,,,,,,
"2,702",2018 People Staying Counts,WAL1,Weekday1_Evening,Weekday,Evening,20180809,1624,1634,,Sun-Exposed,88,UD4H,3,1,1,,1,,,1,,,,,,,,,,1,,,1,,,,,,,,,1,,,,,1,,,,,,,,,,
"2,703",2018 People Staying Counts,WAL1,Weekday2_Morning,Weekday,Morning,20180810,0831,0841,,Sun-Shaded,68,UD4H,1,1,1,1,,,,,,,,1,,,,,1,,,,1,,,,,,,,1,,,,,,,1,,,,,,,,,
"2,704",2018 People Staying Counts,WAL1,Weekday2_Morning,Weekday,Morning,20180810,0831,0841,,Sun-Shaded,68,UD4H,2,1,1,,1,,1,,,,,,,,,,,,,1,1,,,,,,,,,,1,,,,,,,,,,,,,,
"2,705",2018 People Staying Counts,WAL1,Weekday2_Midday,Weekday,Midday,20180810,1231,1241,,Sun-Exposed,76,UD4H,1,1,1,1,,,1,,,,,,,,,1,,,,,,,1,,,,,,,,,,,,,,1,,,,,,,,
"2,706",2018 People Staying Counts,WAL1,Weekday2_Midday,Weekday,Midday,20180810,1231,1241,,Sun-Exposed,76,UD4H,2,1,2,1,,,1,,,,,,,,,,,1,,,1,,,,,,,,,1,,1,1,,,,,,,,,,,,
"2,707",2018 People Staying Counts,WAL1,Weekday2_Midday,Weekday,Midday,20180810,1231,1241,,Sun-Exposed,76,UD4H,3,1,2,1,,,1,,,,,,,,,,,1,,,1,,,,,,,,,,,,1,,,,,,,,,,,,
"2,708",2018 People Staying Counts,WAL1,Weekday2_Evening,Weekday,Evening,20180810,1620,1630,,Sun-Shaded,81,UD4H,1,0,,,,,,,,,,,,,,,,,,,,,,,,,,,,,,,,,,,,,,,,,,,
"2,709",2018 People Staying Counts,WAL1,Weekend_Midday,Weekend,Midday,20180818,1232,1242,,Sun-Exposed,70,UD4H,1,1,2,1,,,1,,,,,,,,,,1,,,,,1,,,,,,,,,,,1,,1,,,,,,,,,,
"2,710",2018 People Staying Counts,WAL1,Weekend_Midday,Weekend,Midday,20180818,1232,1242,,Sun-Exposed,70,UD4H,2,1,2,,1,,1,,,,,,,,,,1,,,,,1,,,,,,,,,,,1,,1,,,,,,,,,,
"2,711",2018 People Staying Counts,WAL1,Weekend_Evening,Weekend,Evening,20180818,1633,1643,,Sun-Exposed,76,UD4H,1,1,1,1,,,1,,,,,,,,,,,1,,,1,,,,,,,,,,,,,,1,,,,,1,,,,,
"2,712",2018 People Staying Counts,WAL1,Weekend_Evening,Weekend,Evening,20180818,1633,1643,,Sun-Exposed,76,UD4H,2,1,1,,1,,1,,,,,,,,,,,1,,,1,,,,,,,,1,,,,,,,,,,1,,,,,,
"2,713",2018 People Staying Counts,RSV2,Weekday1_Morning,Weekday,Morning,20180910,0950,1000,,Heavy Clouds,61,UD4H,1,1,1,,1,,1,,,,,,,,,,1,,,,,1,,,,,,,,,,,,,1,,1,,,,,,,,
"2,714",2018 People Staying Counts,RSV2,Weekday1_Midday,Weekday,Midday,20180910,1325,1335,,Heavy Clouds,65,UD4H,1,0,,,,,,,,,,,,,,,,,,,,,,,,,,,,,,,,,,,,,,,,,,,
"2,715",2018 People Staying Counts,RSV2,Weekday1_Evening,Weekday,Evening,20180910,1722,1732,,Heavy Clouds,67,UD4H,1,0,,,,,,,,,,,,,,,,,,,,,,,,,,,,,,,,,,,,,,,,,,,
"2,716",2018 People Staying Counts,RSV2,Weekday2_Morning,Weekday,Morning,20180914,0940,0950,,Heavy Rain,55,UD4H,1,0,,,,,,,,,,,,,,,,,,,,,,,,,,,,,,,,,,,,,,,,,,,
"2,717",2018 People Staying Counts,RSV2,Weekday2_Midday,Weekday,Midday,20180914,1322,1332,,Heavy Clouds,62,UD4H,1,0,,,,,,,,,,,,,,,,,,,,,,,,,,,,,,,,,,,,,,,,,,,
"2,718",2018 People Staying Counts,RSV2,Weekday2_Evening,Weekday,Evening,20180914,1730,1740,event:accidents_emergency,Heavy Clouds,66,UD4H,1,0,,,,,,,,,,,,,,,,,,,,,,,,,,,,,,,,,,,,,,,,,,,
"2,719",2018 People Staying Counts,RSV2,Weekend_Midday,Weekend,Midday,20180915,1328,1338,,Light Rain,64,UD4H,1,0,,,,,,,,,,,,,,,,,,,,,,,,,,,,,,,,,,,,,,,,,,,
"2,720",2018 People Staying Counts,RSV2,Weekend_Evening,Weekend,Evening,20180915,1730,1740,,Light Clouds,64,UD4H,1,1,1,,1,,1,,,,,,,,,,,1,,,1,,,,,,,,,,,,,,1,,1,,,,,,,,
"2,721",2018 People Staying Counts,BAL3,Weekday1_Morning,Weekday,Morning,20180731,0821,0831,,Heavy Clouds,63,UD4H,1,1,1,1,,,1,,,,,,,,,,,1,,,1,,,,,,,,,,,,,,,,,,,1,,,,,
"2,722",2018 People Staying Counts,BAL3,Weekday1_Morning,Weekday,Morning,20180731,0821,0831,,Heavy Clouds,63,UD4H,2,1,1,1,,,1,,,,,,,,,,,1,,,1,,,,,,,,,,,,,,,,,,1,,,,,,
"2,723",2018 People Staying Counts,BAL3,Weekday1_Morning,Weekday,Morning,20180731,0821,0831,,Heavy Clouds,63,UD4H,3,1,1,,1,,1,,,,,,,,,,,1,,,1,,,,,,,,,,,1,,,,,1,,,,,,,,
"2,724",2018 People Staying Counts,BAL3,Weekday1_Midday,Weekday,Midday,20180731,1223,1233,,Light Clouds,70,UD4H,1,1,1,1,,,1,,,,,,,,,,,1,,,1,,,,,,,,,,,1,,,,,,,,1,,,,,
"2,725",2018 People Staying Counts,BAL3,Weekday1_Midday,Weekday,Midday,20180731,1223,1233,,Light Clouds,70,UD4H,2,1,1,1,,,1,,,,,,,,,,,1,,,1,,,,,,,,,,,,,,,,1,,,,,,,,
"2,726",2018 People Staying Counts,BAL3,Weekday1_Midday,Weekday,Midday,20180731,1223,1233,,Light Clouds,70,UD4H,3,1,1,1,,,1,,,,,,,,,,,,,1,1,,,,,,,,,,,1,,,,,,,,,,,,,
"2,727",2018 People Staying Counts,BAL3,Weekday1_Midday,Weekday,Midday,20180731,1223,1233,,Light Clouds,70,UD4H,4,1,1,1,,,,1,,,,,,,,,,1,,,1,,,,,,,,,,,,,,,,,,1,,,,,,
"2,728",2018 People Staying Counts,BAL3,Weekday1_Midday,Weekday,Midday,20180731,1223,1233,,Light Clouds,70,UD4H,5,1,1,,1,,,,,1,,,,,,,,1,,,1,,,,,,,,,,,,,,1,,,,,,,,,,
"2,729",2018 People Staying Counts,BAL3,Weekday1_Midday,Weekday,Midday,20180731,1223,1233,,Light Clouds,70,UD4H,6,1,2,1,,,1,,,,,,,,,,,1,,,1,,,,,,,,,,1,,1,,,,,,,,,,,,
"2,730",2018 People Staying Counts,BAL3,Weekday1_Midday,Weekday,Midday,20180731,1223,1233,,Light Clouds,70,UD4H,7,1,2,1,,,1,,,,,,,,,,,1,,,1,,,,,,,,,,1,,1,,,,,,,,,,,,
"2,731",2018 People Staying Counts,BAL3,Weekday1_Midday,Weekday,Midday,20180731,1223,1233,,Light Clouds,70,UD4H,8,1,1,1,,,1,,,,,,,,,,,1,,,1,,,,,,,,,,1,,,,,,,,,,,,,,
"2,732",2018 People Staying Counts,BAL3,Weekday1_Midday,Weekday,Midday,20180731,1223,1233,,Light Clouds,70,UD4H,9,1,1,,1,,1,,,,,,,,,,,1,,,1,,,,,,,,,,,,,,1,,,,,,,,,,
"2,733",2018 People Staying Counts,BAL3,Weekday1_Evening,Weekday,Evening,20180731,1621,1631,,Sun-Shaded,79,UD4H,1,1,2,1,,,1,,,,,,,,,,,1,,,1,,,,,,,,,,1,1,1,,,,,,,,,,,,
"2,734",2018 People Staying Counts,BAL3,Weekday1_Evening,Weekday,Evening,20180731,1621,1631,,Sun-Shaded,79,UD4H,2,1,2,,1,,1,,,,,,,,,,,1,,,1,,,,,,,,,,1,1,1,,,,,,,,,,,,
"2,735",2018 People Staying Counts,BAL3,Weekday1_Evening,Weekday,Evening,20180731,1621,1631,,Sun-Shaded,79,UD4H,3,1,1,,1,,1,,,,,,,,,,1,,,,1,,,,,,,,,,1,,,,,,,,,,,,,,
"2,736",2018 People Staying Counts,BAL3,Weekday1_Evening,Weekday,Evening,20180731,1621,1631,,Sun-Shaded,79,UD4H,4,1,1,1,,,1,,,,,,,,,,,,1,,1,,,,,,,,,,1,,,,,,,,,,,,,,
"2,737",2018 People Staying Counts,BAL3,Weekday1_Evening,Weekday,Evening,20180731,1621,1631,,Sun-Shaded,79,UD4H,5,1,1,1,,,1,,,,,,,,,,,1,,,1,,,,,,,,,,,,,,1,,,,,,,,,,
"2,738",2018 People Staying Counts,BAL3,Weekday1_Evening,Weekday,Evening,20180731,1621,1631,,Sun-Shaded,79,UD4H,6,1,1,,1,,1,,,,,,,,,,,,1,,1,,,,,,,,,,,,,,1,,,,,,,,,,
"2,739",2018 People Staying Counts,BAL3,Weekday1_Evening,Weekday,Evening,20180731,1621,1631,,Sun-Shaded,79,UD4H,7,1,1,1,,,1,,,,,,,,,,1,,,,,,,1,,,,,,,,,,,1,,,,,,,,,,
"2,740",2018 People Staying Counts,BAL3,Weekday1_Evening,Weekday,Evening,20180731,1621,1631,,Sun-Shaded,79,UD4H,8,1,2,1,,,1,,,,,,,,,,,1,,,1,,,,,,,,,,,,1,,,,,,,,,,,,
"2,741",2018 People Staying Counts,BAL3,Weekday1_Evening,Weekday,Evening,20180731,1621,1631,,Sun-Shaded,79,UD4H,9,1,2,1,,,1,,,,,,,,,,,1,,,1,,,,,,,,,,,,1,,,,,,,,,,,,
"2,742",2018 People Staying Counts,BAL3,Weekday1_Evening,Weekday,Evening,20180731,1621,1631,,Sun-Shaded,79,UD4H,10,1,3,,1,,1,,,,,,,,,,1,,,,,,,1,,,,,,,,,1,,,,,,,,,,,,
"2,743",2018 People Staying Counts,BAL3,Weekday1_Evening,Weekday,Evening,20180731,1621,1631,,Sun-Shaded,79,UD4H,11,1,3,,1,,,1,,,,,,,,,1,,,,,,,1,,,,,,,,,1,,,,,,,,,,,,
"2,744",2018 People Staying Counts,BAL3,Weekday1_Evening,Weekday,Evening,20180731,1621,1631,,Sun-Shaded,79,UD4H,12,1,3,,1,,1,,,,,,,,,,1,,,,,,,1,,,,,,1,,,1,,,,,,,,,,,,
"2,745",2018 People Staying Counts,BAL3,Weekday1_Evening,Weekday,Evening,20180731,1621,1631,,Sun-Shaded,79,UD4H,13,1,2,,1,,1,,,,,,,,,,,1,,,1,,,,,,,,,,1,,1,,,,,,,,,,,,
"2,746",2018 People Staying Counts,BAL3,Weekday1_Evening,Weekday,Evening,20180731,1621,1631,,Sun-Shaded,79,UD4H,14,1,2,,1,,1,,,,,,,,1,,,,,,1,,,,,,,,,,,,1,,,,,,,,,,,,
"2,747",2018 People Staying Counts,BAL3,Weekday1_Evening,Weekday,Evening,20180731,1621,1631,,Sun-Shaded,79,UD4H,15,1,1,,1,,1,,,,,,,,,,,,1,,,1,,,,,,,,,,,,,1,,,,,,,,,,
"2,748",2018 People Staying Counts,BAL3,Weekday1_Evening,Weekday,Evening,20180731,1621,1631,,Sun-Shaded,79,UD4H,16,1,1,1,,,1,,,,,,,,,,,1,,,1,,,,,,,,,,,,1,,1,,,,,,,,,,
"2,749",2018 People Staying Counts,BAL3,Weekday1_Evening,Weekday,Evening,20180731,1621,1631,,Sun-Shaded,79,UD4H,17,1,3,,1,,1,,,,,,,,,,,1,,,1,,,,,,,,,,,,1,,1,,,,,,,,,,
"2,750",2018 People Staying Counts,BAL3,Weekday1_Evening,Weekday,Evening,20180731,1621,1631,,Sun-Shaded,79,UD4H,18,1,3,,1,,1,,,,,,,,,1,,,,,1,,,,,,,,,,,,1,,,,,,,,,,,,
"2,751",2018 People Staying Counts,BAL3,Weekday1_Evening,Weekday,Evening,20180731,1621,1631,,Sun-Shaded,79,UD4H,19,1,3,,1,,1,,,,,,,,,1,,,,,1,,,,,,,,,,,,1,,,,,,,,,,,,
"2,752",2018 People Staying Counts,BAL3,Weekday1_Evening,Weekday,Evening,20180731,1621,1631,,Sun-Shaded,79,UD4H,20,1,1,1,,,1,,,,,,,,,1,,,,,,,,1,,,,,,,,1,,,1,,,,,,,,,,
"2,753",2018 People Staying Counts,BAL3,Weekday1_Evening,Weekday,Evening,20180731,1621,1631,,Sun-Shaded,79,UD4H,21,1,1,,1,,1,,,,,,,,,,,1,,,,1,,,,,,,,,,,,,1,,,,,,,,,,
"2,754",2018 People Staying Counts,BAL3,Weekday2_Morning,Weekday,Morning,20180801,0835,0845,,Light Rain,60,UD4H,1,1,2,1,,,1,,,,,,,,,,,1,,,,,,1,,,,,,,,,1,,,,,,,,,,,,
"2,755",2018 People Staying Counts,BAL3,Weekday2_Morning,Weekday,Morning,20180801,0835,0845,,Light Rain,60,UD4H,2,1,2,,1,,1,,,,,,,,,,,1,,,,,,1,,,,,,,,,1,,,,,,,1,,,,,
"2,756",2018 People Staying Counts,BAL3,Weekday2_Morning,Weekday,Morning,20180801,0835,0845,,Light Rain,60,UD4H,3,1,1,1,,,1,,,,,,,,,,,,1,,1,,,,,,,,,,1,,,,,,,,,,,,,,
"2,757",2018 People Staying Counts,BAL3,Weekday2_Morning,Weekday,Morning,20180801,0835,0845,,Light Rain,60,UD4H,4,1,1,1,,,1,,,,,,,,,,,1,,,1,,,,,,,,,,,1,,,,,1,,,,,,,,
"2,758",2018 People Staying Counts,BAL3,Weekday2_Morning,Weekday,Morning,20180801,0835,0845,,Light Rain,60,UD4H,5,1,1,,1,,1,,,,,,,,,,,,1,,1,,,,,,,,,,,,,,,1,,,,,,,,,
"2,759",2018 People Staying Counts,BAL3,Weekday2_Morning,Weekday,Morning,20180801,0835,0845,,Light Rain,60,UD4H,6,1,1,1,,,1,,,,,,,,,,,1,,,,,,1,,,,,,,,,,,1,,,,,1,,,,,
"2,760",2018 People Staying Counts,BAL3,Weekday2_Midday,Weekday,Midday,20180801,1221,1231,,Heavy Clouds,67,UD4H,1,1,1,,1,,1,,,,,,,,,,,1,,,1,,,,,,,,,,1,,,,,,,,,,,,,,
"2,761",2018 People Staying Counts,BAL3,Weekday2_Midday,Weekday,Midday,20180801,1221,1231,,Heavy Clouds,67,UD4H,2,1,1,,1,,1,,,,,,,,,,,,1,,1,,,,,,,,,,,,,,,,,,1,,,,,,
"2,762",2018 People Staying Counts,BAL3,Weekday2_Midday,Weekday,Midday,20180801,1221,1231,,Heavy Clouds,67,UD4H,3,1,1,,1,,1,,,,,,,,,,,1,,,,,,1,,,,,,,,,,,1,,,,,,,,,,
"2,763",2018 People Staying Counts,BAL3,Weekday2_Midday,Weekday,Midday,20180801,1221,1231,,Heavy Clouds,67,UD4H,4,1,1,1,,,1,,,,,,,,,,,1,,,1,,,,,,,,,,,,,,1,,,,,1,,,,,
"2,764",2018 People Staying Counts,BAL3,Weekday2_Midday,Weekday,Midday,20180801,1221,1231,,Heavy Clouds,67,UD4H,5,1,2,1,,,1,,,,,,,,,,,1,,,1,,,,,,,,,,,,1,,,,,,,1,,,,,
"2,765",2018 People Staying Counts,BAL3,Weekday2_Midday,Weekday,Midday,20180801,1221,1231,,Heavy Clouds,67,UD4H,6,1,2,,1,,1,,,,,,,,,,,1,,,1,,,,,,,,,,,,1,,,,,,,1,,,,,
"2,766",2018 People Staying Counts,BAL3,Weekday2_Midday,Weekday,Midday,20180801,1221,1231,,Heavy Clouds,67,UD4H,7,1,1,1,,,1,,,,,,,,,,,1,,,1,,,,,,,,,,,,,,1,,,,,,,,,,
"2,767",2018 People Staying Counts,BAL3,Weekday2_Midday,Weekday,Midday,20180801,1221,1231,,Heavy Clouds,67,UD4H,8,1,1,,1,,1,,,,,,,,,,,1,,,1,,,,,,,,,,,,,,,,,,,1,,,,,
"2,768",2018 People Staying Counts,BAL3,Weekday2_Midday,Weekday,Midday,20180801,1221,1231,,Heavy Clouds,67,UD4H,9,1,1,,1,,1,,,,,,,,,,,,,1,1,,,,,,,,,,,,,,1,,,,,,,,,,
"2,769",2018 People Staying Counts,BAL3,Weekday2_Midday,Weekday,Midday,20180801,1221,1231,,Heavy Clouds,67,UD4H,10,1,1,1,,,,,,1,,,,,,,,1,,,1,,,,,,,,,,1,,,,,,,,,,,,,,
"2,770",2018 People Staying Counts,BAL3,Weekday2_Midday,Weekday,Midday,20180801,1221,1231,,Heavy Clouds,67,UD4H,11,1,1,,1,,1,,,,,,,,,,1,,,,1,,,,,,,,,,,,,,1,,,,,,,,,,
"2,771",2018 People Staying Counts,BAL3,Weekday2_Midday,Weekday,Midday,20180801,1221,1231,,Heavy Clouds,67,UD4H,12,1,2,,1,,,,,1,,,,,,,1,,,,1,,,,,,,,,,1,,1,,,,,,,,,,,,
"2,772",2018 People Staying Counts,BAL3,Weekday2_Midday,Weekday,Midday,20180801,1221,1231,,Heavy Clouds,67,UD4H,13,1,2,,1,,1,,,,,,,,,,1,,,,1,,,,,,,,,,1,,1,,,,,,,,,,,,
"2,773",2018 People Staying Counts,BAL3,Weekday2_Midday,Weekday,Midday,20180801,1221,1231,,Heavy Clouds,67,UD4H,14,1,1,1,,,1,,,,,,,,,,,1,,,1,,,,,,,,,,1,,,,,,,,,,,,,,
"2,774",2018 People Staying Counts,BAL3,Weekday2_Midday,Weekday,Midday,20180801,1221,1231,,Heavy Clouds,67,UD4H,15,1,1,1,,,1,,,,,,,,,,,1,,,1,,,,,,,,,,,,,,1,,,,,,,,,,
"2,775",2018 People Staying Counts,BAL3,Weekday2_Midday,Weekday,Midday,20180801,1221,1231,,Heavy Clouds,67,UD4H,16,1,1,1,,,1,,,,,,,,,,,1,,,1,,,,,,,,,,,,,,1,,,,,,,,,,
"2,776",2018 People Staying Counts,BAL3,Weekday2_Midday,Weekday,Midday,20180801,1221,1231,,Heavy Clouds,67,UD4H,17,1,1,1,,,1,,,,,,,,,,,1,,,,1,,,,,,,,,,,,,1,,,,,,,,,,
"2,777",2018 People Staying Counts,BAL3,Weekday2_Evening,Weekday,Evening,20180801,1621,1631,,Sun-Shaded,75,UD4H,1,1,1,,1,,1,,,,,,,,,,1,,,,,,,1,,,,,,,,,,,1,,,,,,,,,,
"2,778",2018 People Staying Counts,BAL3,Weekday2_Evening,Weekday,Evening,20180801,1621,1631,,Sun-Shaded,75,UD4H,2,1,1,,1,,1,,,,,,,,,,,,1,,1,,,,,,,,,,1,,,,,,1,,,,,,,,
"2,779",2018 People Staying Counts,BAL3,Weekday2_Evening,Weekday,Evening,20180801,1621,1631,,Sun-Shaded,75,UD4H,3,1,3,1,,,1,,,,,,,,,,,1,,,1,,,,,,,,,,1,,1,,,,,,,,,,,,
"2,780",2018 People Staying Counts,BAL3,Weekday2_Evening,Weekday,Evening,20180801,1621,1631,,Sun-Shaded,75,UD4H,4,1,3,,1,,1,,,,,,,,,,,1,,,1,,,,,,,,,,1,,1,,,,,,,,,,,,
"2,781",2018 People Staying Counts,BAL3,Weekday2_Evening,Weekday,Evening,20180801,1621,1631,,Sun-Shaded,75,UD4H,5,1,3,,,1,1,,,,,,,,1,,,,,,,,,,1,,,,,,,,,,,,1,,,,,,,,
"2,782",2018 People Staying Counts,BAL3,Weekday2_Evening,Weekday,Evening,20180801,1621,1631,,Sun-Shaded,75,UD4H,6,1,1,,1,,1,,,,,,,,,,1,,,,1,,,,,,,,,,,,1,,,,,,,,,,,,
"2,783",2018 People Staying Counts,BAL3,Weekday2_Evening,Weekday,Evening,20180801,1621,1631,,Sun-Shaded,75,UD4H,7,1,2,,1,,1,,,,,,,,,,,,1,,1,,,,,,,,,,,,1,,,,,,,,,,,,
"2,784",2018 People Staying Counts,BAL3,Weekday2_Evening,Weekday,Evening,20180801,1621,1631,,Sun-Shaded,75,UD4H,8,1,2,,1,,1,,,,,,,,,,,,,1,1,,,,,,,,,,,,1,,,,,,,,,,,,
"2,785",2018 People Staying Counts,BAL3,Weekday2_Evening,Weekday,Evening,20180801,1621,1631,,Sun-Shaded,75,UD4H,9,1,1,,1,,1,,,,,,,,,,,1,,,1,,,,,,,,,,,,,,1,,,,,,,,,,
"2,786",2018 People Staying Counts,BAL3,Weekday2_Evening,Weekday,Evening,20180801,1621,1631,,Sun-Shaded,75,UD4H,10,1,1,1,,,1,,,,,,,,,,,1,,,1,,,,,,,,,,1,,,,,,,,,,,,,,
"2,787",2018 People Staying Counts,BAL3,Weekday2_Evening,Weekday,Evening,20180801,1621,1631,,Sun-Shaded,75,UD4H,11,1,2,1,,,1,,,,,,,,,,,,1,,1,,,,,,,,,,,,1,,,,,,,,,,,,
"2,788",2018 People Staying Counts,BAL3,Weekday2_Evening,Weekday,Evening,20180801,1621,1631,,Sun-Shaded,75,UD4H,12,1,2,1,,,1,,,,,,,,,,,,1,,1,,,,,,,,,,,,1,,,,,,,,,,,,
"2,789",2018 People Staying Counts,BAL3,Weekday2_Evening,Weekday,Evening,20180801,1621,1631,,Sun-Shaded,75,UD4H,13,1,3,1,,,1,,,,,,,,,,,,1,,1,,,,,,,,,,1,,1,,,,,,,,,,,,
"2,790",2018 People Staying Counts,BAL3,Weekday2_Evening,Weekday,Evening,20180801,1621,1631,,Sun-Shaded,75,UD4H,14,1,3,,1,,1,,,,,,,,,,,,1,,1,,,,,,,,,,1,,1,,,,,,,,,,,,
"2,791",2018 People Staying Counts,BAL3,Weekday2_Evening,Weekday,Evening,20180801,1621,1631,,Sun-Shaded,75,UD4H,15,1,3,1,,,1,,,,,,,,,,1,,,,1,,,,,,,,,,1,,1,,,,,,,,,,,,
"2,792",2018 People Staying Counts,BAL3,Weekday2_Evening,Weekday,Evening,20180801,1621,1631,,Sun-Shaded,75,UD4H,16,1,1,1,,,1,,,,,,,,,,,1,,,,1,,,,,,,,,,,,,,,1,,,1,,,,,
"2,793",2018 People Staying Counts,BAL3,Weekday2_Evening,Weekday,Evening,20180801,1621,1631,,Sun-Shaded,75,UD4H,17,1,1,1,,,1,,,,,,,,,,,1,,,1,,,,,,,,,,,,1,,,,,,,1,,,,,
"2,794",2018 People Staying Counts,BAL3,Weekday2_Evening,Weekday,Evening,20180801,1621,1631,,Sun-Shaded,75,UD4H,18,1,1,1,,,1,,,,,,,,,,,1,,,1,,,,,,,,,,,,,,1,,,,,1,,,,,
"2,795",2018 People Staying Counts,BAL3,Weekday2_Evening,Weekday,Evening,20180801,1621,1631,,Sun-Shaded,75,UD4H,19,1,1,,1,,,,,,,1,,,,,1,,,,1,,,,,,,,,,,,,,1,,,,,,,,,,
"2,796",2018 People Staying Counts,BAL3,Weekday2_Evening,Weekday,Evening,20180801,1621,1631,,Sun-Shaded,75,UD4H,20,1,1,,1,,1,,,,,,,,,,1,,,,1,,,,,,,,,,,,,,1,,,,,,,,,,
"2,797",2018 People Staying Counts,BAL3,Weekend_Midday,Weekend,Midday,20180804,1222,1232,,Sun-Shaded,69,UD4H,1,1,1,,1,,1,,,,,,,,,,,1,,,1,,,,,,,,,,,,,,1,,,,,,,,,,
"2,798",2018 People Staying Counts,BAL3,Weekend_Midday,Weekend,Midday,20180804,1222,1232,,Sun-Shaded,69,UD4H,2,1,2,1,,,1,,,,,,,,,,,1,,,1,,,,,,,,,,1,,,,,,,,,,,,,,
"2,799",2018 People Staying Counts,BAL3,Weekend_Midday,Weekend,Midday,20180804,1222,1232,,Sun-Shaded,69,UD4H,3,1,2,,1,,1,,,,,,,,,,,1,,,1,,,,,,,,,,1,,,,,,,,,,,,,,
"2,800",2018 People Staying Counts,BAL3,Weekend_Midday,Weekend,Midday,20180804,1222,1232,,Sun-Shaded,69,UD4H,4,1,2,1,,,1,,,,,,,,,,,1,,,1,,,,,,,,,,,,1,,,,,,,,,,,,
"2,801",2018 People Staying Counts,BAL3,Weekend_Midday,Weekend,Midday,20180804,1222,1232,,Sun-Shaded,69,UD4H,5,1,2,1,,,1,,,,,,,,,,,1,,,1,,,,,,,,,,,,1,,,,,,,,,,,,
"2,802",2018 People Staying Counts,BAL3,Weekend_Midday,Weekend,Midday,20180804,1222,1232,,Sun-Shaded,69,UD4H,6,1,1,1,,,1,,,,,,,,,,,1,,,1,,,,,,,,,,,,,,,,,,,1,,,,,
"2,803",2018 People Staying Counts,BAL3,Weekend_Midday,Weekend,Midday,20180804,1222,1232,,Sun-Shaded,69,UD4H,7,1,2,1,,,1,,,,,,,,,,,,,1,,,,1,,,,,,,,,,,,,1,,,,,,,,
"2,804",2018 People Staying Counts,BAL3,Weekend_Midday,Weekend,Midday,20180804,1222,1232,,Sun-Shaded,69,UD4H,8,1,2,,1,,1,,,,,,,,,,,,,1,,,,1,,,,,,,,,,,,,1,,,,,,,,
"2,805",2018 People Staying Counts,BAL3,Weekend_Midday,Weekend,Midday,20180804,1222,1232,,Sun-Shaded,69,UD4H,9,1,1,,1,,1,,,,,,,,,,,1,,,1,,,,,,,,,,,,,,,,,,,1,,,,,
"2,806",2018 People Staying Counts,BAL3,Weekend_Midday,Weekend,Midday,20180804,1222,1232,,Sun-Shaded,69,UD4H,10,1,1,1,,,1,,,,,,,,,,,1,,,,1,,,,,,,,,,,,,,,1,,,,,,,,
"2,807",2018 People Staying Counts,BAL3,Weekend_Midday,Weekend,Midday,20180804,1222,1232,,Sun-Shaded,69,UD4H,11,1,1,1,,,,,,,,1,,,,,,1,,,1,,,,,,,,,,,,,,1,,,,,,,,,,
"2,808",2018 People Staying Counts,BAL3,Weekend_Midday,Weekend,Midday,20180804,1222,1232,,Sun-Shaded,69,UD4H,12,1,3,1,,,1,,,,,,,,,,,1,,,1,,,,,,,,,,,,1,,,,,,,,,,,,
"2,809",2018 People Staying Counts,BAL3,Weekend_Midday,Weekend,Midday,20180804,1222,1232,,Sun-Shaded,69,UD4H,13,1,3,1,,,1,,,,,,,,,,,1,,,1,,,,,,,,,,,,1,,,,,,,,,,,,
"2,810",2018 People Staying Counts,BAL3,Weekend_Midday,Weekend,Midday,20180804,1222,1232,,Sun-Shaded,69,UD4H,14,1,3,1,,,1,,,,,,,,,,,1,,,1,,,,,,,,,,,,1,,,,,,,,,,,,
"2,811",2018 People Staying Counts,BAL3,Weekend_Midday,Weekend,Midday,20180804,1222,1232,,Sun-Shaded,69,UD4H,15,1,2,1,,,1,,,,,,,,,,,1,,,1,,,,,,,,,,,,1,,,,,,,,,,,,
"2,812",2018 People Staying Counts,BAL3,Weekend_Midday,Weekend,Midday,20180804,1222,1232,,Sun-Shaded,69,UD4H,16,1,2,,1,,1,,,,,,,,,,,1,,,1,,,,,,,,,,,,1,,1,,,,,,,,,,
"2,813",2018 People Staying Counts,BAL3,Weekend_Midday,Weekend,Midday,20180804,1222,1232,,Sun-Shaded,69,UD4H,17,1,1,1,,,1,,,,,,,,,,,,1,,1,,,,,,,,,,,,,,1,,,,,,,,,,
"2,814",2018 People Staying Counts,BAL3,Weekend_Midday,Weekend,Midday,20180804,1222,1232,,Sun-Shaded,69,UD4H,18,1,1,,1,,1,,,,,,,,,,,,1,,1,,,,,,,,,,,,,,1,,,,,,,,,,
"2,815",2018 People Staying Counts,BAL3,Weekend_Midday,Weekend,Midday,20180804,1222,1232,,Sun-Shaded,69,UD4H,19,1,1,,1,,1,,,,,,,,,,,,1,,1,,,,,,,,,,,,,,,,,,1,,,,,,
"2,816",2018 People Staying Counts,BAL3,Weekend_Evening,Weekend,Evening,20180804,1621,1631,,Sun-Shaded,75,UD4H,1,1,4,1,,,1,,,,,,,,,,,,1,,1,,,,,,,,,,,,1,,,,,,,,,,,,
"2,817",2018 People Staying Counts,BAL3,Weekend_Evening,Weekend,Evening,20180804,1621,1631,,Sun-Shaded,75,UD4H,2,1,4,1,,,1,,,,,,,,,,,,1,,1,,,,,,,,,,,,1,,,,,,,,,,,,
"2,818",2018 People Staying Counts,BAL3,Weekend_Evening,Weekend,Evening,20180804,1621,1631,,Sun-Shaded,75,UD4H,3,1,4,,1,,1,,,,,,,,,,,1,,,1,,,,,,,,,,,,1,,,,,,,,,,,,
"2,819",2018 People Staying Counts,BAL3,Weekend_Evening,Weekend,Evening,20180804,1621,1631,,Sun-Shaded,75,UD4H,4,1,4,,1,,1,,,,,,,,,,,,1,,1,,,,,,,,,,,,1,,,,,,,,,,,,
"2,820",2018 People Staying Counts,BAL3,Weekend_Evening,Weekend,Evening,20180804,1621,1631,,Sun-Shaded,75,UD4H,5,1,1,1,,,1,,,,,,,,,,,1,,,1,,,,,,,,,,,,,,,,,,,1,,,,,
"2,821",2018 People Staying Counts,BAL3,Weekend_Evening,Weekend,Evening,20180804,1621,1631,,Sun-Shaded,75,UD4H,6,1,1,1,,,1,,,,,,,,,,,1,,,,,,1,,,,,,,,,,,1,,,,,1,,,,,
"2,822",2018 People Staying Counts,BAL3,Weekend_Evening,Weekend,Evening,20180804,1621,1631,,Sun-Shaded,75,UD4H,7,1,2,,1,,1,,,,,,,,,,,,1,,1,,,,,,,,,,1,,,,,,,,,,,,,,
"2,823",2018 People Staying Counts,BAL3,Weekend_Evening,Weekend,Evening,20180804,1621,1631,,Sun-Shaded,75,UD4H,8,1,2,,1,,1,,,,,,,,,,,,1,,1,,,,,,,,,,1,,,,,,,,,,,,,,
"2,824",2018 People Staying Counts,BAL3,Weekend_Evening,Weekend,Evening,20180804,1621,1631,,Sun-Shaded,75,UD4H,9,1,1,1,,,1,,,,,,,,,,,1,,,1,,,,,,,,,,,,,,1,,,,,,,,,,
"2,825",2018 People Staying Counts,BAL3,Weekend_Evening,Weekend,Evening,20180804,1621,1631,,Sun-Shaded,75,UD4H,10,1,2,,1,,1,,,,,,,,,,,1,,,1,,,,,,,,,,1,,,,,,,,,,,,,,
"2,826",2018 People Staying Counts,BAL3,Weekend_Evening,Weekend,Evening,20180804,1621,1631,,Sun-Shaded,75,UD4H,11,1,2,,1,,1,,,,,,,,,,,1,,,1,,,,,,,,,,1,,,,,,,,,,,,,,
"2,827",2018 People Staying Counts,BAL3,Weekend_Evening,Weekend,Evening,20180804,1621,1631,,Sun-Shaded,75,UD4H,12,1,2,1,,,1,,,,,,,,,,,,1,,1,,,,,,,,,,,,,,1,,,,,,1,,,,
"2,828",2018 People Staying Counts,BAL3,Weekend_Evening,Weekend,Evening,20180804,1621,1631,,Sun-Shaded,75,UD4H,13,1,2,1,,,1,,,,,,,,,,,,1,,1,,,,,,,,,,,,,,1,,,,,,,,,,
"2,829",2018 People Staying Counts,BAL3,Weekend_Evening,Weekend,Evening,20180804,1621,1631,,Sun-Shaded,75,UD4H,14,1,1,1,,,1,,,,,,,,,,,1,,,1,,,,,,,,,,1,,,,,,,,,,,,,,
"2,830",2018 People Staying Counts,BAL3,Weekend_Evening,Weekend,Evening,20180804,1621,1631,,Sun-Shaded,75,UD4H,15,1,4,1,,,1,,,,,,,,,,,,1,,1,,,,,,,,,,,,1,,,,,,,,,,,,
"2,831",2018 People Staying Counts,BAL3,Weekend_Evening,Weekend,Evening,20180804,1621,1631,,Sun-Shaded,75,UD4H,16,1,4,,1,,1,,,,,,,,,,,,1,,1,,,,,,,,,,,,1,,,,,,,,,,,,
"2,832",2018 People Staying Counts,BAL3,Weekend_Evening,Weekend,Evening,20180804,1621,1631,,Sun-Shaded,75,UD4H,17,1,4,1,,,1,,,,,,,,,,,1,,,1,,,,,,,,,,,,1,,,,,,,,,,,,
"2,833",2018 People Staying Counts,BAL3,Weekend_Evening,Weekend,Evening,20180804,1621,1631,,Sun-Shaded,75,UD4H,18,1,4,,1,,1,,,,,,,,,,1,,,,1,,,,,,,,,,,,1,,,,,,,,,,,,
"2,834",2018 People Staying Counts,BAL3,Weekend_Evening,Weekend,Evening,20180804,1621,1631,,Sun-Shaded,75,UD4H,19,1,1,1,,,1,,,,,,,,,,,1,,,1,,,,,,,,,,,,,,,,,,,1,,,,,
"2,835",2018 People Staying Counts,BAL3,Weekend_Evening,Weekend,Evening,20180804,1621,1631,,Sun-Shaded,75,UD4H,20,1,2,,1,,1,,,,,,,,,,,1,,,1,,,,,,,,,,,,1,,,,,,,,,,,,
"2,836",2018 People Staying Counts,BAL3,Weekend_Evening,Weekend,Evening,20180804,1621,1631,,Sun-Shaded,75,UD4H,21,1,2,,1,,1,,,,,,,,,,,1,,,1,,,,,,,,,,,,1,,,,,,,,,,,,
"2,837",2018 People Staying Counts,BAL3,Weekend_Evening,Weekend,Evening,20180804,1621,1631,,Sun-Shaded,75,UD4H,22,1,3,1,,,1,,,,,,,,,,,1,,,1,,,,,,,,,,,,1,,,,,,,,,,,,
"2,838",2018 People Staying Counts,BAL3,Weekend_Evening,Weekend,Evening,20180804,1621,1631,,Sun-Shaded,75,UD4H,23,1,3,1,,,1,,,,,,,,,1,,,,,1,,,,,,,,,,,,1,,,,,,,,,,,,
"2,839",2018 People Staying Counts,BAL3,Weekend_Evening,Weekend,Evening,20180804,1621,1631,,Sun-Shaded,75,UD4H,24,1,3,,1,,1,,,,,,,,,1,,,,,1,,,,,,,,,,,,1,,,,,,,,,,,,
"2,840",2018 People Staying Counts,BAL3,Weekend_Evening,Weekend,Evening,20180804,1621,1631,,Sun-Shaded,75,UD4H,25,1,2,1,,,1,,,,,,,,,,,1,,,1,,,,,,,,,,,,1,,,,,,,,,,,,
"2,841",2018 People Staying Counts,BAL3,Weekend_Evening,Weekend,Evening,20180804,1621,1631,,Sun-Shaded,75,UD4H,26,1,2,,1,,1,,,,,,,,,,,1,,,1,,,,,,,,,,,,1,,,,,,,,,,,,
"2,842",2018 People Staying Counts,CAP2,Weekday1_Morning,Weekday,Morning,20180726,0941,0951,,Sun-Exposed,72,UD4H,1,1,1,,1,,1,,,,,,,,,,,1,,,,,,1,,,,,,1,,1,,,,,1,,,,,,,,
"2,843",2018 People Staying Counts,CAP2,Weekday1_Morning,Weekday,Morning,20180726,0941,0951,,Sun-Exposed,72,UD4H,2,1,2,1,,,1,,,,,,,,,,,1,,,,,,1,,,,,,1,,1,1,,1,,,,,,,,,,
"2,844",2018 People Staying Counts,CAP2,Weekday1_Morning,Weekday,Morning,20180726,0941,0951,,Sun-Exposed,72,UD4H,3,1,2,,1,,1,,,,,,,,,,,,1,,1,,,,,,,,,,1,,1,,,,,,,,,,,,
"2,845",2018 People Staying Counts,CAP2,Weekday1_Morning,Weekday,Morning,20180726,0941,0951,,Sun-Exposed,72,UD4H,4,1,2,1,,,1,,,,,,,,,,,,1,,1,,,,,,,,,,1,,1,,,,,,,,,,,,
"2,846",2018 People Staying Counts,CAP2,Weekday1_Morning,Weekday,Morning,20180726,0941,0951,,Sun-Exposed,72,UD4H,5,1,2,,1,,1,,,,,,,,,,,1,,,1,,,,,,,,,1,,1,,,,,,,,,,,,,
"2,847",2018 People Staying Counts,CAP2,Weekday1_Morning,Weekday,Morning,20180726,0941,0951,,Sun-Exposed,72,UD4H,6,1,2,,,1,1,,,,,,,,1,,,,,,,,,,1,,,,,,,,,,,,1,,,,,,,,
"2,848",2018 People Staying Counts,CAP2,Weekday1_Morning,Weekday,Morning,20180726,0941,0951,,Sun-Exposed,72,UD4H,7,1,3,1,,,1,,,,,,,,,,,,1,,1,,,,,,,,,,,,,,,,,,1,,,,,,
"2,849",2018 People Staying Counts,CAP2,Weekday1_Morning,Weekday,Morning,20180726,0941,0951,,Sun-Exposed,72,UD4H,8,1,3,1,,,1,,,,,,,,,,,,1,,1,,,,,,,,,,,,,,,,,,1,,,,,,
"2,850",2018 People Staying Counts,CAP2,Weekday1_Morning,Weekday,Morning,20180726,0941,0951,,Sun-Exposed,72,UD4H,9,1,3,,1,,1,,,,,,,,,,,,1,,1,,,,,,,,1,,,,,,,,,,,,,,,,
"2,851",2018 People Staying Counts,CAP2,Weekday1_Morning,Weekday,Morning,20180726,0941,0951,,Sun-Exposed,72,UD4H,10,1,1,,1,,1,,,,,,,,,,,1,,,,,1,,,,,,,1,,1,,,1,,,,,,,,,,
"2,852",2018 People Staying Counts,CAP2,Weekday1_Morning,Weekday,Morning,20180726,0941,0951,,Sun-Exposed,72,UD4H,11,1,2,,1,,1,,,,,,,,,,,1,,,,,,1,,,,,,1,,1,1,,,,,,,,,,,,
"2,853",2018 People Staying Counts,CAP2,Weekday1_Morning,Weekday,Morning,20180726,0941,0951,,Sun-Exposed,72,UD4H,12,1,1,,1,,1,,,,,,,,,,,1,,,1,,,,,,,,,,,,,,1,,,1,,,,,,,
"2,854",2018 People Staying Counts,CAP2,Weekday1_Morning,Weekday,Morning,20180726,0941,0951,,Sun-Exposed,72,UD4H,13,1,2,1,,,1,,,,,,,,,,,,1,,1,,,,,,,,,,,,1,,,,,,,1,,,,,
"2,855",2018 People Staying Counts,CAP2,Weekday1_Morning,Weekday,Morning,20180726,0941,0951,,Sun-Exposed,72,UD4H,14,1,2,1,,,1,,,,,,,,,,,,1,,1,,,,,,,,,,,,1,,,,,,,1,,,,,
"2,856",2018 People Staying Counts,CAP2,Weekday1_Midday,Weekday,Midday,20180726,1332,1342,,Sun-Exposed,79,UD4H,1,1,1,,1,,1,,,,,,,,,,,1,,,,,1,,,,,,,,,,,,,,1,,,,,,,,
"2,857",2018 People Staying Counts,CAP2,Weekday1_Midday,Weekday,Midday,20180726,1332,1342,,Sun-Exposed,79,UD4H,2,1,1,1,,,1,,,,,,,,,,,,,1,,,1,,,,,,,,,,,,,,1,,,,,,,,
"2,858",2018 People Staying Counts,CAP2,Weekday1_Midday,Weekday,Midday,20180726,1332,1342,,Sun-Exposed,79,UD4H,3,1,1,1,,,,1,,,,,,,,,,,1,,,,1,,,,,,,,,,,,1,,1,,,,,,,,
"2,859",2018 People Staying Counts,CAP2,Weekday1_Midday,Weekday,Midday,20180726,1332,1342,,Sun-Exposed,79,UD4H,4,1,2,1,,,1,,,,,,,,,,,,,1,1,,,,,,,,,,,,1,,1,,,,,,,,,,
"2,860",2018 People Staying Counts,CAP2,Weekday1_Midday,Weekday,Midday,20180726,1332,1342,,Sun-Exposed,79,UD4H,5,1,2,1,,,1,,,,,,,,,,,,,1,1,,,,,,,,,,,,1,,,,,,,,,,,,
"2,861",2018 People Staying Counts,CAP2,Weekday1_Midday,Weekday,Midday,20180726,1332,1342,,Sun-Exposed,79,UD4H,6,1,2,,1,,,,,1,,,,,,,,1,,,1,,,,,,,,,,,,1,,1,,,,,,,,,,
"2,862",2018 People Staying Counts,CAP2,Weekday1_Midday,Weekday,Midday,20180726,1332,1342,,Sun-Exposed,79,UD4H,7,1,2,,1,,,,,1,,,,,,,,,1,,1,,,,,,,,,,,,1,,,,,,,,,,,,
"2,863",2018 People Staying Counts,CAP2,Weekday1_Midday,Weekday,Midday,20180726,1332,1342,,Sun-Exposed,79,UD4H,8,1,1,,1,,1,,,,,,,,,,,1,,,1,,,,,,,,,,,,,,1,,,,,,,,,,
"2,864",2018 People Staying Counts,CAP2,Weekday1_Midday,Weekday,Midday,20180726,1332,1342,,Sun-Exposed,79,UD4H,9,1,1,1,,,,,,,,1,,,,,,1,,,,1,,,,,,,,,,,,,1,,,1,,,,,,,
"2,865",2018 People Staying Counts,CAP2,Weekday1_Midday,Weekday,Midday,20180726,1332,1342,,Sun-Exposed,79,UD4H,10,1,1,,1,,1,,,,,,,,,,,1,,,,,1,,,,,,,1,,1,,,1,,,,,,,,,,
"2,866",2018 People Staying Counts,CAP2,Weekday1_Midday,Weekday,Midday,20180726,1332,1342,,Sun-Exposed,79,UD4H,11,1,1,,1,,1,,,,,,,,,,,1,,,1,,,,,,,,,,,,,,1,,,,,,,,,,
"2,867",2018 People Staying Counts,CAP2,Weekday1_Midday,Weekday,Midday,20180726,1332,1342,,Sun-Exposed,79,UD4H,12,1,2,1,,,1,,,,,,,,,,,1,,,1,,,,,,,,,1,,1,1,,1,,,,,,,,,,
"2,868",2018 People Staying Counts,CAP2,Weekday1_Midday,Weekday,Midday,20180726,1332,1342,,Sun-Exposed,79,UD4H,13,1,2,,1,,1,,,,,,,,,,,1,,,1,,,,,,,,,1,,1,1,,,,,,,,,,,,
"2,869",2018 People Staying Counts,CAP2,Weekday1_Midday,Weekday,Midday,20180726,1332,1342,,Sun-Exposed,79,UD4H,14,1,1,,1,,1,,,,,,,,,,,1,,,1,,,,,,,,,,,,,,1,,,,,,,,,,
"2,870",2018 People Staying Counts,CAP2,Weekday1_Midday,Weekday,Midday,20180726,1332,1342,,Sun-Exposed,79,UD4H,15,1,1,1,,,1,,,,,,,,,,,1,,,1,,,,,,,,,,,,,,1,,,,,,,,,,
"2,871",2018 People Staying Counts,CAP2,Weekday1_Midday,Weekday,Midday,20180726,1332,1342,,Sun-Exposed,79,UD4H,16,1,1,1,,,1,,,,,,,,,,,1,,,,,1,,,,,,,1,,1,,,,,1,,,,,,,,
"2,872",2018 People Staying Counts,CAP2,Weekday1_Midday,Weekday,Midday,20180726,1332,1342,,Sun-Exposed,79,UD4H,17,1,1,,1,,1,,,,,,,,,,,1,,,,1,,,,,,,,,,,,,1,,,,,,,,,,
"2,873",2018 People Staying Counts,CAP2,Weekday1_Midday,Weekday,Midday,20180726,1332,1342,,Sun-Exposed,79,UD4H,18,1,1,,1,,1,,,,,,,,,,,1,,,,1,,,,,,,,,,,,,1,,,,,,,,,,
"2,874",2018 People Staying Counts,CAP2,Weekday1_Midday,Weekday,Midday,20180726,1332,1342,,Sun-Exposed,79,UD4H,19,1,2,1,,,1,,,,,,,,,,,,1,,1,,,,,,,,,,,,1,,,,,,,,,,,,
"2,875",2018 People Staying Counts,CAP2,Weekday1_Midday,Weekday,Midday,20180726,1332,1342,,Sun-Exposed,79,UD4H,20,1,2,,1,,1,,,,,,,,,,,,,1,1,,,,,,,,,,,,1,,,,,,,,,,,,
"2,876",2018 People Staying Counts,CAP2,Weekday1_Evening,Weekday,Evening,20180726,1743,1753,,Sun-Shaded,86,UD4H,1,1,1,1,,,1,,,,,,,,,,,1,,,,,1,,,,,,,1,,1,,,1,,,,,,,,,,
"2,877",2018 People Staying Counts,CAP2,Weekday1_Evening,Weekday,Evening,20180726,1743,1753,,Sun-Shaded,86,UD4H,2,1,1,1,,,1,,,,,,,,,,,1,,,,,1,,,,,,,1,,1,,,1,,,,,,,,,,
"2,878",2018 People Staying Counts,CAP2,Weekday1_Evening,Weekday,Evening,20180726,1743,1753,,Sun-Shaded,86,UD4H,3,1,1,,1,,,1,,,,,,,,,,1,,,,,,,,1,,,,,,,1,,,,1,,,,,,,,
"2,879",2018 People Staying Counts,CAP2,Weekday1_Evening,Weekday,Evening,20180726,1743,1753,,Sun-Shaded,86,UD4H,4,1,1,1,,,1,,,,,,,,,,,,1,,,,,,,1,,,,,,,,,,,1,,,1,,,,,
"2,880",2018 People Staying Counts,CAP2,Weekday1_Evening,Weekday,Evening,20180726,1743,1753,,Sun-Shaded,86,UD4H,5,1,1,1,,,,1,,,,,,,,,,,1,,,,1,,,,,,,1,,1,,,,,1,,,,,,,,
"2,881",2018 People Staying Counts,CAP2,Weekday1_Evening,Weekday,Evening,20180726,1743,1753,,Sun-Shaded,86,UD4H,6,1,2,1,,,1,,,,,,,,,,,,1,,1,,,,,,,,,,,,1,,,,,,,,,,,,
"2,882",2018 People Staying Counts,CAP2,Weekday1_Evening,Weekday,Evening,20180726,1743,1753,,Sun-Shaded,86,UD4H,7,1,2,1,,,1,,,,,,,,,,,,1,,1,,,,,,,,,,,,1,,,,,,,,,,,,
"2,883",2018 People Staying Counts,CAP2,Weekday1_Evening,Weekday,Evening,20180726,1743,1753,,Sun-Shaded,86,UD4H,8,1,1,1,,,,,,,,1,,,,,,1,,,1,,,,,,,,,,,,,,1,,,,,,,,,,
"2,884",2018 People Staying Counts,CAP2,Weekday1_Evening,Weekday,Evening,20180726,1743,1753,,Sun-Shaded,86,UD4H,9,1,1,,1,,1,,,,,,,,,,,1,,,1,,,,,,,,,,,,,,1,,,,,,,,,,
"2,885",2018 People Staying Counts,CAP2,Weekday1_Evening,Weekday,Evening,20180726,1743,1753,,Sun-Shaded,86,UD4H,10,1,1,1,,,1,,,,,,,,,,,1,,,,1,,,,,,,,,,,,,1,,1,,,,,,,,
"2,886",2018 People Staying Counts,CAP2,Weekday1_Evening,Weekday,Evening,20180726,1743,1753,,Sun-Shaded,86,UD4H,11,1,2,1,,,1,,,,,,,,,,,1,,,1,,,,,,,,,,,,1,,,,,,,,,,,1,
"2,887",2018 People Staying Counts,CAP2,Weekday1_Evening,Weekday,Evening,20180726,1743,1753,,Sun-Shaded,86,UD4H,12,1,2,,1,,1,,,,,,,,,,,1,,,1,,,,,,,,,,,,1,,,,,,,,,,,1,
"2,888",2018 People Staying Counts,CAP2,Weekday1_Evening,Weekday,Evening,20180726,1743,1753,,Sun-Shaded,86,UD4H,13,1,2,,1,,1,,,,,,,,,,,,1,,1,,,,,,,,,,,,1,,,,,,,,,,,,
"2,889",2018 People Staying Counts,CAP2,Weekday1_Evening,Weekday,Evening,20180726,1743,1753,,Sun-Shaded,86,UD4H,14,1,2,,1,,1,,,,,,,,,,,,1,,1,,,,,,,,,,,,1,,,,,,,,,,,,
"2,890",2018 People Staying Counts,CAP2,Weekday1_Evening,Weekday,Evening,20180726,1743,1753,,Sun-Shaded,86,UD4H,15,1,1,,1,,1,,,,,,,,,,,,1,,1,,,,,,,,,,,,,,,,1,,,,,,,,
"2,891",2018 People Staying Counts,CAP2,Weekday1_Evening,Weekday,Evening,20180726,1743,1753,,Sun-Shaded,86,UD4H,16,1,2,1,,,,,,1,,,,,,,,1,,,1,,,,,,,,,,,,1,,1,,,,,,,,,,
"2,892",2018 People Staying Counts,CAP2,Weekday1_Evening,Weekday,Evening,20180726,1743,1753,,Sun-Shaded,86,UD4H,17,1,2,,1,,,,,1,,,,,,,,1,,,1,,,,,,,,,,,,1,,1,,,,,,,,,,
"2,893",2018 People Staying Counts,CAP2,Weekday1_Evening,Weekday,Evening,20180726,1743,1753,,Sun-Shaded,86,UD4H,18,1,2,1,,,1,,,,,,,,,,,1,,,1,,,,,,,,,,,,1,,,,,,,,,,,,
"2,894",2018 People Staying Counts,CAP2,Weekday1_Evening,Weekday,Evening,20180726,1743,1753,,Sun-Shaded,86,UD4H,19,1,2,,1,,1,,,,,,,,,,,1,,,1,,,,,,,,,,,,1,,,,,,,,,,,,
"2,895",2018 People Staying Counts,CAP2,Weekday1_Evening,Weekday,Evening,20180726,1743,1753,,Sun-Shaded,86,UD4H,20,1,2,,1,,1,,,,,,,,,,,1,,,1,,,,,,,,,,,,1,,,,,,,,,,,,
"2,896",2018 People Staying Counts,CAP2,Weekday2_Morning,Weekday,Morning,20180727,0934,0944,,Sun-Exposed,67,UD4H,1,1,1,,1,,1,,,,,,,,,,,,,1,,,1,,,,,,,,,,,,,,,1,,,,,,,
"2,897",2018 People Staying Counts,CAP2,Weekday2_Morning,Weekday,Morning,20180727,0934,0944,,Sun-Exposed,67,UD4H,2,1,1,1,,,,1,,,,,,,,,,,1,,,1,,,,,,,,,,,,,,,,1,,,,,,,
"2,898",2018 People Staying Counts,CAP2,Weekday2_Morning,Weekday,Morning,20180727,0934,0944,,Sun-Exposed,67,UD4H,3,1,1,,1,,1,,,,,,,,,,,1,,,1,,,,,,,,,,,,,,1,,,,,,,,,,
"2,899",2018 People Staying Counts,CAP2,Weekday2_Morning,Weekday,Morning,20180727,0934,0944,,Sun-Exposed,67,UD4H,4,1,2,,1,,1,,,,,,,,,,,1,,,1,,,,,,,,,,,,1,,,,,,,,,,,,
"2,900",2018 People Staying Counts,CAP2,Weekday2_Morning,Weekday,Morning,20180727,0934,0944,,Sun-Exposed,67,UD4H,5,1,2,1,,,,1,,,,,,,,,,1,,,1,,,,,,,,,,,,1,,,,,,,,,,,,
"2,901",2018 People Staying Counts,CAP2,Weekday2_Morning,Weekday,Morning,20180727,0934,0944,,Sun-Exposed,67,UD4H,6,1,1,,1,,,1,,,,,,,,,1,,,,1,,,,,,,,,,,,,,1,,,,,,,,,,
"2,902",2018 People Staying Counts,CAP2,Weekday2_Morning,Weekday,Morning,20180727,0934,0944,,Sun-Exposed,67,UD4H,7,1,2,1,,,1,,,,,,,,,,,1,,,,,,1,,,,,,1,,1,1,,,,,,,,,,,,
"2,903",2018 People Staying Counts,CAP2,Weekday2_Morning,Weekday,Morning,20180727,0934,0944,,Sun-Exposed,67,UD4H,8,1,2,1,,,1,,,,,,,,,,,1,,,,,,1,,,,,,1,,1,1,,,,,,,,,,,,
"2,904",2018 People Staying Counts,CAP2,Weekday2_Morning,Weekday,Morning,20180727,0934,0944,,Sun-Exposed,67,UD4H,9,1,2,,1,,,,,1,,,,,,,,1,,,1,,,,,,,,,,,,1,,,,,,,,,,,,
"2,905",2018 People Staying Counts,CAP2,Weekday2_Morning,Weekday,Morning,20180727,0934,0944,,Sun-Exposed,67,UD4H,10,1,2,,1,,,,,1,,,,,,,,1,,,1,,,,,,,,,,,,1,,,,,,,,,,,,
"2,906",2018 People Staying Counts,CAP2,Weekday2_Morning,Weekday,Morning,20180727,0934,0944,,Sun-Exposed,67,UD4H,11,1,1,,1,,1,,,,,,,,,,,1,,,,,1,,,,,,,,,,,,1,,,1,,,,,,,
"2,907",2018 People Staying Counts,CAP2,Weekday2_Morning,Weekday,Morning,20180727,0934,0944,,Sun-Exposed,67,UD4H,12,1,1,1,,,1,,,,,,,,,,,1,,,1,,,,,,,,,,,,,,1,,,,,,,,,,
"2,908",2018 People Staying Counts,CAP2,Weekday2_Morning,Weekday,Morning,20180727,0934,0944,,Sun-Exposed,67,UD4H,13,1,1,1,,,1,,,,,,,,,,,1,,,,,1,,,,,,,,,,,,,,1,,,,,,,1,
"2,909",2018 People Staying Counts,CAP2,Weekday2_Morning,Weekday,Morning,20180727,0934,0944,,Sun-Exposed,67,UD4H,14,1,1,,1,,1,,,,,,,,,,,,1,,1,,,,,,,,,,1,,,,,,,,,,,,,,
"2,910",2018 People Staying Counts,CAP2,Weekday2_Morning,Weekday,Morning,20180727,0934,0944,,Sun-Exposed,67,UD4H,15,1,1,,1,,1,,,,,,,,,,,1,,,,,1,,,,,,,,,,,,1,,,,,,,,,,
"2,911",2018 People Staying Counts,CAP2,Weekday2_Morning,Weekday,Morning,20180727,0934,0944,,Sun-Exposed,67,UD4H,16,1,1,,1,,,,,1,,,,,,,,,1,,1,,,,,,,,,,,,,,1,,,,,,,,,,
"2,912",2018 People Staying Counts,CAP2,Weekday2_Morning,Weekday,Morning,20180727,0934,0944,,Sun-Exposed,67,UD4H,17,1,3,1,,,1,,,,,,,,,,,1,,,,,,1,,,,,,1,,1,1,,,,,,,,,,,,
"2,913",2018 People Staying Counts,CAP2,Weekday2_Morning,Weekday,Morning,20180727,0934,0944,,Sun-Exposed,67,UD4H,18,1,3,1,,,1,,,,,,,,,,,1,,,,,,1,,,,,,1,,1,1,,,,,,,,,,,,
"2,914",2018 People Staying Counts,CAP2,Weekday2_Morning,Weekday,Morning,20180727,0934,0944,,Sun-Exposed,67,UD4H,19,1,3,,1,,1,,,,,,,,,,,1,,,,,,1,,,,,,1,,1,1,,,,,,,,,,,,
"2,915",2018 People Staying Counts,CAP2,Weekday2_Morning,Weekday,Morning,20180727,0934,0944,,Sun-Exposed,67,UD4H,20,1,1,1,,,1,,,,,,,,,,,,1,,1,,,,,,,,,,,,,,1,,,,,,,,,,
"2,916",2018 People Staying Counts,CAP2,Weekday2_Midday,Weekday,Midday,20180727,1333,1343,,Sun-Exposed,77,UD4H,1,1,3,,1,,,1,,,,,,,,,,1,,,,,,1,,,,,,1,,1,1,,,,,,,,,,,,
"2,917",2018 People Staying Counts,CAP2,Weekday2_Midday,Weekday,Midday,20180727,1333,1343,,Sun-Exposed,77,UD4H,2,1,3,,1,,,1,,,,,,,,,,1,,,,,,1,,,,,,1,,1,1,,,,,,,,,,,,
"2,918",2018 People Staying Counts,CAP2,Weekday2_Midday,Weekday,Midday,20180727,1333,1343,,Sun-Exposed,77,UD4H,3,1,3,,1,,,1,,,,,,,,,,1,,,,,,1,,,,,,1,,1,1,,,,,,,,,,,,
"2,919",2018 People Staying Counts,CAP2,Weekday2_Midday,Weekday,Midday,20180727,1333,1343,,Sun-Exposed,77,UD4H,4,1,3,1,,,1,,,,,,,,,,,1,,,,,,1,,,,,,1,,1,1,,,,,,,,,,,,
"2,920",2018 People Staying Counts,CAP2,Weekday2_Midday,Weekday,Midday,20180727,1333,1343,,Sun-Exposed,77,UD4H,5,1,3,1,,,1,,,,,,,,,,,1,,,,,,1,,,,,,1,,1,1,,,,,,,,,,,,
"2,921",2018 People Staying Counts,CAP2,Weekday2_Midday,Weekday,Midday,20180727,1333,1343,,Sun-Exposed,77,UD4H,6,1,1,1,,,1,,,,,,,,,,,1,,,,1,,,,,,,,,,,,,1,,,,,,,,,,
"2,922",2018 People Staying Counts,CAP2,Weekday2_Midday,Weekday,Midday,20180727,1333,1343,,Sun-Exposed,77,UD4H,7,1,1,1,,,1,,,,,,,,,,,1,,,,,,1,,,,,,1,,1,1,,,,,,,,,,,,
"2,923",2018 People Staying Counts,CAP2,Weekday2_Midday,Weekday,Midday,20180727,1333,1343,,Sun-Exposed,77,UD4H,8,1,1,1,,,1,,,,,,,,,,,1,,,1,,,,,,,,,,,,1,,,,,,,,,,,,
"2,924",2018 People Staying Counts,CAP2,Weekday2_Midday,Weekday,Midday,20180727,1333,1343,,Sun-Exposed,77,UD4H,9,1,1,,1,,1,,,,,,,,1,,,,,,1,,,,,,,,,,,,1,,,,1,,,,,,,,
"2,925",2018 People Staying Counts,CAP2,Weekday2_Midday,Weekday,Midday,20180727,1333,1343,,Sun-Exposed,77,UD4H,10,1,2,1,,,1,,,,,,,,1,,,,,,1,,,,,,,,,,,,,,,,1,,,,,,,,
"2,926",2018 People Staying Counts,CAP2,Weekday2_Midday,Weekday,Midday,20180727,1333,1343,,Sun-Exposed,77,UD4H,11,1,2,,1,,1,,,,,,,,,,,,,1,1,,,,,,,,,,,,1,,,,,,,,,,,,
"2,927",2018 People Staying Counts,CAP2,Weekday2_Midday,Weekday,Midday,20180727,1333,1343,,Sun-Exposed,77,UD4H,12,1,5,1,,,1,,,,,,,,,,,1,,,1,,,,,,,,,,,,1,,,,,,,,,,,,
"2,928",2018 People Staying Counts,CAP2,Weekday2_Midday,Weekday,Midday,20180727,1333,1343,,Sun-Exposed,77,UD4H,13,1,5,1,,,1,,,,,,,,,1,,,,,1,,,,,,,,,,,,,,,,1,,,,,,,,
"2,929",2018 People Staying Counts,CAP2,Weekday2_Midday,Weekday,Midday,20180727,1333,1343,,Sun-Exposed,77,UD4H,14,1,5,1,,,1,,,,,,,,,1,,,,,1,,,,,,,,,,,,1,,,,1,,,,,,,,
"2,930",2018 People Staying Counts,CAP2,Weekday2_Midday,Weekday,Midday,20180727,1333,1343,,Sun-Exposed,77,UD4H,15,1,5,1,,,1,,,,,,,,,1,,,,,1,,,,,,,,,,,,1,,,,1,,,,,,,,
"2,931",2018 People Staying Counts,CAP2,Weekday2_Midday,Weekday,Midday,20180727,1333,1343,,Sun-Exposed,77,UD4H,16,1,5,1,,,1,,,,,,,,,,,1,,,1,,,,,,,,,,,,1,,,,,,,,,,,,
"2,932",2018 People Staying Counts,CAP2,Weekday2_Midday,Weekday,Midday,20180727,1333,1343,,Sun-Exposed,77,UD4H,17,1,1,1,,,1,,,,,,,,,,,,1,,,,,,1,,,,,1,,1,,,1,,1,,,,,,,,
"2,933",2018 People Staying Counts,CAP2,Weekday2_Midday,Weekday,Midday,20180727,1333,1343,,Sun-Exposed,77,UD4H,18,1,1,,1,,,,,1,,,,,,,,1,,,1,,,,,,,,,,,,,,1,,,1,,,,,,,
"2,934",2018 People Staying Counts,CAP2,Weekday2_Midday,Weekday,Midday,20180727,1333,1343,,Sun-Exposed,77,UD4H,19,1,1,,1,,,1,,,,,,,,,,1,,,,,1,,,,,,,,,,,,1,,,,,1,,,,,
"2,935",2018 People Staying Counts,CAP2,Weekday2_Midday,Weekday,Midday,20180727,1333,1343,,Sun-Exposed,77,UD4H,20,1,1,,1,,1,,,,,,,,,,,1,,,1,,,,,,,,,,,,,,,,,1,,,,,,,
"2,936",2018 People Staying Counts,CAP2,Weekday2_Midday,Weekday,Midday,20180727,1333,1343,,Sun-Exposed,77,UD4H,21,1,1,,1,,,1,,,,,,,,,,1,,,1,,,,,,,,,,,,,,,,,1,,,,,,,
"2,937",2018 People Staying Counts,CAP2,Weekday2_Midday,Weekday,Midday,20180727,1333,1343,,Sun-Exposed,77,UD4H,22,1,1,,1,,1,,,,,,,,,,,1,,,1,,,,,,,,,,,,,,1,,,,,,,,,,
"2,938",2018 People Staying Counts,CAP2,Weekday2_Evening,Weekday,Evening,20180727,1728,1738,,Sun-Shaded,84,UD4H,1,1,1,,1,,1,,,,,,,,,,,1,,,,,1,,,,,,,1,,1,,,,,1,,,,,,,,
"2,939",2018 People Staying Counts,CAP2,Weekday2_Evening,Weekday,Evening,20180727,1728,1738,,Sun-Shaded,84,UD4H,2,1,1,1,,,1,,,,,,,,,,,1,,,,,1,,,,,,,1,,1,,,1,,1,,,,,,,,
"2,940",2018 People Staying Counts,CAP2,Weekday2_Evening,Weekday,Evening,20180727,1728,1738,,Sun-Shaded,84,UD4H,3,1,1,1,,,1,,,,,,,,,,,,1,,1,,,,,,,,,,,,,,1,,,,,,,,,,
"2,941",2018 People Staying Counts,CAP2,Weekday2_Evening,Weekday,Evening,20180727,1728,1738,,Sun-Shaded,84,UD4H,4,1,1,1,,,1,,,,,,,,,,,1,,,,,,1,,,,,,1,,1,,,1,,,,,,,,,,
"2,942",2018 People Staying Counts,CAP2,Weekday2_Evening,Weekday,Evening,20180727,1728,1738,,Sun-Shaded,84,UD4H,5,1,2,,1,,1,,,,,,,,,,,1,,,,,,1,,,,,,1,,1,1,,,,,,,,,,,,
"2,943",2018 People Staying Counts,CAP2,Weekday2_Evening,Weekday,Evening,20180727,1728,1738,,Sun-Shaded,84,UD4H,6,1,2,,1,,1,,,,,,,,,,,1,,,,,,1,,,,,,1,,1,1,,,,,,,,,,,,
"2,944",2018 People Staying Counts,CAP2,Weekday2_Evening,Weekday,Evening,20180727,1728,1738,,Sun-Shaded,84,UD4H,7,1,1,1,,,1,,,,,,,,,,,1,,,,,1,,,,,,,1,,1,,,1,,,,,,,,,,
"2,945",2018 People Staying Counts,CAP2,Weekday2_Evening,Weekday,Evening,20180727,1728,1738,,Sun-Shaded,84,UD4H,8,1,2,,1,,1,,,,,,,,,,,1,,,,1,,,,,,,,,,,1,,,,,,,1,,,,,
"2,946",2018 People Staying Counts,CAP2,Weekday2_Evening,Weekday,Evening,20180727,1728,1738,,Sun-Shaded,84,UD4H,9,1,2,,1,,,,,,,1,,,,,,1,,,,1,,,,,,,,,,,1,,,,,,,1,,,,,
"2,947",2018 People Staying Counts,CAP2,Weekday2_Evening,Weekday,Evening,20180727,1728,1738,,Sun-Shaded,84,UD4H,10,1,3,1,,,,,,1,,,,,,,,1,,,,,,1,,,,,,1,,1,1,,,,,,,,,,,,
"2,948",2018 People Staying Counts,CAP2,Weekday2_Evening,Weekday,Evening,20180727,1728,1738,,Sun-Shaded,84,UD4H,11,1,3,,1,,1,,,,,,,,,,,1,,,,,,1,,,,,,1,,1,1,,,,,,,,,,,,
"2,949",2018 People Staying Counts,CAP2,Weekday2_Evening,Weekday,Evening,20180727,1728,1738,,Sun-Shaded,84,UD4H,12,1,3,,1,,1,,,,,,,,,,,1,,,,,,1,,,,,,1,,1,1,,,,,,,,,,,,
"2,950",2018 People Staying Counts,CAP2,Weekday2_Evening,Weekday,Evening,20180727,1728,1738,,Sun-Shaded,84,UD4H,13,1,3,1,,,,1,,,,,,,,,1,,,,1,,,,,,,,,,,,1,,,,,,,,,,,,
"2,951",2018 People Staying Counts,CAP2,Weekday2_Evening,Weekday,Evening,20180727,1728,1738,,Sun-Shaded,84,UD4H,14,1,3,1,,,1,,,,,,,,,,1,,,,1,,,,,,,,,,,,1,,,,,,,,,,,,
"2,952",2018 People Staying Counts,CAP2,Weekday2_Evening,Weekday,Evening,20180727,1728,1738,,Sun-Shaded,84,UD4H,15,1,3,,1,,1,,,,,,,,,,1,,,,1,,,,,,,,,,,,1,,,,,,,,,,,,
"2,953",2018 People Staying Counts,CAP2,Weekday2_Evening,Weekday,Evening,20180727,1728,1738,,Sun-Shaded,84,UD4H,16,1,1,1,,,1,,,,,,,,,,,1,,,1,,,,,,,,,,,,,,1,,,,,,,,,,
"2,954",2018 People Staying Counts,CAP2,Weekday2_Evening,Weekday,Evening,20180727,1728,1738,,Sun-Shaded,84,UD4H,17,1,1,1,,,,1,,,,,,,,,,1,,,1,,,,,,,,,,,,,,1,,,,,,,,,,
"2,955",2018 People Staying Counts,CAP2,Weekday2_Evening,Weekday,Evening,20180727,1728,1738,,Sun-Shaded,84,UD4H,18,1,1,1,,,1,,,,,,,,,,,1,,,,,1,,,,,,,,,,,,1,,,,,,,,,,
"2,956",2018 People Staying Counts,CAP2,Weekday2_Evening,Weekday,Evening,20180727,1728,1738,,Sun-Shaded,84,UD4H,19,1,1,1,,,1,,,,,,,,,,,1,,,,1,,,,,,,,,,,,,1,,,,,,,,,,
"2,957",2018 People Staying Counts,CAP2,Weekday2_Evening,Weekday,Evening,20180727,1728,1738,,Sun-Shaded,84,UD4H,20,1,1,,1,,1,,,,,,,,,,,1,,,1,,,,,,,,1,,,,1,,,,,,,,,,,,
"2,958",2018 People Staying Counts,CAP2,Weekday2_Evening,Weekday,Evening,20180727,1728,1738,,Sun-Shaded,84,UD4H,21,1,1,,1,,,,,1,,,,,,,,1,,,1,,,,,,,,,,,,,,1,,,1,,1,,,,,
"2,959",2018 People Staying Counts,CAP2,Weekend_Midday,Weekend,Midday,20180728,1337,1347,,Sun-Exposed,75,UD4H,1,1,2,1,,,,,,,,,1,,,,1,,,,,,,1,,,,,,1,,1,1,,,,,,,,,,,,
"2,960",2018 People Staying Counts,CAP2,Weekend_Midday,Weekend,Midday,20180728,1337,1347,,Sun-Exposed,75,UD4H,2,1,2,1,,,,,,1,,,,,,,,1,,,,,,1,,,,,,1,,1,1,,,,,,,,,,,,
"2,961",2018 People Staying Counts,CAP2,Weekend_Midday,Weekend,Midday,20180728,1337,1347,,Sun-Exposed,75,UD4H,3,1,1,,1,,,,,1,,,,,,,,1,,,,,,1,,,,,,1,,1,,,,,,,,,,,,,
"2,962",2018 People Staying Counts,CAP2,Weekend_Midday,Weekend,Midday,20180728,1337,1347,,Sun-Exposed,75,UD4H,4,1,2,,1,,1,,,,,,,,,,,1,,,,,1,,,,,,,1,,1,1,,,,,,,,,,,,
"2,963",2018 People Staying Counts,CAP2,Weekend_Midday,Weekend,Midday,20180728,1337,1347,,Sun-Exposed,75,UD4H,5,1,2,1,,,,,,,,1,,,,,,1,,,,,1,,,,,,,,,,1,,,,,,,1,,,,,
"2,964",2018 People Staying Counts,CAP2,Weekend_Midday,Weekend,Midday,20180728,1337,1347,,Sun-Exposed,75,UD4H,6,1,2,1,,,1,,,,,,,,,,,,1,,,,1,,,,,,,,,,1,,,,,,,,,,,,
"2,965",2018 People Staying Counts,CAP2,Weekend_Midday,Weekend,Midday,20180728,1337,1347,,Sun-Exposed,75,UD4H,7,1,2,1,,,1,,,,,,,,,,,1,,,,,1,,,,,,,,,,1,,,,,,,,,,,,
"2,966",2018 People Staying Counts,CAP2,Weekend_Midday,Weekend,Midday,20180728,1337,1347,,Sun-Exposed,75,UD4H,8,1,1,,1,,1,,,,,,,,,,,1,,,,,1,,,,,,,1,,1,,,1,,,,,,,,,,
"2,967",2018 People Staying Counts,CAP2,Weekend_Midday,Weekend,Midday,20180728,1337,1347,,Sun-Exposed,75,UD4H,9,1,2,1,,,,,,1,,,,,,,,1,,,1,,,,,,,,,1,,1,1,,,,1,,,,,,,,
"2,968",2018 People Staying Counts,CAP2,Weekend_Midday,Weekend,Midday,20180728,1337,1347,,Sun-Exposed,75,UD4H,10,1,2,,1,,,,,1,,,,,,,,1,,,1,,,,,,,,,,,,1,,,,1,,,,,,,,
"2,969",2018 People Staying Counts,CAP2,Weekend_Midday,Weekend,Midday,20180728,1337,1347,,Sun-Exposed,75,UD4H,11,1,1,1,,,1,,,,,,,,,,,,,1,,,1,,,,,,,1,,1,,,,,1,,,,,,,,
"2,970",2018 People Staying Counts,CAP2,Weekend_Midday,Weekend,Midday,20180728,1337,1347,,Sun-Exposed,75,UD4H,12,1,2,1,,,1,,,,,,,,,,,1,,,,,,,1,,,,,,,,1,,,,1,,,,,,,,
"2,971",2018 People Staying Counts,CAP2,Weekend_Midday,Weekend,Midday,20180728,1337,1347,,Sun-Exposed,75,UD4H,13,1,2,1,,,1,,,,,,,,,,,,,1,,,,,,1,,,,,,1,1,,,,1,,,,,,,,
"2,972",2018 People Staying Counts,CAP2,Weekend_Midday,Weekend,Midday,20180728,1337,1347,,Sun-Exposed,75,UD4H,14,1,2,,1,,1,,,,,,,,,,,,1,,,,,,1,,,1,,,,,1,,,,1,,,1,,,,,
"2,973",2018 People Staying Counts,CAP2,Weekend_Midday,Weekend,Midday,20180728,1337,1347,,Sun-Exposed,75,UD4H,15,1,1,,1,,1,,,,,,,,,,,1,,,1,,,,,,,,,,,,,,1,,,1,,,,,,,
"2,974",2018 People Staying Counts,CAP2,Weekend_Midday,Weekend,Midday,20180728,1337,1347,,Sun-Exposed,75,UD4H,16,1,1,1,,,1,,,,,,,,,,,,,1,,,1,,,,,1,,,,,,,,,,1,,,,,,,
"2,975",2018 People Staying Counts,CAP2,Weekend_Midday,Weekend,Midday,20180728,1337,1347,,Sun-Exposed,75,UD4H,17,1,2,1,,,1,,,,,,,,,,,,,1,,1,,,,,,,,1,,1,1,,,,,,,,,,,,
"2,976",2018 People Staying Counts,CAP2,Weekend_Midday,Weekend,Midday,20180728,1337,1347,,Sun-Exposed,75,UD4H,18,1,1,1,,,1,,,,,,,,,,,,1,,,,1,,,,,,,,,,1,,,,,,,,,,,,
"2,977",2018 People Staying Counts,CAP2,Weekend_Midday,Weekend,Midday,20180728,1337,1347,,Sun-Exposed,75,UD4H,19,1,1,1,,,1,,,,,,,,,,,1,,,1,,,,,,,,,1,,1,,,,,,,,,,,,,
"2,978",2018 People Staying Counts,CAP2,Weekend_Evening,Weekend,Evening,20180728,1734,1744,,Sun-Shaded,82,UD4H,1,1,1,1,,,1,,,,,,,,,,,1,,,,,1,,,,,,,1,,1,,,1,,,,,,,,,,
"2,979",2018 People Staying Counts,CAP2,Weekend_Evening,Weekend,Evening,20180728,1734,1744,,Sun-Shaded,82,UD4H,2,1,2,1,,,1,,,,,,,,,,,1,,,,,,1,,,,,,1,,1,1,,,,,,,,,,,,
"2,980",2018 People Staying Counts,CAP2,Weekend_Evening,Weekend,Evening,20180728,1734,1744,,Sun-Shaded,82,UD4H,3,1,2,,1,,1,,,,,,,,,,,1,,,,,,1,,,,,,1,,1,1,,,,,,,,,,,,
"2,981",2018 People Staying Counts,CAP2,Weekend_Evening,Weekend,Evening,20180728,1734,1744,,Sun-Shaded,82,UD4H,4,1,2,,,1,1,,,,,,,,,,,,1,,,,1,,,,,,,,,,1,,1,,,,,,,,,,
"2,982",2018 People Staying Counts,CAP2,Weekend_Evening,Weekend,Evening,20180728,1734,1744,,Sun-Shaded,82,UD4H,5,1,2,1,,,1,,,,,,,,,,,1,,,,,1,,,,,,,,,,1,,,,,,,1,,,,,
"2,983",2018 People Staying Counts,CAP2,Weekend_Evening,Weekend,Evening,20180728,1734,1744,,Sun-Shaded,82,UD4H,6,1,2,1,,,1,,,,,,,,,,,,1,,,,,,,1,,,,,,,,,,,1,,,1,,,,1,
"2,984",2018 People Staying Counts,CAP2,Weekend_Evening,Weekend,Evening,20180728,1734,1744,,Sun-Shaded,82,UD4H,7,1,2,1,,,1,,,,,,,,,,,,,1,,,,,,1,,,,,,,,,,,1,,,,,,,,
"2,985",2018 People Staying Counts,CAP2,Weekend_Evening,Weekend,Evening,20180728,1734,1744,,Sun-Shaded,82,UD4H,8,1,2,1,,,1,,,,,,,,,,,,1,,,,,1,,,,,,1,,1,1,,,,,,,,,,,,
"2,986",2018 People Staying Counts,CAP2,Weekend_Evening,Weekend,Evening,20180728,1734,1744,,Sun-Shaded,82,UD4H,9,1,2,1,,,1,,,,,,,,,,,,1,,,,,1,,,,,,1,,1,1,,,,,,,,,,,,
"2,987",2018 People Staying Counts,CAP2,Weekend_Evening,Weekend,Evening,20180728,1734,1744,,Sun-Shaded,82,UD4H,10,1,2,1,,,1,,,,,,,,,,,,1,,,,,1,,,,,,1,,1,1,,,,,,,,,,,,
"2,988",2018 People Staying Counts,CAP2,Weekend_Evening,Weekend,Evening,20180728,1734,1744,,Sun-Shaded,82,UD4H,11,1,2,,1,,1,,,,,,,,,,,,1,,,,,1,,,,,,1,,1,1,,,,,,,,,,,,
"2,989",2018 People Staying Counts,CAP2,Weekend_Evening,Weekend,Evening,20180728,1734,1744,,Sun-Shaded,82,UD4H,12,1,3,,1,,,1,,,,,,,,,,1,,,,,1,,,,,,,,,,1,,,,1,1,,1,,,,,
"2,990",2018 People Staying Counts,CAP2,Weekend_Evening,Weekend,Evening,20180728,1734,1744,,Sun-Shaded,82,UD4H,13,1,3,1,,,,1,,,,,,,,,,1,,,,,1,,,,,,,,,,1,,1,,,1,,1,,,,,
"2,991",2018 People Staying Counts,CAP2,Weekend_Evening,Weekend,Evening,20180728,1734,1744,,Sun-Shaded,82,UD4H,14,1,3,,,1,,,,,,,,1,1,,,,,,,,,,1,,,,,,,,,,,,1,,,,,,,,
"2,992",2018 People Staying Counts,CAP2,Weekend_Evening,Weekend,Evening,20180728,1734,1744,,Sun-Shaded,82,UD4H,15,1,1,1,,,1,,,,,,,,,,,1,,,,,,,,1,,,,,,,,,,,1,,,,,,,1,
"2,993",2018 People Staying Counts,CAP2,Weekend_Evening,Weekend,Evening,20180728,1734,1744,,Sun-Shaded,82,UD4H,16,1,1,,1,,1,,,,,,,,,,,1,,,1,,,,,,,,,,,,,,,,1,,,1,,,,,
"2,994",2018 People Staying Counts,CAP2,Weekend_Evening,Weekend,Evening,20180728,1734,1744,,Sun-Shaded,82,UD4H,17,1,1,1,,,1,,,,,,,,,,,1,,,,,1,,,,,,,1,,1,,,1,,,,,,,,,,
"2,995",2018 People Staying Counts,CAP2,Weekend_Evening,Weekend,Evening,20180728,1734,1744,,Sun-Shaded,82,UD4H,18,1,2,1,,,1,,,,,,,,,,,1,,,,,,1,,,,,,1,,1,1,,,,,,,,,,,,
"2,996",2018 People Staying Counts,CAP2,Weekend_Evening,Weekend,Evening,20180728,1734,1744,,Sun-Shaded,82,UD4H,19,1,2,,1,,1,,,,,,,,,,,1,,,,,,1,,,,,,1,,1,1,,,,,,,,,,,,
"2,997",2018 People Staying Counts,CAP2,Weekend_Evening,Weekend,Evening,20180728,1734,1744,,Sun-Shaded,82,UD4H,20,1,1,,1,,1,,,,,,,,,,,1,,,1,,,,,,,,1,,,,1,,,,,,,,,,,,
"2,998",2018 People Staying Counts,CAP2,Weekend_Evening,Weekend,Evening,20180728,1734,1744,,Sun-Shaded,82,UD4H,21,1,1,,1,,1,,,,,,,,,,,1,,,,,,1,,,,,,1,,1,,1,1,,,,,,,,,,
"2,999",2018 People Staying Counts,CAP2,Weekend_Evening,Weekend,Evening,20180728,1734,1744,,Sun-Shaded,82,UD4H,22,1,2,1,,,1,,,,,,,,,,,1,,,,,,1,,,,,,1,,1,1,,,,,,,,,,,,
"3,000",2018 People Staying Counts,CAP2,Weekend_Evening,Weekend,Evening,20180728,1734,1744,,Sun-Shaded,82,UD4H,23,1,2,,1,,1,,,,,,,,,,,1,,,1,,,,,,,,,1,,1,1,,,,,,,,,,,,
"3,001",2018 People Staying Counts,CAP2,Weekend_Evening,Weekend,Evening,20180728,1734,1744,,Sun-Shaded,82,UD4H,24,1,2,1,,,1,,,,,,,,,,,1,,,,,,1,,,,,,1,,1,1,,,,,,,,,,,,
"3,002",2018 People Staying Counts,CAP2,Weekend_Evening,Weekend,Evening,20180728,1734,1744,,Sun-Shaded,82,UD4H,25,1,2,,1,,1,,,,,,,,,,,1,,,,,,1,,,,,,1,,1,1,,,,,,,,,,,,
"3,003",2018 People Staying Counts,CAP2,Weekend_Evening,Weekend,Evening,20180728,1734,1744,,Sun-Shaded,82,UD4H,26,1,1,,1,,1,,,,,,,,,,,1,,,1,,,,,,,,1,,,,1,,,,,,,,,,,,
"3,004",2018 People Staying Counts,CAP2,Weekend_Evening,Weekend,Evening,20180728,1734,1744,,Sun-Shaded,82,UD4H,27,1,1,1,,,1,,,,,,,,,,,1,,,,,,,,1,,,,,,,,,1,,,,,,,,,,
"3,005",2018 People Staying Counts,CAP2,Weekend_Evening,Weekend,Evening,20180728,1734,1744,,Sun-Shaded,82,UD4H,28,1,1,1,,,1,,,,,,,,,,,1,,,,,1,,,,,,,,,,,,,,1,,,1,,1,,,
"3,006",2018 People Staying Counts,CAP2,Weekend_Evening,Weekend,Evening,20180728,1734,1744,,Sun-Shaded,82,UD4H,29,1,1,1,,,1,,,,,,,,,,,1,,,,,,1,,,,,,1,,1,1,,,,,,,,,,,,
"3,007",2018 People Staying Counts,COM1,Weekend_Midday,Weekend,Midday,20180714,1224,1234,event:political_religious,Sun-Shaded,77,UD4H,1,1,1,1,,,,1,,,,,,,,,,1,,,1,,,,,,,,,,,1,,,,,,,,,,,,,
"3,008",2018 People Staying Counts,COM1,Weekend_Midday,Weekend,Midday,20180714,1224,1234,event:political_religious,Sun-Shaded,77,UD4H,2,1,2,,1,,,1,,,,,,,,,,1,,,1,,,,,,,,,,,,1,,,,,,,,,,,,
"3,009",2018 People Staying Counts,COM1,Weekend_Midday,Weekend,Midday,20180714,1224,1234,event:political_religious,Sun-Shaded,77,UD4H,3,1,2,1,,,,1,,,,,,,,,,1,,,,,,,1,,,,,,,1,1,,,,,,,,,,,,
"3,010",2018 People Staying Counts,COM1,Weekend_Midday,Weekend,Midday,20180714,1224,1234,event:political_religious,Sun-Shaded,77,UD4H,4,1,1,1,,,,1,,,,,,,,,,1,,,,,,,,,1,,,,,,,,,,,,,,,,1,,
"3,011",2018 People Staying Counts,COM1,Weekend_Midday,Weekend,Midday,20180714,1224,1234,event:political_religious,Sun-Shaded,77,UD4H,5,1,1,1,,,1,,,,,,,,,,,,,1,,,,,1,,,1,,,,,,,,,1,,,,,,1,,
"3,012",2018 People Staying Counts,COM1,Weekend_Midday,Weekend,Midday,20180714,1224,1234,event:political_religious,Sun-Shaded,77,UD4H,6,1,1,1,,,1,,,,,,,,,,,,,1,,,,,1,,,1,,,,,,,,,1,,,,,,1,,
"3,013",2018 People Staying Counts,COM1,Weekend_Midday,Weekend,Midday,20180714,1224,1234,event:political_religious,Sun-Shaded,77,UD4H,7,1,1,,1,,,1,,,,,,,,,1,,,,1,,,,,,,,,,,,,,,,1,,,,,,,,
"3,014",2018 People Staying Counts,COM1,Weekend_Midday,Weekend,Midday,20180714,1224,1234,event:political_religious,Sun-Shaded,77,UD4H,8,1,2,,1,,,,,1,,,,,,,,,1,,1,,,,,,,,,,,,1,,,,,1,,,,,,,
"3,015",2018 People Staying Counts,COM1,Weekend_Midday,Weekend,Midday,20180714,1224,1234,event:political_religious,Sun-Shaded,77,UD4H,9,1,2,1,,,,,,1,,,,,,,,,1,,1,,,,,,,,,,,,1,,,,,1,,,,,,,
"3,016",2018 People Staying Counts,COM1,Weekend_Midday,Weekend,Midday,20180714,1224,1234,event:political_religious,Sun-Shaded,77,UD4H,10,1,1,1,,,1,,,,,,,,,,,,1,,,,,,,1,,,,,,,,,,,1,,,,,,1,,
"3,017",2018 People Staying Counts,COM1,Weekend_Midday,Weekend,Midday,20180714,1224,1234,event:political_religious,Sun-Shaded,77,UD4H,11,1,1,1,,,,,,,,1,,,,,,,1,,1,,,,,,,1,,,,,,,,,1,,,,,,1,,
"3,018",2018 People Staying Counts,COM1,Weekend_Midday,Weekend,Midday,20180714,1224,1234,event:political_religious,Sun-Shaded,77,UD4H,12,1,1,,1,,1,,,,,,,,,,,,,1,1,,,,,,,,,,,,,,,,,,,1,,,,,
"3,019",2018 People Staying Counts,COM1,Weekend_Midday,Weekend,Midday,20180714,1224,1234,event:political_religious,Sun-Shaded,77,UD4H,13,1,2,1,,,1,,,,,,,,,,,1,,,,,,,1,,,,,,,,,,,,1,,,,,,1,,
"3,020",2018 People Staying Counts,COM1,Weekend_Midday,Weekend,Midday,20180714,1224,1234,event:political_religious,Sun-Shaded,77,UD4H,14,1,2,,1,,1,,,,,,,,,,,1,,,,,,,1,,,,,,,,1,,,,,,,,,,,,
"3,021",2018 People Staying Counts,COM1,Weekend_Midday,Weekend,Midday,20180714,1224,1234,event:political_religious,Sun-Shaded,77,UD4H,15,1,1,1,,,1,,,,,,,,,,,1,,,,,,,1,,,,,,,,,,,,1,,,,,,1,,
"3,022",2018 People Staying Counts,COM1,Weekend_Midday,Weekend,Midday,20180714,1224,1234,event:political_religious,Sun-Shaded,77,UD4H,16,1,2,1,,,,1,,,,,,,,,1,,,,,,,,1,,,,,,,,,,,,,,,1,,,1,,
"3,023",2018 People Staying Counts,COM1,Weekend_Midday,Weekend,Midday,20180714,1224,1234,event:political_religious,Sun-Shaded,77,UD4H,17,1,2,1,,,1,,,,,,,,,,,1,,,,1,,,,,,,,,,,,,,,1,,,,,,,,
"3,024",2018 People Staying Counts,COM1,Weekend_Midday,Weekend,Midday,20180714,1224,1234,event:political_religious,Sun-Shaded,77,UD4H,18,1,2,1,,,1,,,,,,,,,,,1,,,1,,,,,,,,,,,,,,1,,,,,,,,,,
"3,025",2018 People Staying Counts,COM1,Weekend_Midday,Weekend,Midday,20180714,1224,1234,event:political_religious,Sun-Shaded,77,UD4H,19,1,1,1,,,,1,,,,,,,,,,,1,,,1,,,,,,,,,,,,,,,1,,,,,,,,
"3,026",2018 People Staying Counts,COM1,Weekend_Midday,Weekend,Midday,20180714,1224,1234,event:political_religious,Sun-Shaded,77,UD4H,20,1,1,,1,,1,,,,,,,,,,1,,,,,,,,,1,,,,,,1,,,,,,,,,,,,,
"3,027",2018 People Staying Counts,COM1,Weekend_Midday,Weekend,Midday,20180714,1224,1234,event:political_religious,Sun-Shaded,77,UD4H,21,1,1,,1,,1,,,,,,,,,,1,,,,,,,,,1,,,,,,,,,,,1,,,,,,,,
"3,028",2018 People Staying Counts,COM1,Weekend_Midday,Weekend,Midday,20180714,1224,1234,event:political_religious,Sun-Shaded,77,UD4H,22,1,1,1,,,1,,,,,,,,,,,1,,,,,,,,,1,,,,,,,,,,,,,,,,1,,
"3,029",2018 People Staying Counts,COM1,Weekend_Midday,Weekend,Midday,20180714,1224,1234,event:political_religious,Sun-Shaded,77,UD4H,23,1,1,1,,,1,,,,,,,,,,,,,1,1,,,,,,,,,,,,,,,,,1,,,,,,,
"3,030",2018 People Staying Counts,COM1,Weekend_Midday,Weekend,Midday,20180714,1224,1234,event:political_religious,Sun-Shaded,77,UD4H,24,1,1,1,,,1,,,,,,,,,,,,1,,,,,,1,,,,,,,,,,,,1,,,,,,,,
"3,031",2018 People Staying Counts,COM1,Weekend_Midday,Weekend,Midday,20180714,1224,1234,event:political_religious,Sun-Shaded,77,UD4H,25,1,1,1,,,,1,,,,,,,,,,,1,,1,,,,,,,,,,,,1,,,,,,,,,,,1,
"3,032",2018 People Staying Counts,COM1,Weekend_Evening,Weekend,Evening,20180714,1718,1728,,Sun-Exposed,82,UD4H,1,1,1,1,,,1,,,,,,,,,,,,1,,1,,,,,,,,,,1,,,,,,,,,1,,,,,
"3,033",2018 People Staying Counts,COM1,Weekend_Evening,Weekend,Evening,20180714,1718,1728,,Sun-Exposed,82,UD4H,2,1,1,1,,,,,,1,,,,,,,,,,1,1,,,,,,,1,,,,,,,,,1,,,,,,,,
"3,034",2018 People Staying Counts,COM1,Weekend_Evening,Weekend,Evening,20180714,1718,1728,,Sun-Exposed,82,UD4H,3,1,1,,1,,,1,,,,,,,,,,,1,,1,,,,,,,,,,,,,,,,1,1,,,,,,,
"3,035",2018 People Staying Counts,COM1,Weekend_Evening,Weekend,Evening,20180714,1718,1728,,Sun-Exposed,82,UD4H,4,1,1,1,,,,,,1,,,,,,,,,1,,,,1,,,,,,,,,,,,,,,1,,,,,,,
"3,036",2018 People Staying Counts,COM1,Weekday1_Morning,Weekday,Morning,20180717,0824,0834,"event:accidents_emergency, event:roadwork_construction",Sun-Shaded,65,UD4H,1,1,1,1,,,,1,,,,,,,,,,,1,,,,1,,,,,,,,,,,,,,1,,,,,,,,
"3,037",2018 People Staying Counts,COM1,Weekday1_Morning,Weekday,Morning,20180717,0824,0834,"event:accidents_emergency, event:roadwork_construction",Sun-Shaded,65,UD4H,2,1,1,1,,,,1,,,,,,,,,,,1,,,,1,,,,,,,,,,,,,,1,,,,,,,,
"3,038",2018 People Staying Counts,COM1,Weekday1_Morning,Weekday,Morning,20180717,0824,0834,"event:accidents_emergency, event:roadwork_construction",Sun-Shaded,65,UD4H,3,1,1,,1,,1,,,,,,,,,,,1,,,1,,,,,,,,,,,,,,1,,,1,,,,,,,
"3,039",2018 People Staying Counts,COM1,Weekday1_Morning,Weekday,Morning,20180717,0824,0834,"event:accidents_emergency, event:roadwork_construction",Sun-Shaded,65,UD4H,4,1,1,,1,,1,,,,,,,,,,,1,,,1,,,,,,,,,,,,,,,,,,,,,,1,,
"3,040",2018 People Staying Counts,COM1,Weekday1_Morning,Weekday,Morning,20180717,0824,0834,"event:accidents_emergency, event:roadwork_construction",Sun-Shaded,65,UD4H,5,1,1,,1,,,1,,,,,,,,,,1,,,1,,,,,,,,,,,,,,1,,,1,,,,,,,
"3,041",2018 People Staying Counts,COM1,Weekday1_Morning,Weekday,Morning,20180717,0824,0834,"event:accidents_emergency, event:roadwork_construction",Sun-Shaded,65,UD4H,6,1,1,,1,,,,,1,,,,,,,,1,,,1,,,,,,,,,,,,,,,,1,,,,,,,,
"3,042",2018 People Staying Counts,COM1,Weekday1_Morning,Weekday,Morning,20180717,0824,0834,"event:accidents_emergency, event:roadwork_construction",Sun-Shaded,65,UD4H,7,1,1,1,,,,,,,,1,,,,,,1,,,,,1,,,,,,,,,1,,,,,1,,,,,,,,
"3,043",2018 People Staying Counts,COM1,Weekday1_Morning,Weekday,Morning,20180717,0824,0834,"event:accidents_emergency, event:roadwork_construction",Sun-Shaded,65,UD4H,8,1,1,1,,,1,,,,,,,,,,,1,,,,,1,,,,,,,,,,1,,,,,,,,,,,,
"3,044",2018 People Staying Counts,COM1,Weekday1_Morning,Weekday,Morning,20180717,0824,0834,"event:accidents_emergency, event:roadwork_construction",Sun-Shaded,65,UD4H,9,1,1,,1,,1,,,,,,,,,,1,,,,,,1,,,,,,,,,,,,,,1,,,,,,,,
"3,045",2018 People Staying Counts,COM1,Weekday1_Morning,Weekday,Morning,20180717,0824,0834,"event:accidents_emergency, event:roadwork_construction",Sun-Shaded,65,UD4H,10,1,1,,1,,1,,,,,,,,,,,1,,,1,,,,,,,,,,,,,,,,,1,,,,,,,
"3,046",2018 People Staying Counts,COM1,Weekday1_Morning,Weekday,Morning,20180717,0824,0834,"event:accidents_emergency, event:roadwork_construction",Sun-Shaded,65,UD4H,11,1,1,,1,,1,,,,,,,,,,1,,,,1,,,,,,,,,,,1,,,,,1,,,,,,,,
"3,047",2018 People Staying Counts,COM1,Weekday1_Morning,Weekday,Morning,20180717,0824,0834,"event:accidents_emergency, event:roadwork_construction",Sun-Shaded,65,UD4H,12,1,1,,1,,,1,,,,,,,,,,1,,,,,1,,,,,,,,,,,,1,,,,,,,,,,
"3,048",2018 People Staying Counts,COM1,Weekday1_Morning,Weekday,Morning,20180717,0824,0834,"event:accidents_emergency, event:roadwork_construction",Sun-Shaded,65,UD4H,13,1,1,1,,,,1,,,,,,,,,,1,,,,,1,,,,,,,,,,,,1,,1,,,,,,,,
"3,049",2018 People Staying Counts,COM1,Weekday1_Morning,Weekday,Morning,20180717,0824,0834,"event:accidents_emergency, event:roadwork_construction",Sun-Shaded,65,UD4H,14,1,1,1,,,,1,,,,,,,,,,,,1,1,,,,,,,1,1,,,1,,,,,,,,,,,,,
"3,050",2018 People Staying Counts,COM1,Weekday1_Morning,Weekday,Morning,20180717,0824,0834,"event:accidents_emergency, event:roadwork_construction",Sun-Shaded,65,UD4H,15,1,1,1,,,1,,,,,,,,,,,1,,,,,1,,,,,,,,,,,,,,1,,,,,,,,
"3,051",2018 People Staying Counts,COM1,Weekday1_Midday,Weekday,Midday,20180717,1222,1232,,Sun-Shaded,81,UD4H,1,1,1,1,,,,,,1,,,,,,,,1,,,1,,,,,,,,,,,,,,,,,,,1,,,,,
"3,052",2018 People Staying Counts,COM1,Weekday1_Midday,Weekday,Midday,20180717,1222,1232,,Sun-Shaded,81,UD4H,2,1,1,,1,,,,,1,,,,,,,,1,,,,,1,,,,,,,,,,,,,,1,,,,,,,,
"3,053",2018 People Staying Counts,COM1,Weekday1_Midday,Weekday,Midday,20180717,1222,1232,,Sun-Shaded,81,UD4H,3,1,1,1,,,1,,,,,,,,,,,,1,,,,1,,,,,,,,,,,,,,1,,,,,,,,
"3,054",2018 People Staying Counts,COM1,Weekday1_Midday,Weekday,Midday,20180717,1222,1232,,Sun-Shaded,81,UD4H,4,1,1,1,,,,1,,,,,,,,,,1,,,,,1,,,,,,,,,,,,,,1,,,,,,,,
"3,055",2018 People Staying Counts,COM1,Weekday1_Midday,Weekday,Midday,20180717,1222,1232,,Sun-Shaded,81,UD4H,5,1,1,1,,,1,,,,,,,,,,,,,1,,,1,,,,,,,,,,,,,,1,1,,,,,,,
"3,056",2018 People Staying Counts,COM1,Weekday1_Midday,Weekday,Midday,20180717,1222,1232,,Sun-Shaded,81,UD4H,6,1,1,1,,,1,,,,,,,,,,,1,,,,,,,1,,,1,,,,,,,,,,,,1,,,,,
"3,057",2018 People Staying Counts,COM1,Weekday1_Midday,Weekday,Midday,20180717,1222,1232,,Sun-Shaded,81,UD4H,7,1,2,,1,,1,,,,,,,,,,1,,,,1,,,,,,,,,,,,,,,,,,,1,,,,,
"3,058",2018 People Staying Counts,COM1,Weekday1_Midday,Weekday,Midday,20180717,1222,1232,,Sun-Shaded,81,UD4H,8,1,2,,1,,,1,,,,,,,,,1,,,,,1,,,,,,,,,,,,,,,,,,1,,,,,
"3,059",2018 People Staying Counts,COM1,Weekday1_Midday,Weekday,Midday,20180717,1222,1232,,Sun-Shaded,81,UD4H,9,1,1,1,,,1,,,,,,,,,,,1,,,1,,,,,,,,,,,,,,1,,,,,1,,,,,
"3,060",2018 People Staying Counts,COM1,Weekday1_Midday,Weekday,Midday,20180717,1222,1232,,Sun-Shaded,81,UD4H,10,1,1,,1,,1,,,,,,,,,,1,,,,1,,,,,,,,,,,,1,,,,,,,,,,,,
"3,061",2018 People Staying Counts,COM1,Weekday1_Midday,Weekday,Midday,20180717,1222,1232,,Sun-Shaded,81,UD4H,11,1,1,,1,,1,,,,,,,,,,,1,,,,1,,,,,,,,,,,,,,,1,,,,,,,,
"3,062",2018 People Staying Counts,COM1,Weekday1_Midday,Weekday,Midday,20180717,1222,1232,,Sun-Shaded,81,UD4H,12,1,3,,1,,1,,,,,,,,,,,,1,,1,,,,,,,,,,,,1,,,,,1,,,,,,,
"3,063",2018 People Staying Counts,COM1,Weekday1_Midday,Weekday,Midday,20180717,1222,1232,,Sun-Shaded,81,UD4H,13,1,3,,1,,1,,,,,,,,,,,1,,,1,,,,,,,,,,,,1,,,,,1,,,,,,,
"3,064",2018 People Staying Counts,COM1,Weekday1_Midday,Weekday,Midday,20180717,1222,1232,,Sun-Shaded,81,UD4H,14,1,3,,1,,,1,,,,,,,,,,1,,,1,,,,,,,,,,,,1,,,,,1,,,,,,,
"3,065",2018 People Staying Counts,COM1,Weekday1_Midday,Weekday,Midday,20180717,1222,1232,,Sun-Shaded,81,UD4H,15,1,1,1,,,,1,,,,,,,,,,1,,,1,,,,,,,,,,,,,,1,,,,,,,,,,
"3,066",2018 People Staying Counts,COM1,Weekday1_Midday,Weekday,Midday,20180717,1222,1232,,Sun-Shaded,81,UD4H,16,1,2,,1,,1,,,,,,,,,,,1,,,1,,,,,,,,,,,,1,,1,,,,,,,,,,
"3,067",2018 People Staying Counts,COM1,Weekday1_Midday,Weekday,Midday,20180717,1222,1232,,Sun-Shaded,81,UD4H,17,1,2,,1,,1,,,,,,,,,,1,,,,,1,,,,,,,,,,,1,,,,,,,,,,,,
"3,068",2018 People Staying Counts,COM1,Weekday1_Midday,Weekday,Midday,20180717,1222,1232,,Sun-Shaded,81,UD4H,18,1,1,1,,,,1,,,,,,,,,,,1,,,,1,,,,,,,,,,,,,,1,,,1,,,,,
"3,069",2018 People Staying Counts,COM1,Weekday1_Midday,Weekday,Midday,20180717,1222,1232,,Sun-Shaded,81,UD4H,19,1,2,,1,,1,,,,,,,,,,,,,1,1,,,,,,,,,,,,1,,,,,,,,,,,,
"3,070",2018 People Staying Counts,COM1,Weekday1_Midday,Weekday,Midday,20180717,1222,1232,,Sun-Shaded,81,UD4H,20,1,2,,1,,1,,,,,,,,,,,1,,,1,,,,,,,,,,,,1,,,,,1,,,,,,,
"3,071",2018 People Staying Counts,COM1,Weekday1_Evening,Weekday,Evening,20180717,1625,1635,,Sun-Exposed,87,UD4H,1,1,1,,1,,,1,,,,,,,,,,1,,,,,1,,,,,,,,,,,,,,1,1,,,,,,,
"3,072",2018 People Staying Counts,COM1,Weekday1_Evening,Weekday,Evening,20180717,1625,1635,,Sun-Exposed,87,UD4H,2,1,1,1,,,1,,,,,,,,,,,,1,,,,1,,,,,,,,,,,,,,1,,,,,,,,
"3,073",2018 People Staying Counts,COM1,Weekday1_Evening,Weekday,Evening,20180717,1625,1635,,Sun-Exposed,87,UD4H,3,1,2,1,,,,1,,,,,,,,,,,1,,1,,,,,,,,,,,,1,,,,,,,,,,,,
"3,074",2018 People Staying Counts,COM1,Weekday1_Evening,Weekday,Evening,20180717,1625,1635,,Sun-Exposed,87,UD4H,4,1,2,,1,,,,,,,,1,,,,1,,,,1,,,,,,,,,,,,1,,,,,,,,,,,,
"3,075",2018 People Staying Counts,COM1,Weekday1_Evening,Weekday,Evening,20180717,1625,1635,,Sun-Exposed,87,UD4H,5,1,1,,1,,1,,,,,,,,,,,,1,,,,1,,,,,,,,,,,,,,1,1,,,,,,,
"3,076",2018 People Staying Counts,COM1,Weekday1_Evening,Weekday,Evening,20180717,1625,1635,,Sun-Exposed,87,UD4H,6,1,1,,1,,1,,,,,,,,,,,1,,,,1,,,,,,,,,,,,,1,,,,,,,,,,
"3,077",2018 People Staying Counts,COM1,Weekday1_Evening,Weekday,Evening,20180717,1625,1635,,Sun-Exposed,87,UD4H,7,1,1,1,,,1,,,,,,,,,,,,1,,,,,,,1,,,,,,,,,,,1,,,,,,,,
"3,078",2018 People Staying Counts,COM1,Weekday1_Evening,Weekday,Evening,20180717,1625,1635,,Sun-Exposed,87,UD4H,8,1,1,1,,,1,,,,,,,,,,,1,,,,1,,,,,,,,,,,,,,,1,,,,,,,,
"3,079",2018 People Staying Counts,COM1,Weekday1_Evening,Weekday,Evening,20180717,1625,1635,,Sun-Exposed,87,UD4H,9,1,1,,1,,1,,,,,,,,,,1,,,,1,,,,,,,,,,,,,,1,,,,,,,,,,
"3,080",2018 People Staying Counts,COM1,Weekday1_Evening,Weekday,Evening,20180717,1625,1635,,Sun-Exposed,87,UD4H,10,1,1,1,,,1,,,,,,,,,,,1,,,,1,,,,,,,,,,,,,1,,,1,,,,,,,
"3,081",2018 People Staying Counts,COM1,Weekday1_Evening,Weekday,Evening,20180717,1625,1635,,Sun-Exposed,87,UD4H,11,1,1,1,,,1,,,,,,,,,,,,1,,1,,,,,,,,,,,,,,,,,1,,1,,,,,
"3,082",2018 People Staying Counts,COM1,Weekday1_Evening,Weekday,Evening,20180717,1625,1635,,Sun-Exposed,87,UD4H,12,1,2,,1,,,1,,,,,,,,,,1,,,,1,,,,,,,,,,,,,1,,,,,,,,,,
"3,083",2018 People Staying Counts,COM1,Weekday1_Evening,Weekday,Evening,20180717,1625,1635,,Sun-Exposed,87,UD4H,13,1,2,,,1,,1,,,,,,,1,,,,,,,,,,1,,,,,,,,,,,,1,,,,,,,,
"3,084",2018 People Staying Counts,COM1,Weekday1_Evening,Weekday,Evening,20180717,1625,1635,,Sun-Exposed,87,UD4H,14,1,1,1,,,1,,,,,,,,,,,1,,,,1,,,,,,,,,,,,,,,1,1,,,,,,,
"3,085",2018 People Staying Counts,COM1,Weekday1_Evening,Weekday,Evening,20180717,1625,1635,,Sun-Exposed,87,UD4H,15,1,1,1,,,,,,1,,,,,,,,1,,,,1,,,,,,,,,,,,,,,1,1,,,,,,,
"3,086",2018 People Staying Counts,COM1,Weekday1_Evening,Weekday,Evening,20180717,1625,1635,,Sun-Exposed,87,UD4H,16,1,1,,1,,1,,,,,,,,,,1,,,,,1,,,,,,,,,,,,,1,,,1,,,,,,,
"3,087",2018 People Staying Counts,COM1,Weekday1_Evening,Weekday,Evening,20180717,1625,1635,,Sun-Exposed,87,UD4H,17,1,2,1,,,,1,,,,,,,,,,1,,,,1,,,,,,,,,,,1,,,,,,,,,,,,
"3,088",2018 People Staying Counts,COM1,Weekday1_Evening,Weekday,Evening,20180717,1625,1635,,Sun-Exposed,87,UD4H,18,1,2,1,,,1,,,,,,,,,,,1,,,,1,,,,,,,,,,,1,,,,,1,,,,,,,
"3,089",2018 People Staying Counts,COM1,Weekday1_Evening,Weekday,Evening,20180717,1625,1635,,Sun-Exposed,87,UD4H,19,1,1,1,,,,1,,,,,,,,,,,,1,1,,,,,,,1,,,,,,,,,1,,,,,,,,
"3,090",2018 People Staying Counts,COM1,Weekday1_Evening,Weekday,Evening,20180717,1625,1635,,Sun-Exposed,87,UD4H,20,1,1,1,,,,1,,,,,,,,,1,,,,,,1,,,,,,,,,,,,1,,1,,,,,,,,
"3,091",2018 People Staying Counts,COM1,Weekday1_Evening,Weekday,Evening,20180717,1625,1635,,Sun-Exposed,87,UD4H,21,1,1,1,,,1,,,,,,,,,,1,,,,,1,,,,,,,,,,,,,1,,,1,,,,,,,
"3,092",2018 People Staying Counts,COM1,Weekday1_Evening,Weekday,Evening,20180717,1625,1635,,Sun-Exposed,87,UD4H,22,1,1,,1,,1,,,,,,,,,,,1,,,,1,,,,,,,,,,,,,1,,,1,,,,,,,
"3,093",2018 People Staying Counts,COM1,Weekday1_Evening,Weekday,Evening,20180717,1625,1635,,Sun-Exposed,87,UD4H,23,1,1,1,,,,,,1,,,,,,,1,,,,1,,,,,,,,,,,,,,1,,1,1,,,,,,,
"3,094",2018 People Staying Counts,COM1,Weekday1_Evening,Weekday,Evening,20180717,1625,1635,,Sun-Exposed,87,UD4H,24,1,1,1,,,1,,,,,,,,,,,,1,,,,1,,,,,,,,,,,,1,,,1,,,,,,,
"3,095",2018 People Staying Counts,COM1,Weekday1_Evening,Weekday,Evening,20180717,1625,1635,,Sun-Exposed,87,UD4H,25,1,1,1,,,,1,,,,,,,,,,,1,,,,1,,,,,,,,,,,,,,1,1,,,,,,,
"3,096",2018 People Staying Counts,COM1,Weekday2_Morning,Weekday,Morning,20180718,0822,0832,,Heavy Clouds,64,UD4H,1,1,1,1,,,,1,,,,,,,,,,,1,,,,1,,,,,,,,,,,,,,1,,,,,,1,,
"3,097",2018 People Staying Counts,COM1,Weekday2_Morning,Weekday,Morning,20180718,0822,0832,,Heavy Clouds,64,UD4H,2,1,1,1,,,1,,,,,,,,,,,,1,,,,,,,1,,,,,,,,,,,1,1,,,,,,,
"3,098",2018 People Staying Counts,COM1,Weekday2_Morning,Weekday,Morning,20180718,0822,0832,,Heavy Clouds,64,UD4H,3,1,1,1,,,1,,,,,,,,,,,,1,,,1,,,,,,,,,,,,,,,1,,,,,,1,,
"3,099",2018 People Staying Counts,COM1,Weekday2_Morning,Weekday,Morning,20180718,0822,0832,,Heavy Clouds,64,UD4H,4,1,1,,1,,1,,,,,,,,,,,1,,,,,,,,1,,,,,,,,,,,1,,,,,,1,,
"3,100",2018 People Staying Counts,COM1,Weekday2_Morning,Weekday,Morning,20180718,0822,0832,,Heavy Clouds,64,UD4H,5,1,1,1,,,,,,1,,,,,,,,,,1,1,,,,,,,,,,,,,,,,,1,,1,,,,,
"3,101",2018 People Staying Counts,COM1,Weekday2_Morning,Weekday,Morning,20180718,0822,0832,,Heavy Clouds,64,UD4H,6,1,1,1,,,,1,,,,,,,,,,,1,,1,,,,,,,,,,,,,,,,1,1,,,,,,,
"3,102",2018 People Staying Counts,COM1,Weekday2_Morning,Weekday,Morning,20180718,0822,0832,,Heavy Clouds,64,UD4H,7,1,1,1,,,1,,,,,,,,,,,1,,,1,,,,,,,,,,,,,,1,,,1,,,,,,,
"3,103",2018 People Staying Counts,COM1,Weekday2_Morning,Weekday,Morning,20180718,0822,0832,,Heavy Clouds,64,UD4H,8,1,1,,1,,,,,1,,,,,,,,1,,,1,,,,,,,,,,,,,,1,,,1,,,,,,,
"3,104",2018 People Staying Counts,COM1,Weekday2_Morning,Weekday,Morning,20180718,0822,0832,,Heavy Clouds,64,UD4H,9,1,1,,1,,,1,,,,,,,,,,,1,,1,,,,,,,,,,,,,,,,,1,,,,,,,
"3,105",2018 People Staying Counts,COM1,Weekday2_Morning,Weekday,Morning,20180718,0822,0832,,Heavy Clouds,64,UD4H,10,1,1,1,,,1,,,,,,,,,,,,1,,1,,,,,,,,,,,,,,1,,,1,,,,,,,
"3,106",2018 People Staying Counts,COM1,Weekday2_Morning,Weekday,Morning,20180718,0822,0832,,Heavy Clouds,64,UD4H,11,1,1,,1,,,,,1,,,,,,,,1,,,1,,,,,,,,,,,,,,,,,1,,,,,,,
"3,107",2018 People Staying Counts,COM1,Weekday2_Morning,Weekday,Morning,20180718,0822,0832,,Heavy Clouds,64,UD4H,12,1,1,,1,,,1,,,,,,,,,1,,,,1,,,,,,,,,,,,,,1,,,1,,,,,,,
"3,108",2018 People Staying Counts,COM1,Weekday2_Morning,Weekday,Morning,20180718,0822,0832,,Heavy Clouds,64,UD4H,13,1,2,,1,,1,,,,,,,,,,,,1,,1,,,,,,,,,,,,1,,,,,1,,,,,,,
"3,109",2018 People Staying Counts,COM1,Weekday2_Morning,Weekday,Morning,20180718,0822,0832,,Heavy Clouds,64,UD4H,14,1,2,,1,,,,,1,,,,,,,,,1,,1,,,,,,,,,,,,1,,,,,1,,,,,,,
"3,110",2018 People Staying Counts,COM1,Weekday2_Midday,Weekday,Midday,20180718,1222,1232,,Sun-Shaded,69,UD4H,1,1,2,,1,,,,,1,,,,,,,,,,1,1,,,,,,,,,,,,1,,,,,1,,,,,,,
"3,111",2018 People Staying Counts,COM1,Weekday2_Midday,Weekday,Midday,20180718,1222,1232,,Sun-Shaded,69,UD4H,2,1,2,,1,,,,,1,,,,,,,,,,1,1,,,,,,,,,,,,1,,,,,1,,,,,,,
"3,112",2018 People Staying Counts,COM1,Weekday2_Midday,Weekday,Midday,20180718,1222,1232,,Sun-Shaded,69,UD4H,3,1,1,1,,,1,,,,,,,,,,,1,,,,1,,,,,,,,,,,,,,,1,1,,,,,,,
"3,113",2018 People Staying Counts,COM1,Weekday2_Midday,Weekday,Midday,20180718,1222,1232,,Sun-Shaded,69,UD4H,4,1,2,1,,,1,,,,,,,,,,,,1,,,,1,,,,,,,,,,1,,,,,1,,,,,,,
"3,114",2018 People Staying Counts,COM1,Weekday2_Midday,Weekday,Midday,20180718,1222,1232,,Sun-Shaded,69,UD4H,5,1,2,1,,,1,,,,,,,,,,,,1,,1,,,,,,,,,,,,,,,,1,1,,,,,,,
"3,115",2018 People Staying Counts,COM1,Weekday2_Midday,Weekday,Midday,20180718,1222,1232,,Sun-Shaded,69,UD4H,6,1,1,1,,,1,,,,,,,,,,,,1,,,,1,,,,,,,,,,,,,,1,1,,,,,,,
"3,116",2018 People Staying Counts,COM1,Weekday2_Midday,Weekday,Midday,20180718,1222,1232,,Sun-Shaded,69,UD4H,7,1,1,1,,,1,,,,,,,,,,,,1,,1,,,,,,,,,,,,,,1,,,,,,,,,,
"3,117",2018 People Staying Counts,COM1,Weekday2_Midday,Weekday,Midday,20180718,1222,1232,,Sun-Shaded,69,UD4H,8,1,3,1,,,,1,,,,,,,,,,1,,,1,,,,,,,,,,,,1,,,,,,,,,,,,
"3,118",2018 People Staying Counts,COM1,Weekday2_Midday,Weekday,Midday,20180718,1222,1232,,Sun-Shaded,69,UD4H,9,1,3,,1,,,1,,,,,,,,,,1,,,1,,,,,,,,,,,,1,,,,,,,,,,,,
"3,119",2018 People Staying Counts,COM1,Weekday2_Midday,Weekday,Midday,20180718,1222,1232,,Sun-Shaded,69,UD4H,10,1,3,,1,,,1,,,,,,,,1,,,,,1,,,,,,,,,,,,1,,,,,,,,,,,,
"3,120",2018 People Staying Counts,COM1,Weekday2_Midday,Weekday,Midday,20180718,1222,1232,,Sun-Shaded,69,UD4H,11,1,1,1,,,1,,,,,,,,,,,1,,,,1,,,,,,,,,,,,,,,1,1,,,,,,,
"3,121",2018 People Staying Counts,COM1,Weekday2_Midday,Weekday,Midday,20180718,1222,1232,,Sun-Shaded,69,UD4H,12,1,2,1,,,,1,,,,,,,,,,,1,,1,,,,,,,,,,,,1,,,,,1,,,,,,,
"3,122",2018 People Staying Counts,COM1,Weekday2_Midday,Weekday,Midday,20180718,1222,1232,,Sun-Shaded,69,UD4H,13,1,2,,1,,,1,,,,,,,,,,,1,,,,1,,,,,,,,,,1,,,,,1,,,,,,,
"3,123",2018 People Staying Counts,COM1,Weekday2_Midday,Weekday,Midday,20180718,1222,1232,,Sun-Shaded,69,UD4H,14,1,1,,1,,,,,1,,,,,,,,,1,,1,,,,,,,,,,,,,,,,1,1,,,,,,,
"3,124",2018 People Staying Counts,COM1,Weekday2_Midday,Weekday,Midday,20180718,1222,1232,,Sun-Shaded,69,UD4H,15,1,1,,1,,,,,1,,,,,,,,,1,,1,,,,,,,,,,,,,,,,1,1,,,,,,,
"3,125",2018 People Staying Counts,COM1,Weekday2_Midday,Weekday,Midday,20180718,1222,1232,,Sun-Shaded,69,UD4H,16,1,2,1,,,1,,,,,,,,,,,1,,,,,1,,,,,,,,,,1,,,,,,,,,,,,
"3,126",2018 People Staying Counts,COM1,Weekday2_Midday,Weekday,Midday,20180718,1222,1232,,Sun-Shaded,69,UD4H,17,1,2,,1,,,,,,,1,,,,,,1,,,,,1,,,,,,,,,,1,,,,,,,,,,,,
"3,127",2018 People Staying Counts,COM1,Weekday2_Midday,Weekday,Midday,20180718,1222,1232,,Sun-Shaded,69,UD4H,18,1,1,1,,,,1,,,,,,,,,,1,,,1,,,,,,,,,,,,,,,,,,,1,,,,,
"3,128",2018 People Staying Counts,COM1,Weekday2_Midday,Weekday,Midday,20180718,1222,1232,,Sun-Shaded,69,UD4H,19,1,1,1,,,,,,1,,,,,,,,1,,,,1,,,,,,,,,,,,,1,,,,,,,,,,
"3,129",2018 People Staying Counts,COM1,Weekday2_Midday,Weekday,Midday,20180718,1222,1232,,Sun-Shaded,69,UD4H,20,1,1,,1,,,,,1,,,,,,,,1,,,1,,,,,,,,,,,,,,,,,1,,,,,,,
"3,130",2018 People Staying Counts,COM1,Weekday2_Midday,Weekday,Midday,20180718,1222,1232,,Sun-Shaded,69,UD4H,21,1,1,1,,,1,,,,,,,,,,,,,1,,,,,1,,,1,,,,,,,,,,1,,,,,,,
"3,131",2018 People Staying Counts,COM1,Weekday2_Midday,Weekday,Midday,20180718,1222,1232,,Sun-Shaded,69,UD4H,22,1,1,1,,,,,,1,,,,,,,,,1,,1,,,,,,,,,,,,,,,,1,1,,,,,,,
"3,132",2018 People Staying Counts,COM1,Weekday2_Midday,Weekday,Midday,20180718,1222,1232,,Sun-Shaded,69,UD4H,23,1,1,1,,,1,,,,,,,,,,,1,,,1,,,,,,,,,,,,,,1,,,1,,,,,,,
"3,133",2018 People Staying Counts,COM1,Weekday2_Evening,Weekday,Evening,20180718,1622,1632,,Sun-Exposed,78,UD4H,1,1,1,,1,,1,,,,,,,,,,,1,,,,1,,,,,,,,,,,,,,,,,,1,,,,,
"3,134",2018 People Staying Counts,COM1,Weekday2_Evening,Weekday,Evening,20180718,1622,1632,,Sun-Exposed,78,UD4H,2,1,1,,1,,,1,,,,,,,,,1,,,,1,,,,,,,,,,,,,,,,,1,,,,,,,
"3,135",2018 People Staying Counts,COM1,Weekday2_Evening,Weekday,Evening,20180718,1622,1632,,Sun-Exposed,78,UD4H,3,1,1,,1,,,1,,,,,,,,,,,1,,,,1,,,,,,,,,,,,,,1,1,,,,,,,
"3,136",2018 People Staying Counts,COM1,Weekday2_Evening,Weekday,Evening,20180718,1622,1632,,Sun-Exposed,78,UD4H,4,1,2,1,,,1,,,,,,,,,,,1,,,,,1,,,,,,,,,,1,,,,,1,,,,,,,
"3,137",2018 People Staying Counts,COM1,Weekday2_Evening,Weekday,Evening,20180718,1622,1632,,Sun-Exposed,78,UD4H,5,1,2,,1,,1,,,,,,,,,,,1,,,,,1,,,,,,,,,,1,,,,,1,,1,,,,,
"3,138",2018 People Staying Counts,COM1,Weekday2_Evening,Weekday,Evening,20180718,1622,1632,,Sun-Exposed,78,UD4H,6,1,1,,1,,1,,,,,,,,,,,,1,,,1,,,,,,,,,,,,,,,,1,,1,,,,,
"3,139",2018 People Staying Counts,COM1,Weekday2_Evening,Weekday,Evening,20180718,1622,1632,,Sun-Exposed,78,UD4H,7,1,1,1,,,1,,,,,,,,,,,1,,,,1,,,,,,,,,,,,,,,,1,,1,,,,,
"3,140",2018 People Staying Counts,COM1,Weekday2_Evening,Weekday,Evening,20180718,1622,1632,,Sun-Exposed,78,UD4H,8,1,1,,1,,,1,,,,,,,,,,1,,,,1,,,,,,,,,,,,,1,,,1,,,,,,,
"3,141",2018 People Staying Counts,COM1,Weekday2_Evening,Weekday,Evening,20180718,1622,1632,,Sun-Exposed,78,UD4H,9,1,1,,1,,1,,,,,,,,,,,1,,,1,,,,,,,,,,,,,,1,,,1,,,,,,,
"3,142",2018 People Staying Counts,COM1,Weekday2_Evening,Weekday,Evening,20180718,1622,1632,,Sun-Exposed,78,UD4H,10,1,1,1,,,,,,,,1,,,,,,1,,,,1,,,,,,,,,,,,,,,1,1,,,,,,,
"3,143",2018 People Staying Counts,COM1,Weekday2_Evening,Weekday,Evening,20180718,1622,1632,,Sun-Exposed,78,UD4H,11,1,1,1,,,,1,,,,,,,,,,1,,,1,,,,,,,,,,,,,,,,1,,,,,,,,
"3,144",2018 People Staying Counts,COM1,Weekday2_Evening,Weekday,Evening,20180718,1622,1632,,Sun-Exposed,78,UD4H,12,1,1,1,,,1,,,,,,,,,,,1,,,,,,,,1,,,,,,,,,,,1,1,,,,,,,
"3,145",2018 People Staying Counts,COM1,Weekday2_Evening,Weekday,Evening,20180718,1622,1632,,Sun-Exposed,78,UD4H,13,1,1,1,,,1,,,,,,,,,,,1,,,,,,,,1,,,,,,,,,1,,,1,,,,,,,
"3,146",2018 People Staying Counts,COM1,Weekday2_Evening,Weekday,Evening,20180718,1622,1632,,Sun-Exposed,78,UD4H,14,1,1,,1,,1,,,,,,,,,,,1,,,1,,,,,,,,,,,,,,1,,,,,,,,,,
"3,147",2018 People Staying Counts,COM1,Weekday2_Evening,Weekday,Evening,20180718,1622,1632,,Sun-Exposed,78,UD4H,15,1,1,1,,,,1,,,,,,,,,,1,,,,,1,,,,,,,,,,,,,,1,,,,,,1,,
"3,148",2018 People Staying Counts,COM1,Weekday2_Evening,Weekday,Evening,20180718,1622,1632,,Sun-Exposed,78,UD4H,16,1,1,1,,,,,,1,,,,,,,,1,,,1,,,,,,,,,,,,,,,,1,1,,,,,,,
"3,149",2018 People Staying Counts,COM1,Weekday2_Evening,Weekday,Evening,20180718,1622,1632,,Sun-Exposed,78,UD4H,17,1,1,1,,,1,,,,,,,,,,,1,,,,,1,,,,,,,,,,,,1,,,1,,,,,,,
"3,150",2018 People Staying Counts,COM1,Weekday2_Evening,Weekday,Evening,20180718,1622,1632,,Sun-Exposed,78,UD4H,18,1,1,1,,,1,,,,,,,,,,,1,,,,,1,,,,,,,,,,,,,,1,1,,,,,,,
"3,151",2018 People Staying Counts,COM1,Weekday2_Evening,Weekday,Evening,20180718,1622,1632,,Sun-Exposed,78,UD4H,19,1,1,1,,,,1,,,,,,,,,,,1,,,,1,,,,,,,,,,,,,,1,1,,,,,,,
"3,152",2018 People Staying Counts,UNI3,Weekday1_Morning,Weekday,Morning,20180816,0823,0833,event:roadwork_construction,Heavy Clouds,59,UD4H,1,0,,,,,,,,,,,,,,,,,,,,,,,,,,,,,,,,,,,,,,,,,,,
"3,153",2018 People Staying Counts,UNI3,Weekday1_Midday,Weekday,Midday,20180816,1223,1233,event:roadwork_construction,Heavy Clouds,62,UD4H,1,1,1,1,,,,,,1,,,,,,,,,1,,,,1,,,,,,,,,1,1,,,,,,,1,,,1,1,
"3,154",2018 People Staying Counts,UNI3,Weekday1_Midday,Weekday,Midday,20180816,1223,1233,event:roadwork_construction,Heavy Clouds,62,UD4H,2,1,1,1,,,,,,1,,,,,,,,1,,,1,,,,,,,,1,,,,1,,,,,,,,,,,,
"3,155",2018 People Staying Counts,UNI3,Weekday1_Midday,Weekday,Midday,20180816,1223,1233,event:roadwork_construction,Heavy Clouds,62,UD4H,3,1,1,1,,,1,,,,,,,,,,,1,,,,,1,,,,,,1,,,1,1,,,,,,,,,,,,
"3,156",2018 People Staying Counts,UNI3,Weekday1_Midday,Weekday,Midday,20180816,1223,1233,event:roadwork_construction,Heavy Clouds,62,UD4H,4,1,2,,1,,1,,,,,,,,,,,1,,,1,,,,,,,,,,,,1,,,,,,,,,,,,
"3,157",2018 People Staying Counts,UNI3,Weekday1_Midday,Weekday,Midday,20180816,1223,1233,event:roadwork_construction,Heavy Clouds,62,UD4H,5,1,2,1,,,,1,,,,,,,,,,1,,,1,,,,,,,,,,,,1,,,,,,,,,,,,
"3,158",2018 People Staying Counts,UNI3,Weekday1_Evening,Weekday,Evening,20180816,1640,1650,event:roadwork_construction,Sun-Shaded,71,UD4H,1,1,1,1,,,,1,,,,,,,,,,,1,,,,1,,,,,,,,,,,,,,1,,,,,,1,,
"3,159",2018 People Staying Counts,UNI3,Weekday1_Evening,Weekday,Evening,20180816,1640,1650,event:roadwork_construction,Sun-Shaded,71,UD4H,2,1,2,,1,,,,,1,,,,,,,,,1,,1,,,,,,,,1,,,,1,,,,,,,,,,,,
"3,160",2018 People Staying Counts,UNI3,Weekday1_Evening,Weekday,Evening,20180816,1640,1650,event:roadwork_construction,Sun-Shaded,71,UD4H,3,1,2,1,,,,,,1,,,,,,,,,1,,1,,,,,,,,1,,,,1,,,,,,,,,,,,
"3,161",2018 People Staying Counts,UNI3,Weekday1_Evening,Weekday,Evening,20180816,1640,1650,event:roadwork_construction,Sun-Shaded,71,UD4H,4,1,1,1,,,1,,,,,,,,,,,,1,,1,,,,,,,,1,,,,1,,,,,,,1,,,,,
"3,162",2018 People Staying Counts,UNI3,Weekday2_Morning,Weekday,Morning,20180817,0832,0842,event:roadwork_construction,Heavy Clouds,55,UD4H,1,0,,,,,,,,,,,,,,,,,,,,,,,,,,,,,,,,,,,,,,,,,,,
"3,163",2018 People Staying Counts,UNI3,Weekday2_Midday,Weekday,Midday,20180817,1221,1231,event:roadwork_construction,Sun-Shaded,57,UD4H,1,1,2,1,,,1,,,,,,,,,,,1,,,,,1,,,,,,,1,,,1,,,,,,,,,,,,
"3,164",2018 People Staying Counts,UNI3,Weekday2_Midday,Weekday,Midday,20180817,1221,1231,event:roadwork_construction,Sun-Shaded,57,UD4H,2,1,2,,1,,,,,,,1,,,,,,1,,,,,1,,,,,,,1,,1,1,,,,,,,,,,,,
"3,165",2018 People Staying Counts,UNI3,Weekday2_Midday,Weekday,Midday,20180817,1221,1231,event:roadwork_construction,Sun-Shaded,57,UD4H,3,1,1,1,,,,,,1,,,,,,,,,1,,1,,,,,,,,1,,,,1,,1,,,,,,,,,1,
"3,166",2018 People Staying Counts,UNI3,Weekday2_Midday,Weekday,Midday,20180817,1221,1231,event:roadwork_construction,Sun-Shaded,57,UD4H,4,1,1,1,,,1,,,,,,,,,,,,,1,1,,,,,,,,,1,,,1,,,,,,,,,,,,
"3,167",2018 People Staying Counts,UNI3,Weekday2_Midday,Weekday,Midday,20180817,1221,1231,event:roadwork_construction,Sun-Shaded,57,UD4H,5,1,1,,1,,1,,,,,,,,,,,1,,,1,,,,,,,,,1,,,,,1,,,,,,,,,,
"3,168",2018 People Staying Counts,UNI3,Weekday2_Midday,Weekday,Midday,20180817,1221,1231,event:roadwork_construction,Sun-Shaded,57,UD4H,6,1,2,,1,,,1,,,,,,,,,1,,,,1,,,,,,,,,1,,,1,,,,,,,,,,,,
"3,169",2018 People Staying Counts,UNI3,Weekday2_Midday,Weekday,Midday,20180817,1221,1231,event:roadwork_construction,Sun-Shaded,57,UD4H,7,1,2,,1,,,,,1,,,,,,,1,,,,1,,,,,,,,,1,,,1,,,,,,,,,,,,
"3,170",2018 People Staying Counts,UNI3,Weekday2_Evening,Weekday,Evening,20180817,1620,1630,event:roadwork_construction,Sun-Shaded,65,UD4H,1,1,1,1,,,1,,,,,,,,,,1,,,,,,1,,,,,,,1,,1,,,1,,,,,,,,,,
"3,171",2018 People Staying Counts,UNI3,Weekday2_Evening,Weekday,Evening,20180817,1620,1630,event:roadwork_construction,Sun-Shaded,65,UD4H,2,1,1,,1,,1,,,,,,,,,,,1,,,1,,,,,,,,,1,,,1,,,,,,,,,,,,
"3,172",2018 People Staying Counts,UNI3,Weekday2_Evening,Weekday,Evening,20180817,1620,1630,event:roadwork_construction,Sun-Shaded,65,UD4H,3,1,1,1,,,,,,1,,,,,,,,,1,,1,,,,,,,,1,,,,1,,,,,,,,,,,,
"3,173",2018 People Staying Counts,UNI3,Weekday2_Evening,Weekday,Evening,20180817,1620,1630,event:roadwork_construction,Sun-Shaded,65,UD4H,4,1,1,1,,,,,,1,,,,,,,,,1,,,,1,,,,,,1,,,1,,,,,,,,,,,,,
"3,174",2018 People Staying Counts,UNI3,Weekend_Midday,Weekend,Midday,20180825,1222,1232,,Heavy Clouds,58,UD4H,1,0,,,,,,,,,,,,,,,,,,,,,,,,,,,,,,,,,,,,,,,,,,,
"3,175",2018 People Staying Counts,UNI3,Weekend_Evening,Weekend,Evening,20180825,1647,1657,,Heavy Clouds,60,UD4H,1,1,2,1,,,,,,1,,,,,,,,1,,,,,1,,,,,,,1,,1,1,,1,,,,,,,,,,
"3,176",2018 People Staying Counts,UNI3,Weekend_Evening,Weekend,Evening,20180825,1647,1657,,Heavy Clouds,60,UD4H,2,1,2,,1,,,,,1,,,,,,,,1,,,,,1,,,,,,,1,,1,1,,1,,,,,,,,,,
"3,177",2018 People Staying Counts,UNI3,Weekend_Evening,Weekend,Evening,20180825,1647,1657,,Heavy Clouds,60,UD4H,3,1,1,,1,,,,,,,1,,,,,,,1,,1,,,,,,,,1,,,,1,,,,,,,,,,,,
"3,178",2018 People Staying Counts,FRE1,Weekday1_Morning,Weekday,Morning,20180823,0824,0834,,Light Rain,59,UD4H,1,0,,,,,,,,,,,,,,,,,,,,,,,,,,,,,,,,,,,,,,,,,,,
"3,179",2018 People Staying Counts,FRE1,Weekday1_Midday,Weekday,Midday,20180823,1227,1237,,Heavy Clouds,65,UD4H,1,1,1,,1,,1,,,,,,,,,,,1,,,,,1,,,,,,,1,,1,1,,1,,,,,,,,,,
"3,180",2018 People Staying Counts,FRE1,Weekday1_Midday,Weekday,Midday,20180823,1227,1237,,Heavy Clouds,65,UD4H,2,1,1,1,,,1,,,,,,,,,,,1,,,,,1,,,,,,,1,,1,,,1,,,,,,,,,,
"3,181",2018 People Staying Counts,FRE1,Weekday1_Midday,Weekday,Midday,20180823,1227,1237,,Heavy Clouds,65,UD4H,3,1,2,1,,,1,,,,,,,,,,,1,,,1,,,,,,,,,,,,1,,1,,,,,,,,,,
"3,182",2018 People Staying Counts,FRE1,Weekday1_Midday,Weekday,Midday,20180823,1227,1237,,Heavy Clouds,65,UD4H,4,1,2,,1,,1,,,,,,,,,,,1,,,,,,,,1,,,,,,,1,,,,1,,,,,,,,
"3,183",2018 People Staying Counts,FRE1,Weekday1_Midday,Weekday,Midday,20180823,1227,1237,,Heavy Clouds,65,UD4H,5,1,1,,1,,1,,,,,,,,,,,1,,,,,1,,,,,,,,,,,,1,,,,,,,,,,
"3,184",2018 People Staying Counts,FRE1,Weekday1_Midday,Weekday,Midday,20180823,1227,1237,,Heavy Clouds,65,UD4H,6,1,2,1,,,,,,,,1,,,,,,1,,,,,1,,,,,,,1,,1,1,,,,,,,,,,,,
"3,185",2018 People Staying Counts,FRE1,Weekday1_Midday,Weekday,Midday,20180823,1227,1237,,Heavy Clouds,65,UD4H,7,1,2,,1,,,,,,,1,,,,,,1,,,,,1,,,,,,,1,,1,1,,,,,,,,,,,,
"3,186",2018 People Staying Counts,FRE1,Weekday1_Midday,Weekday,Midday,20180823,1227,1237,,Heavy Clouds,65,UD4H,8,1,4,1,,,1,,,,,,,,,,,1,,,1,,,,,,,,,,,,1,,,,,,,,,,,,
"3,187",2018 People Staying Counts,FRE1,Weekday1_Midday,Weekday,Midday,20180823,1227,1237,,Heavy Clouds,65,UD4H,9,1,4,,1,,1,,,,,,,,,,,1,,,1,,,,,,,,,,,,1,,,,,,,,,,,,
"3,188",2018 People Staying Counts,FRE1,Weekday1_Midday,Weekday,Midday,20180823,1227,1237,,Heavy Clouds,65,UD4H,10,1,4,1,,,1,,,,,,,,,,,,1,,1,,,,,,,,,,,,1,,,,,,,,,,,,
"3,189",2018 People Staying Counts,FRE1,Weekday1_Midday,Weekday,Midday,20180823,1227,1237,,Heavy Clouds,65,UD4H,11,1,4,,1,,1,,,,,,,,,,,,1,,1,,,,,,,,,,,,1,,,,,,,,,,,,
"3,190",2018 People Staying Counts,FRE1,Weekday1_Midday,Weekday,Midday,20180823,1227,1237,,Heavy Clouds,65,UD4H,12,1,6,,1,,1,,,,,,,,,,,,1,,1,,,,,,,,,,,,1,,,,,,,,,,,,
"3,191",2018 People Staying Counts,FRE1,Weekday1_Midday,Weekday,Midday,20180823,1227,1237,,Heavy Clouds,65,UD4H,13,1,6,,1,,1,,,,,,,,,,,,,1,1,,,,,,,,,,,,1,,,,,,,,,,,,
"3,192",2018 People Staying Counts,FRE1,Weekday1_Midday,Weekday,Midday,20180823,1227,1237,,Heavy Clouds,65,UD4H,14,1,6,1,,,1,,,,,,,,,,,,,1,1,,,,,,,,,,,,1,,,,,,,,,,,,
"3,193",2018 People Staying Counts,FRE1,Weekday1_Midday,Weekday,Midday,20180823,1227,1237,,Heavy Clouds,65,UD4H,15,1,6,1,,,1,,,,,,,,,,,,1,,1,,,,,,,,,,,,1,,,,,,,,,,,,
"3,194",2018 People Staying Counts,FRE1,Weekday1_Midday,Weekday,Midday,20180823,1227,1237,,Heavy Clouds,65,UD4H,16,1,6,1,,,1,,,,,,,,,,,1,,,1,,,,,,,,,,,,1,,,,,,,,,,,,
"3,195",2018 People Staying Counts,FRE1,Weekday1_Midday,Weekday,Midday,20180823,1227,1237,,Heavy Clouds,65,UD4H,17,1,6,1,,,1,,,,,,,,,,,,,1,1,,,,,,,,,,,,1,,,,,,,,,,,,
"3,196",2018 People Staying Counts,FRE1,Weekday1_Midday,Weekday,Midday,20180823,1227,1237,,Heavy Clouds,65,UD4H,18,1,2,1,,,1,,,,,,,,,,,1,,,1,,,,,,,,,,,,1,,,,,,,,,,,,
"3,197",2018 People Staying Counts,FRE1,Weekday1_Midday,Weekday,Midday,20180823,1227,1237,,Heavy Clouds,65,UD4H,19,1,2,,1,,1,,,,,,,,,,,1,,,1,,,,,,,,,1,,1,1,,,,,,,,,,,,
"3,198",2018 People Staying Counts,FRE1,Weekday1_Midday,Weekday,Midday,20180823,1227,1237,,Heavy Clouds,65,UD4H,20,1,1,1,,,,,,1,,,,,,,,1,,,1,,,,,,,,,1,,,,,,,,,,,,,,,
"3,199",2018 People Staying Counts,FRE1,Weekday1_Evening,Weekday,Evening,20180823,1628,1638,,Sun-Shaded,68,UD4H,1,1,1,,1,,,,,1,,,,,,,,1,,,1,,,,,,,,,,,,,,1,,,1,,,,,,,
"3,200",2018 People Staying Counts,FRE1,Weekday1_Evening,Weekday,Evening,20180823,1628,1638,,Sun-Shaded,68,UD4H,2,1,3,1,,,1,,,,,,,,,,,1,,,1,,,,,,,,,,,,1,,1,,,,,,,,,,
"3,201",2018 People Staying Counts,FRE1,Weekday1_Evening,Weekday,Evening,20180823,1628,1638,,Sun-Shaded,68,UD4H,3,1,3,1,,,1,,,,,,,,,,,,1,,,,1,,,,,,,,,,1,,1,,,,,,,,,,
"3,202",2018 People Staying Counts,FRE1,Weekday1_Evening,Weekday,Evening,20180823,1628,1638,,Sun-Shaded,68,UD4H,4,1,3,,1,,1,,,,,,,,,,,,,1,1,,,,,,,,,,,,1,,1,,,1,,,,,,,
"3,203",2018 People Staying Counts,FRE1,Weekday1_Evening,Weekday,Evening,20180823,1628,1638,,Sun-Shaded,68,UD4H,5,1,3,1,,,,,,1,,,,,,,,1,,,1,,,,,,,,,,,,1,,1,,,,,,,,,,
"3,204",2018 People Staying Counts,FRE1,Weekday1_Evening,Weekday,Evening,20180823,1628,1638,,Sun-Shaded,68,UD4H,6,1,3,1,,,1,,,,,,,,,,,1,,,1,,,,,,,,,,,,1,,,,,,,,,,,,
"3,205",2018 People Staying Counts,FRE1,Weekday1_Evening,Weekday,Evening,20180823,1628,1638,,Sun-Shaded,68,UD4H,7,1,3,1,,,,,,1,,,,,,,,1,,,1,,,,,,,,,,,,1,,,,,,,,,,,,
"3,206",2018 People Staying Counts,FRE1,Weekday1_Evening,Weekday,Evening,20180823,1628,1638,,Sun-Shaded,68,UD4H,8,1,1,1,,,,,,1,,,,,,,,1,,,1,,,,,,,,,,,,,,1,,,,,,,,,,
"3,207",2018 People Staying Counts,FRE1,Weekday1_Evening,Weekday,Evening,20180823,1628,1638,,Sun-Shaded,68,UD4H,9,1,1,,1,,1,,,,,,,,,,,1,,,,,1,,,,,,,,,1,,,1,,,,,,,,,,
"3,208",2018 People Staying Counts,FRE1,Weekday1_Evening,Weekday,Evening,20180823,1628,1638,,Sun-Shaded,68,UD4H,10,1,1,1,,,1,,,,,,,,,,,1,,,1,,,,,,,,,,,,,,1,,,,,,,,,,
"3,209",2018 People Staying Counts,FRE1,Weekday1_Evening,Weekday,Evening,20180823,1628,1638,,Sun-Shaded,68,UD4H,11,1,2,,1,,1,,,,,,,,,,,1,,,1,,,,,,,,,1,,1,1,,1,,,,,,,,,,
"3,210",2018 People Staying Counts,FRE1,Weekday1_Evening,Weekday,Evening,20180823,1628,1638,,Sun-Shaded,68,UD4H,12,1,2,,1,,1,,,,,,,,,,,1,,,1,,,,,,,,,,,,1,,1,,,,,,,,,,
"3,211",2018 People Staying Counts,FRE1,Weekday1_Evening,Weekday,Evening,20180823,1628,1638,,Sun-Shaded,68,UD4H,13,1,3,1,,,1,,,,,,,,,,,1,,,1,,,,,,,,,1,,,1,,,,,,,,,,,,
"3,212",2018 People Staying Counts,FRE1,Weekday1_Evening,Weekday,Evening,20180823,1628,1638,,Sun-Shaded,68,UD4H,14,1,3,,1,,1,,,,,,,,,,,1,,,1,,,,,,,,,,,,1,,,,,,,,,,,,
"3,213",2018 People Staying Counts,FRE1,Weekday1_Evening,Weekday,Evening,20180823,1628,1638,,Sun-Shaded,68,UD4H,15,1,3,,1,,1,,,,,,,,,,,,1,,1,,,,,,,,,,,,1,,,,,,,,,,,,
"3,214",2018 People Staying Counts,FRE1,Weekday1_Evening,Weekday,Evening,20180823,1628,1638,,Sun-Shaded,68,UD4H,16,1,1,1,,,1,,,,,,,,,,,,,1,,,1,,,,,1,,,,,,,1,,1,,,,,,,,
"3,215",2018 People Staying Counts,FRE1,Weekday2_Morning,Weekday,Morning,20180824,0831,0841,,Sun-Shaded,59,UD4H,1,1,1,1,,,,,,,,,,1,,,,1,,,1,,,,,,,,,1,1,1,,,,,1,,,,,,,,
"3,216",2018 People Staying Counts,FRE1,Weekday2_Morning,Weekday,Morning,20180824,0831,0841,,Sun-Shaded,59,UD4H,2,1,1,1,,,1,,,,,,,,,,,1,,,1,,,,,,,,,1,,,,,,,,,,,,,,,
"3,217",2018 People Staying Counts,FRE1,Weekday2_Morning,Weekday,Morning,20180824,0831,0841,,Sun-Shaded,59,UD4H,3,1,1,1,,,,1,,,,,,,,,,1,,,1,,,,,,,,,,,,,,,1,,,,,,,,,
"3,218",2018 People Staying Counts,FRE1,Weekday2_Midday,Weekday,Midday,20180824,1227,1237,,Light Clouds,65,UD4H,1,1,2,1,,,,,,1,,,,,,,,,1,,1,,,,,,,,,,,,1,,,,,,1,,,,,,
"3,219",2018 People Staying Counts,FRE1,Weekday2_Midday,Weekday,Midday,20180824,1227,1237,,Light Clouds,65,UD4H,2,1,2,1,,,1,,,,,,,,,,,,1,,1,,,,,,,,,,,,1,,,,,,1,,,,,,
"3,220",2018 People Staying Counts,FRE1,Weekday2_Midday,Weekday,Midday,20180824,1227,1237,,Light Clouds,65,UD4H,3,1,2,,1,,1,,,,,,,,,,,1,,,,,1,,,,,,,1,,1,1,,,,,,,,,,,,
"3,221",2018 People Staying Counts,FRE1,Weekday2_Midday,Weekday,Midday,20180824,1227,1237,,Light Clouds,65,UD4H,4,1,2,,1,,1,,,,,,,,,,,1,,,,,1,,,,,,,1,,1,1,,,,,,,,,,,,
"3,222",2018 People Staying Counts,FRE1,Weekday2_Midday,Weekday,Midday,20180824,1227,1237,,Light Clouds,65,UD4H,5,1,1,,1,,1,,,,,,,,,,,,1,,,,1,,,,,,,1,,1,,,1,,1,,,,,,,,
"3,223",2018 People Staying Counts,FRE1,Weekday2_Midday,Weekday,Midday,20180824,1227,1237,,Light Clouds,65,UD4H,6,1,1,,1,,1,,,,,,,,,,,1,,,,,1,,,,,,,,,,,,1,,1,1,,,,,,,
"3,224",2018 People Staying Counts,FRE1,Weekday2_Midday,Weekday,Midday,20180824,1227,1237,,Light Clouds,65,UD4H,7,1,2,1,,,1,,,,,,,,,,,1,,,,,1,,,,,,,,,,1,,,,1,,,,,,,,
"3,225",2018 People Staying Counts,FRE1,Weekday2_Midday,Weekday,Midday,20180824,1227,1237,,Light Clouds,65,UD4H,8,1,2,,1,,1,,,,,,,,,1,,,,,,,1,,,,,,,,,,1,,,,1,,,,,,,,
"3,226",2018 People Staying Counts,FRE1,Weekday2_Midday,Weekday,Midday,20180824,1227,1237,,Light Clouds,65,UD4H,9,1,1,1,,,1,,,,,,,,,,,1,,,1,,,,,,,,,,,,,,1,,,,,,,,,,
"3,227",2018 People Staying Counts,FRE1,Weekday2_Midday,Weekday,Midday,20180824,1227,1237,,Light Clouds,65,UD4H,10,1,6,1,,,1,,,,,,,,,,,,1,,,,,,,1,,,,,,,1,,,,1,,,,,,,,
"3,228",2018 People Staying Counts,FRE1,Weekday2_Midday,Weekday,Midday,20180824,1227,1237,,Light Clouds,65,UD4H,11,1,6,1,,,1,,,,,,,,,,,,1,,1,,,,,,,,,,,,1,,,,,,,,,,,,
"3,229",2018 People Staying Counts,FRE1,Weekday2_Midday,Weekday,Midday,20180824,1227,1237,,Light Clouds,65,UD4H,12,1,6,1,,,1,,,,,,,,,,,,1,,1,,,,,,,,,,,,1,,,,1,,,,,,,,
"3,230",2018 People Staying Counts,FRE1,Weekday2_Midday,Weekday,Midday,20180824,1227,1237,,Light Clouds,65,UD4H,13,1,6,,1,,1,,,,,,,,,,,,1,,1,,,,,,,,,,,,1,,1,,,,,,,,,,
"3,231",2018 People Staying Counts,FRE1,Weekday2_Midday,Weekday,Midday,20180824,1227,1237,,Light Clouds,65,UD4H,14,1,6,,1,,1,,,,,,,,,,,,1,,1,,,,,,,,,,,,1,,1,,,,,,,,,,
"3,232",2018 People Staying Counts,FRE1,Weekday2_Midday,Weekday,Midday,20180824,1227,1237,,Light Clouds,65,UD4H,15,1,6,,1,,1,,,,,,,,,,,,1,,1,,,,,,,,,,,,1,,1,,,,,,,,,,
"3,233",2018 People Staying Counts,FRE1,Weekday2_Midday,Weekday,Midday,20180824,1227,1237,,Light Clouds,65,UD4H,16,1,1,,1,,1,,,,,,,,,,,1,,,1,,,,,,,,,,,,,,,,1,,,,,,,,
"3,234",2018 People Staying Counts,FRE1,Weekday2_Midday,Weekday,Midday,20180824,1227,1237,,Light Clouds,65,UD4H,17,1,3,1,,,,,,1,,,,,,,,1,,,1,,,,,,,,,1,1,1,1,,,,,,,,,,,,
"3,235",2018 People Staying Counts,FRE1,Weekday2_Midday,Weekday,Midday,20180824,1227,1237,,Light Clouds,65,UD4H,18,1,3,,1,,,,,1,,,,,,,,1,,,1,,,,,,,,,1,1,1,1,,,,,,,,,,,,
"3,236",2018 People Staying Counts,FRE1,Weekday2_Midday,Weekday,Midday,20180824,1227,1237,,Light Clouds,65,UD4H,19,1,3,,1,,1,,,,,,,,,,,1,,,1,,,,,,,,,1,1,1,1,,,,,,,,,,,,
"3,237",2018 People Staying Counts,FRE1,Weekday2_Midday,Weekday,Midday,20180824,1227,1237,,Light Clouds,65,UD4H,20,1,1,,1,,1,,,,,,,,,,,1,,,1,,,,,,,,,,,,,,1,,,,,,,,,,
"3,238",2018 People Staying Counts,FRE1,Weekday2_Midday,Weekday,Midday,20180824,1227,1237,,Light Clouds,65,UD4H,21,1,1,1,,,1,,,,,,,,,,,1,,,1,,,,,,,,,,,,,,,,1,,,,,,,,
"3,239",2018 People Staying Counts,FRE1,Weekday2_Midday,Weekday,Midday,20180824,1227,1237,,Light Clouds,65,UD4H,22,1,1,,1,,,,,1,,,,,,,,1,,,,,1,,,,,,,1,,1,,,,,,,,,,,,,
"3,240",2018 People Staying Counts,FRE1,Weekday2_Evening,Weekday,Evening,20180824,1626,1636,,Sun-Shaded,68,UD4H,1,1,1,1,,,1,,,,,,,,,,,1,,,,,1,,,,,,,,,,,,1,,,,,,,,,,
"3,241",2018 People Staying Counts,FRE1,Weekday2_Evening,Weekday,Evening,20180824,1626,1636,,Sun-Shaded,68,UD4H,2,1,1,1,,,1,,,,,,,,,,,,1,,1,,,,,,,,,,,,,,1,,,1,,,,,,,
"3,242",2018 People Staying Counts,FRE1,Weekday2_Evening,Weekday,Evening,20180824,1626,1636,,Sun-Shaded,68,UD4H,3,1,2,,1,,1,,,,,,,,,,,1,,,,,1,,,,,,,1,,1,1,,1,,,,,,,,,,
"3,243",2018 People Staying Counts,FRE1,Weekday2_Evening,Weekday,Evening,20180824,1626,1636,,Sun-Shaded,68,UD4H,4,1,2,1,,,1,,,,,,,,,,,1,,,1,,,,,,,,,,,,1,,,,,,,,,,,,
"3,244",2018 People Staying Counts,FRE1,Weekday2_Evening,Weekday,Evening,20180824,1626,1636,,Sun-Shaded,68,UD4H,5,1,2,1,,,1,,,,,,,,,,,1,,,1,,,,,,,,,,,,1,,,,,,,,,,,,
"3,245",2018 People Staying Counts,FRE1,Weekday2_Evening,Weekday,Evening,20180824,1626,1636,,Sun-Shaded,68,UD4H,6,1,3,1,,,1,,,,,,,,,,,1,,,1,,,,,,,,,,,,1,,,,,,,,,,,,
"3,246",2018 People Staying Counts,FRE1,Weekday2_Evening,Weekday,Evening,20180824,1626,1636,,Sun-Shaded,68,UD4H,7,1,3,,1,,1,,,,,,,,,,,1,,,1,,,,,,,,,,,,1,,,,,,,,,,,,
"3,247",2018 People Staying Counts,FRE1,Weekday2_Evening,Weekday,Evening,20180824,1626,1636,,Sun-Shaded,68,UD4H,8,1,3,1,,,,,,1,,,,,,,,,1,,1,,,,,,,,,,,,1,,,,,,,,,,,,
"3,248",2018 People Staying Counts,FRE1,Weekday2_Evening,Weekday,Evening,20180824,1626,1636,,Sun-Shaded,68,UD4H,9,1,1,1,,,1,,,,,,,,,,,1,,,1,,,,,,,,,1,,,,,,,,,,,,,,,
"3,249",2018 People Staying Counts,FRE1,Weekday2_Evening,Weekday,Evening,20180824,1626,1636,,Sun-Shaded,68,UD4H,10,1,1,,1,,1,,,,,,,,,,,,1,,1,,,,,,,,,,,,,,1,,,1,,,,,,,
"3,250",2018 People Staying Counts,FRE1,Weekday2_Evening,Weekday,Evening,20180824,1626,1636,,Sun-Shaded,68,UD4H,11,1,1,1,,,1,,,,,,,,,,,,1,,,,1,,,,,,,1,,1,1,,,,,,,,,,,,
"3,251",2018 People Staying Counts,FRE1,Weekday2_Evening,Weekday,Evening,20180824,1626,1636,,Sun-Shaded,68,UD4H,12,1,1,1,,,1,,,,,,,,,,,1,,,1,,,,,,,,,,,,,,1,,,,,,,,,,
"3,252",2018 People Staying Counts,FRE1,Weekday2_Evening,Weekday,Evening,20180824,1626,1636,,Sun-Shaded,68,UD4H,13,1,3,1,,,1,,,,,,,,,,,1,,,1,,,,,,,,,,,,1,,1,,,,,,,,,,
"3,253",2018 People Staying Counts,FRE1,Weekday2_Evening,Weekday,Evening,20180824,1626,1636,,Sun-Shaded,68,UD4H,14,1,3,1,,,1,,,,,,,,,,,1,,,1,,,,,,,,,,,,1,,,,,,,,,,,,
"3,254",2018 People Staying Counts,FRE1,Weekday2_Evening,Weekday,Evening,20180824,1626,1636,,Sun-Shaded,68,UD4H,15,1,3,,1,,1,,,,,,,,,,,1,,,1,,,,,,,,,,,,1,,,,,,,,,,,,
"3,255",2018 People Staying Counts,FRE1,Weekend_Midday,Weekend,Midday,20180915,1245,1255,,Light Rain,59,UD4H,1,1,2,,1,,,,,,,,1,,,,,1,,,,,1,,,,,,,1,,1,1,,,,,,,,,,,,
"3,256",2018 People Staying Counts,FRE1,Weekend_Midday,Weekend,Midday,20180915,1245,1255,,Light Rain,59,UD4H,2,1,2,1,,,,,,,,,1,,,1,,,,,,,1,,,,,,,,,1,1,,,,,,,,,,,,
"3,257",2018 People Staying Counts,FRE1,Weekend_Midday,Weekend,Midday,20180915,1245,1255,,Light Rain,59,UD4H,3,1,1,1,,,,1,,,,,,,,,,1,,,1,,,,,,,,,1,,,,,,,1,,,,,,,,
"3,258",2018 People Staying Counts,FRE1,Weekend_Midday,Weekend,Midday,20180915,1245,1255,,Light Rain,59,UD4H,4,1,2,1,,,,,,1,,,,,,,,,1,,1,,,,,,,,,,,,1,,1,,,1,,,,,,,
"3,259",2018 People Staying Counts,FRE1,Weekend_Midday,Weekend,Midday,20180915,1245,1255,,Light Rain,59,UD4H,5,1,2,,1,,,,,1,,,,,,,,,1,,1,,,,,,,,,,,,1,,1,,,1,,,,,,,
"3,260",2018 People Staying Counts,FRE1,Weekend_Midday,Weekend,Midday,20180915,1245,1255,,Light Rain,59,UD4H,6,1,2,1,,,1,,,,,,,,,,,1,,,1,,,,,,,,,1,,,,,,,,,,,,,,,
"3,261",2018 People Staying Counts,FRE1,Weekend_Midday,Weekend,Midday,20180915,1245,1255,,Light Rain,59,UD4H,7,1,2,,1,,1,,,,,,,,,,,1,,,1,,,,,,,,,,,,1,,,,1,,,,,,,,
"3,262",2018 People Staying Counts,FRE1,Weekend_Midday,Weekend,Midday,20180915,1245,1255,,Light Rain,59,UD4H,8,1,2,1,,,1,,,,,,,,,,,1,,,1,,,,,,,,,,,,1,,,,1,,,,,,,,
"3,263",2018 People Staying Counts,FRE1,Weekend_Midday,Weekend,Midday,20180915,1245,1255,,Light Rain,59,UD4H,9,1,2,,1,,1,,,,,,,,,,,1,,,1,,,,,,,,,,,,1,,,,1,,,,,,,,
"3,264",2018 People Staying Counts,FRE1,Weekend_Evening,Weekend,Evening,20180915,1638,1648,,Light Rain,64,UD4H,1,1,3,1,,,,,,,,,,1,,,,,1,,1,,,,,,,,,,,,1,,,,,1,,,,,,,
"3,265",2018 People Staying Counts,FRE1,Weekend_Evening,Weekend,Evening,20180915,1638,1648,,Light Rain,64,UD4H,2,1,3,1,,,,,,,,,,1,,,,,1,,1,,,,,,,,,,,,1,,,,,1,,,,,,,
"3,266",2018 People Staying Counts,FRE1,Weekend_Evening,Weekend,Evening,20180915,1638,1648,,Light Rain,64,UD4H,3,1,3,1,,,,,,,,,,1,,,,,1,,1,,,,,,,,,,,,1,,,,,1,,,,,,,
"3,267",2018 People Staying Counts,FRE1,Weekend_Evening,Weekend,Evening,20180915,1638,1648,,Light Rain,64,UD4H,4,1,1,1,,,1,,,,,,,,,,,1,,,1,,,,,,,,,,,,,,1,,,,,,,,,,
"3,268",2018 People Staying Counts,FRE1,Weekend_Evening,Weekend,Evening,20180915,1638,1648,,Light Rain,64,UD4H,5,1,2,1,,,1,,,,,,,,,,,1,,,1,,,,,,,,,,,,1,,1,,,,,,,,,,
"3,269",2018 People Staying Counts,FRE1,Weekend_Evening,Weekend,Evening,20180915,1638,1648,,Light Rain,64,UD4H,6,1,2,1,,,,,,1,,,,,,,,1,,,1,,,,,,,,,,,,1,,,,,,,,,,,,
"3,270",2018 People Staying Counts,FRE1,Weekend_Evening,Weekend,Evening,20180915,1638,1648,,Light Rain,64,UD4H,7,1,1,1,,,,1,,,,,,,,,1,,,,1,,,,,,,,,1,,1,,,1,,,,,,,,,,
"3,271",2018 People Staying Counts,CID4,Weekend_Midday,Weekend,Midday,20180714,1327,1337,event:commercial_event,Sun-Shaded,72,UD4H,1,1,2,,1,,1,,,,,,,,,,,1,,,1,,,,,,,,1,,,,1,,,,,,,1,,,,,
"3,272",2018 People Staying Counts,CID4,Weekend_Midday,Weekend,Midday,20180714,1327,1337,event:commercial_event,Sun-Shaded,72,UD4H,2,1,2,1,,,1,,,,,,,,,,,1,,,1,,,,,,,,1,,,,1,,,,,,,1,,,,,
"3,273",2018 People Staying Counts,CID4,Weekend_Midday,Weekend,Midday,20180714,1327,1337,event:commercial_event,Sun-Shaded,72,UD4H,3,1,1,1,,,,,,1,,,,,,,,1,,,,1,,,,,,,,,,,1,,,,,,,1,,,,,
"3,274",2018 People Staying Counts,CID4,Weekend_Midday,Weekend,Midday,20180714,1327,1337,event:commercial_event,Sun-Shaded,72,UD4H,4,1,1,1,,,,1,,,,,,,,,,,1,,,,1,,,,,,,,,,,,,,,1,,,,,,,
"3,275",2018 People Staying Counts,CID4,Weekend_Midday,Weekend,Midday,20180714,1327,1337,event:commercial_event,Sun-Shaded,72,UD4H,5,1,1,1,,,,1,,,,,,,,,,,1,,,,1,,,,,,,,,,1,,,,,,,,,,,,
"3,276",2018 People Staying Counts,CID4,Weekend_Midday,Weekend,Midday,20180714,1327,1337,event:commercial_event,Sun-Shaded,72,UD4H,6,1,1,1,,,,1,,,,,,,,,,1,,,,1,,,,,,,,,,,,,,,1,,,,,,,,
"3,277",2018 People Staying Counts,CID4,Weekend_Midday,Weekend,Midday,20180714,1327,1337,event:commercial_event,Sun-Shaded,72,UD4H,7,1,1,,1,,,,,1,,,,,,,,,1,,,,,,,1,,,,,,,1,,,,,,,,,,,1,
"3,278",2018 People Staying Counts,CID4,Weekend_Midday,Weekend,Midday,20180714,1327,1337,event:commercial_event,Sun-Shaded,72,UD4H,8,1,1,1,,,1,,,,,,,,,,,1,,,,,,,,,1,,,,,,1,,,,,,,,,1,1,1,
"3,279",2018 People Staying Counts,CID4,Weekend_Midday,Weekend,Midday,20180714,1327,1337,event:commercial_event,Sun-Shaded,72,UD4H,9,1,2,,1,,,,,1,,,,,,,,,1,,,,,,,1,,,1,,,,1,,,,,,,,,,,,
"3,280",2018 People Staying Counts,CID4,Weekend_Midday,Weekend,Midday,20180714,1327,1337,event:commercial_event,Sun-Shaded,72,UD4H,10,1,1,1,,,,,,1,,,,,,,,,1,,,,,,,1,,,1,,,,1,,,,,,,,,,,,
"3,281",2018 People Staying Counts,CID4,Weekend_Midday,Weekend,Midday,20180714,1327,1337,event:commercial_event,Sun-Shaded,72,UD4H,11,1,1,,1,,,,,1,,,,,,,,,,1,1,,,,,,,,,,,,,,,,,1,,,,,,,
"3,282",2018 People Staying Counts,CID4,Weekend_Midday,Weekend,Midday,20180714,1327,1337,event:commercial_event,Sun-Shaded,72,UD4H,12,1,1,1,,,1,,,,,,,,,,,1,,,,1,,,,,,,1,,,,1,,,,,,,,,,,,
"3,283",2018 People Staying Counts,CID4,Weekend_Midday,Weekend,Midday,20180714,1327,1337,event:commercial_event,Sun-Shaded,72,UD4H,13,1,1,,1,,,,,1,,,,,,,,,1,,1,,,,,,,,,,1,,,,,,,,,,,,,,
"3,284",2018 People Staying Counts,CID4,Weekend_Midday,Weekend,Midday,20180714,1327,1337,event:commercial_event,Sun-Shaded,72,UD4H,14,1,1,1,,,,,,1,,,,,,,,1,,,1,,,,,,,,1,,,,,,,,,,,,,,,,
"3,285",2018 People Staying Counts,CID4,Weekend_Midday,Weekend,Midday,20180714,1327,1337,event:commercial_event,Sun-Shaded,72,UD4H,15,1,1,1,,,,,,,,1,,,,,,,1,,,,1,,,,,,,,,,,,,,,1,,,,,,,
"3,286",2018 People Staying Counts,CID4,Weekend_Midday,Weekend,Midday,20180714,1327,1337,event:commercial_event,Sun-Shaded,72,UD4H,16,1,1,,1,,,,,1,,,,,,,,1,,,1,,,,,,,,,,,,,,,,,1,,,,,,,
"3,287",2018 People Staying Counts,CID4,Weekend_Midday,Weekend,Midday,20180714,1327,1337,event:commercial_event,Sun-Shaded,72,UD4H,17,1,1,,1,,1,,,,,,,,,,,1,,,,,,,,1,,,,,,,,,,,1,,,,,,,,
"3,288",2018 People Staying Counts,CID4,Weekend_Evening,Weekend,Evening,20180714,1650,1700,event:commercial_event,Sun-Exposed,82,UD4H,1,1,1,,1,,1,,,,,,,,,,,,1,,,,,,,1,,,,,,,,,,,,,,,,,1,,
"3,289",2018 People Staying Counts,CID4,Weekend_Evening,Weekend,Evening,20180714,1650,1700,event:commercial_event,Sun-Exposed,82,UD4H,2,1,1,1,,,,,,1,,,,,,,,1,,,1,,,,,,,,,1,1,,,,,,,,,,,,,,
"3,290",2018 People Staying Counts,CID4,Weekend_Evening,Weekend,Evening,20180714,1650,1700,event:commercial_event,Sun-Exposed,82,UD4H,3,1,1,,1,,,,,1,,,,,,,,1,,,,,,,,1,,,1,,,,1,,,,,,,,,,,,
"3,291",2018 People Staying Counts,CID4,Weekend_Evening,Weekend,Evening,20180714,1650,1700,event:commercial_event,Sun-Exposed,82,UD4H,4,1,3,,1,,,1,,,,,,,,,,1,,,1,,,,,,,,,,,,,,,,,1,,,,,,,
"3,292",2018 People Staying Counts,CID4,Weekend_Evening,Weekend,Evening,20180714,1650,1700,event:commercial_event,Sun-Exposed,82,UD4H,5,1,3,,1,,,1,,,,,,,,,,,1,,1,,,,,,,,,,,,,,,,1,,,,,,,,
"3,293",2018 People Staying Counts,CID4,Weekend_Evening,Weekend,Evening,20180714,1650,1700,event:commercial_event,Sun-Exposed,82,UD4H,6,1,3,1,,,,1,,,,,,,,1,,,,,1,,,,,,,,,,,,,,,,,1,,,,,,,
"3,294",2018 People Staying Counts,CID4,Weekend_Evening,Weekend,Evening,20180714,1650,1700,event:commercial_event,Sun-Exposed,82,UD4H,7,1,1,1,,,,,,1,,,,,,,,1,,,1,,,,,,,,,1,1,,,,,,,,,,,,,,
"3,295",2018 People Staying Counts,CID4,Weekend_Evening,Weekend,Evening,20180714,1650,1700,event:commercial_event,Sun-Exposed,82,UD4H,8,1,1,1,,,,,1,,,,,,,,,1,,,1,,,,,,,,,,,,1,,,,,,,,,,,,
"3,296",2018 People Staying Counts,CID4,Weekend_Evening,Weekend,Evening,20180714,1650,1700,event:commercial_event,Sun-Exposed,82,UD4H,9,1,1,1,,,,1,,,,,,,,,,1,,,1,,,,,,,,,,,,,,,,1,,,,,,,,
"3,297",2018 People Staying Counts,CID4,Weekend_Evening,Weekend,Evening,20180714,1650,1700,event:commercial_event,Sun-Exposed,82,UD4H,10,1,1,1,,,,,,1,,,,,,,,1,,,1,,,,,,,1,,1,,,,,,,,,,,,,,,
"3,298",2018 People Staying Counts,CID4,Weekend_Evening,Weekend,Evening,20180714,1650,1700,event:commercial_event,Sun-Exposed,82,UD4H,11,1,3,,1,,,,,1,,,,,,,,,1,,,,,,,1,,,1,,,,,,,,,,,,,,,,
"3,299",2018 People Staying Counts,CID4,Weekend_Evening,Weekend,Evening,20180714,1650,1700,event:commercial_event,Sun-Exposed,82,UD4H,12,1,3,,1,,,,,1,,,,,,,,1,,,,,,,,1,,,1,,,,,,,,,,,,,,,,
"3,300",2018 People Staying Counts,CID4,Weekend_Evening,Weekend,Evening,20180714,1650,1700,event:commercial_event,Sun-Exposed,82,UD4H,13,1,3,,1,,,,,1,,,,,,,,,1,,,,,,,1,,,1,,,,,,,,,,,,,,,,
"3,301",2018 People Staying Counts,CID4,Weekend_Evening,Weekend,Evening,20180714,1650,1700,event:commercial_event,Sun-Exposed,82,UD4H,14,1,1,1,,,1,,,,,,,,,,,1,,,,,,,,,1,,1,,,,,,,,,,,,,,1,,
"3,302",2018 People Staying Counts,CID4,Weekend_Evening,Weekend,Evening,20180714,1650,1700,event:commercial_event,Sun-Exposed,82,UD4H,15,1,1,1,,,,,,1,,,,,,,,1,,,,,1,,,,,,,,,,,,,,,1,,,,,,,
"3,303",2018 People Staying Counts,CID4,Weekday1_Morning,Weekday,Morning,20180717,0925,0935,,Sun-Exposed,68,UD4H,1,1,1,1,,,1,,,,,,,,,,,,1,,,,1,,,,,,,,,,,,,,,1,,,,,,,
"3,304",2018 People Staying Counts,CID4,Weekday1_Morning,Weekday,Morning,20180717,0925,0935,,Sun-Exposed,68,UD4H,2,1,2,,1,,,,,,,1,,,,,,1,,,,,1,,,,,,,,,,,,,,,1,,,,,,,
"3,305",2018 People Staying Counts,CID4,Weekday1_Morning,Weekday,Morning,20180717,0925,0935,,Sun-Exposed,68,UD4H,3,1,2,1,,,,,,,,1,,,,,,1,,,,,1,,,,,,,,,,,,,,,1,,,,,,,
"3,306",2018 People Staying Counts,CID4,Weekday1_Morning,Weekday,Morning,20180717,0925,0935,,Sun-Exposed,68,UD4H,4,1,1,1,,,,,,1,,,,,,,,,1,,1,,,,,,,,,,,,1,,,,,,,1,,,,,
"3,307",2018 People Staying Counts,CID4,Weekday1_Morning,Weekday,Morning,20180717,0925,0935,,Sun-Exposed,68,UD4H,5,1,1,1,,,1,,,,,,,,,,,1,,,,,,,,1,,,,,,,,,,,1,,,,,,,,
"3,308",2018 People Staying Counts,CID4,Weekday1_Morning,Weekday,Morning,20180717,0925,0935,,Sun-Exposed,68,UD4H,6,1,1,1,,,,1,,,,,,,,,,1,,,,,1,,,,,,,,,,,,1,,,,,,,,,,
"3,309",2018 People Staying Counts,CID4,Weekday1_Morning,Weekday,Morning,20180717,0925,0935,,Sun-Exposed,68,UD4H,7,1,1,1,,,,,,1,,,,,,,,1,,,,,1,,,,,,,,,,,,1,,,,,,,,,,
"3,310",2018 People Staying Counts,CID4,Weekday1_Morning,Weekday,Morning,20180717,0925,0935,,Sun-Exposed,68,UD4H,8,1,1,1,,,1,,,,,,,,,,,,,1,,,1,,,,,1,,,,,,,,,,1,,,,,,,
"3,311",2018 People Staying Counts,CID4,Weekday1_Morning,Weekday,Morning,20180717,0925,0935,,Sun-Exposed,68,UD4H,9,1,1,,1,,,,,1,,,,,,,,1,,,1,,,,,,,,,,1,,1,,,,,,,,,,,,
"3,312",2018 People Staying Counts,CID4,Weekday1_Morning,Weekday,Morning,20180717,0925,0935,,Sun-Exposed,68,UD4H,10,1,1,1,,,,,,1,,,,,,,,,1,,1,,,,,,,,,,,,1,,,,1,,,,,,,,
"3,313",2018 People Staying Counts,CID4,Weekday1_Morning,Weekday,Morning,20180717,0925,0935,,Sun-Exposed,68,UD4H,11,1,1,,1,,,,,1,,,,,,,,1,,,1,,,,,,,,,,1,,,,,,,,,,,,,,
"3,314",2018 People Staying Counts,CID4,Weekday1_Morning,Weekday,Morning,20180717,0925,0935,,Sun-Exposed,68,UD4H,12,1,1,1,,,,,,1,,,,,,,,1,,,1,,,,,,,,,,,,,,,,,,,,,1,,,
"3,315",2018 People Staying Counts,CID4,Weekday1_Midday,Weekday,Midday,20180717,1258,1308,event:cultural_communal,Sun-Shaded,75,UD4H,1,1,1,,1,,,,,1,,,,,,,,,1,,1,,,,,,,,,,,,1,,,,,,,,,,1,,
"3,316",2018 People Staying Counts,CID4,Weekday1_Midday,Weekday,Midday,20180717,1258,1308,event:cultural_communal,Sun-Shaded,75,UD4H,2,1,3,1,,,1,,,,,,,,,,,,,1,,,1,,,,,,,,,,,,,,,1,,,,,,,
"3,317",2018 People Staying Counts,CID4,Weekday1_Midday,Weekday,Midday,20180717,1258,1308,event:cultural_communal,Sun-Shaded,75,UD4H,3,1,3,,1,,1,,,,,,,,,,,,,1,,,1,,,,,,,,,,,,,,,1,,,,,,,
"3,318",2018 People Staying Counts,CID4,Weekday1_Midday,Weekday,Midday,20180717,1258,1308,event:cultural_communal,Sun-Shaded,75,UD4H,4,1,3,,1,,,,,1,,,,,,,,,1,,,,1,,,,,,,,,,,,,,,1,,,,,,,
"3,319",2018 People Staying Counts,CID4,Weekday1_Midday,Weekday,Midday,20180717,1258,1308,event:cultural_communal,Sun-Shaded,75,UD4H,5,1,1,,1,,,,,1,,,,,,,,,1,,,,,,,1,,,1,,,,1,,,,,,,,,,,,
"3,320",2018 People Staying Counts,CID4,Weekday1_Midday,Weekday,Midday,20180717,1258,1308,event:cultural_communal,Sun-Shaded,75,UD4H,6,1,1,1,,,,1,,,,,,,,,,,1,,1,,,,,,,,,,,,,,,,1,,,,,,,,
"3,321",2018 People Staying Counts,CID4,Weekday1_Midday,Weekday,Midday,20180717,1258,1308,event:cultural_communal,Sun-Shaded,75,UD4H,7,1,3,1,,,,1,,,,,,,,,,1,,,,,,,,1,,,,,,,,,,,1,,,,,,,,
"3,322",2018 People Staying Counts,CID4,Weekday1_Midday,Weekday,Midday,20180717,1258,1308,event:cultural_communal,Sun-Shaded,75,UD4H,8,1,3,1,,,,1,,,,,,,,,,1,,,,,,,,1,,,,,,,,,,,1,,,,,,,,
"3,323",2018 People Staying Counts,CID4,Weekday1_Midday,Weekday,Midday,20180717,1258,1308,event:cultural_communal,Sun-Shaded,75,UD4H,9,1,3,1,,,,1,,,,,,,,,,1,,,,,,,,1,,,,,,,,,,,1,,,,,,,,
"3,324",2018 People Staying Counts,CID4,Weekday1_Midday,Weekday,Midday,20180717,1258,1308,event:cultural_communal,Sun-Shaded,75,UD4H,10,1,1,,1,,,,,1,,,,,,,,,1,,1,,,,,,,,1,,,,,,,,,,,,,,,,
"3,325",2018 People Staying Counts,CID4,Weekday1_Midday,Weekday,Midday,20180717,1258,1308,event:cultural_communal,Sun-Shaded,75,UD4H,11,1,1,1,,,,1,,,,,,,,,,1,,,,,1,,,,,,,,,,1,,,,,,,,,,,,
"3,326",2018 People Staying Counts,CID4,Weekday1_Midday,Weekday,Midday,20180717,1258,1308,event:cultural_communal,Sun-Shaded,75,UD4H,12,1,1,,1,,,,,1,,,,,,,,,1,,,,,,,1,,,1,,,,1,,,,,,,,,,,,
"3,327",2018 People Staying Counts,CID4,Weekday1_Midday,Weekday,Midday,20180717,1258,1308,event:cultural_communal,Sun-Shaded,75,UD4H,13,1,1,1,,,,,,,,,,1,,,,1,,,1,,,,,,,,,,,,,,1,,,,,,,,,,
"3,328",2018 People Staying Counts,CID4,Weekday1_Midday,Weekday,Midday,20180717,1258,1308,event:cultural_communal,Sun-Shaded,75,UD4H,14,1,1,1,,,,,,1,,,,,,,,1,,,,,,,1,,,1,,,,,1,,,,,,,,,,,,
"3,329",2018 People Staying Counts,CID4,Weekday1_Midday,Weekday,Midday,20180717,1258,1308,event:cultural_communal,Sun-Shaded,75,UD4H,15,1,3,,1,,,,,1,,,,,,,,,1,,,,,,,1,,,1,,,,,,,,,,,,,,,,
"3,330",2018 People Staying Counts,CID4,Weekday1_Midday,Weekday,Midday,20180717,1258,1308,event:cultural_communal,Sun-Shaded,75,UD4H,16,1,3,1,,,,,,1,,,,,,,,1,,,,,,,,1,,,1,,,,,,,,,,,,,,,,
"3,331",2018 People Staying Counts,CID4,Weekday1_Midday,Weekday,Midday,20180717,1258,1308,event:cultural_communal,Sun-Shaded,75,UD4H,17,1,3,1,,,,,,1,,,,,,,,1,,,,,,,,1,,,1,,,,,,,,,,,,,,,,
"3,332",2018 People Staying Counts,CID4,Weekday1_Midday,Weekday,Midday,20180717,1258,1308,event:cultural_communal,Sun-Shaded,75,UD4H,18,1,1,1,,,,,,1,,,,,,,,1,,,,,,,,1,,,,1,,,,,,,,,,,,,,,
"3,333",2018 People Staying Counts,CID4,Weekday1_Midday,Weekday,Midday,20180717,1258,1308,event:cultural_communal,Sun-Shaded,75,UD4H,19,1,1,1,,,,,,1,,,,,,,,1,,,1,,,,,,,,,,,,,,,,1,,,,,,,,
"3,334",2018 People Staying Counts,CID4,Weekday1_Midday,Weekday,Midday,20180717,1258,1308,event:cultural_communal,Sun-Shaded,75,UD4H,20,1,1,,1,,,1,,,,,,,,,,1,,,,,1,,,,,,,,,,,,,,,1,,,,,,,
"3,335",2018 People Staying Counts,CID4,Weekday1_Evening,Weekday,Evening,20180717,1705,1715,,Sun-Shaded,82,UD4H,1,1,2,1,,,,1,,,,,,,,,,1,,,,,,,,1,,,,,,1,1,,,,,,,,,,,,
"3,336",2018 People Staying Counts,CID4,Weekday1_Evening,Weekday,Evening,20180717,1705,1715,,Sun-Shaded,82,UD4H,2,1,2,1,,,,1,,,,,,,,,,1,,,,,,,,1,,,,,,1,1,,,,,,,,,,,,
"3,337",2018 People Staying Counts,CID4,Weekday1_Evening,Weekday,Evening,20180717,1705,1715,,Sun-Shaded,82,UD4H,3,1,1,1,,,1,,,,,,,,,,,1,,,,,,,,1,,,,,,,,,,,1,,,,,,,,
"3,338",2018 People Staying Counts,CID4,Weekday1_Evening,Weekday,Evening,20180717,1705,1715,,Sun-Shaded,82,UD4H,4,1,1,1,,,,,,1,,,,,,,,,1,,,,,,1,,,1,,,,,,,,,1,1,,,,,,,
"3,339",2018 People Staying Counts,CID4,Weekday1_Evening,Weekday,Evening,20180717,1705,1715,,Sun-Shaded,82,UD4H,5,1,1,1,,,,1,,,,,,,,,,1,,,,1,,,,,,,,,,,,,,,,,,1,,,,,
"3,340",2018 People Staying Counts,CID4,Weekday1_Evening,Weekday,Evening,20180717,1705,1715,,Sun-Shaded,82,UD4H,6,1,1,1,,,,,,1,,,,,,,,1,,,1,,,,,,,,,,,,,,,,,1,,,,,,,
"3,341",2018 People Staying Counts,CID4,Weekday1_Evening,Weekday,Evening,20180717,1705,1715,,Sun-Shaded,82,UD4H,7,1,1,,1,,,,,1,,,,,,,,1,,,,,,,,1,,,,1,,,1,,,,,,,,,,,,
"3,342",2018 People Staying Counts,CID4,Weekday1_Evening,Weekday,Evening,20180717,1705,1715,,Sun-Shaded,82,UD4H,8,1,1,1,,,,1,,,,,,,,,,1,,,,,1,,,,,,,,,,,,,,,1,,1,,,,,
"3,343",2018 People Staying Counts,CID4,Weekday1_Evening,Weekday,Evening,20180717,1705,1715,,Sun-Shaded,82,UD4H,9,1,1,1,,,,,,1,,,,,,,,1,,,,,,,,,1,,,,,,,,,,,,,,,,1,,
"3,344",2018 People Staying Counts,CID4,Weekday1_Evening,Weekday,Evening,20180717,1705,1715,,Sun-Shaded,82,UD4H,10,1,1,1,,,1,,,,,,,,,,,1,,,,,,,,1,,,,,,,,,,,1,,,,,,,,
"3,345",2018 People Staying Counts,CID4,Weekday1_Evening,Weekday,Evening,20180717,1705,1715,,Sun-Shaded,82,UD4H,11,1,1,1,,,,,,1,,,,,,,,1,,,1,,,,,,,,1,,,,,,,,,,,,,,,,
"3,346",2018 People Staying Counts,CID4,Weekday1_Evening,Weekday,Evening,20180717,1705,1715,,Sun-Shaded,82,UD4H,12,1,1,1,,,,,,1,,,,,,,,1,,,1,,,,,,,,,,,,,,1,,,1,,,,,,,
"3,347",2018 People Staying Counts,CID4,Weekday1_Evening,Weekday,Evening,20180717,1705,1715,,Sun-Shaded,82,UD4H,13,1,1,,1,,,,,1,,,,,,,,1,,,1,,,,,,,,,,,,,,,,1,,,,,,,,
"3,348",2018 People Staying Counts,CID4,Weekday1_Evening,Weekday,Evening,20180717,1705,1715,,Sun-Shaded,82,UD4H,14,1,1,1,,,1,,,,,,,,,,,1,,,1,,,,,,,,1,,,,1,,,,,,,,,,,,
"3,349",2018 People Staying Counts,CID4,Weekday1_Evening,Weekday,Evening,20180717,1705,1715,,Sun-Shaded,82,UD4H,15,1,1,1,,,,1,,,,,,,,,,1,,,1,,,,,,,,1,,,,,,,,,,,,,,,,
"3,350",2018 People Staying Counts,CID4,Weekday1_Evening,Weekday,Evening,20180717,1705,1715,,Sun-Shaded,82,UD4H,16,1,1,1,,,1,,,,,,,,,,,,1,,,1,,,,,,,,,1,,,,,,,1,,,,,,,
"3,351",2018 People Staying Counts,CID4,Weekday2_Morning,Weekday,Morning,20180717,0925,0935,,Heavy Clouds,59,UD4H,1,1,2,1,,,1,,,,,,,,,,,1,,,1,,,,,,,,1,,,,1,,,,,,,,,,,,
"3,352",2018 People Staying Counts,CID4,Weekday2_Morning,Weekday,Morning,20180717,0925,0935,,Heavy Clouds,59,UD4H,2,1,2,1,,,1,,,,,,,,,,,1,,,1,,,,,,,,1,,,,,,,,,,,,,,,,
"3,353",2018 People Staying Counts,CID4,Weekday2_Morning,Weekday,Morning,20180717,0925,0935,,Heavy Clouds,59,UD4H,3,1,1,1,,,,1,,,,,,,,,,1,,,1,,,,,,,,,,,,1,,,,1,,,,,,,,
"3,354",2018 People Staying Counts,CID4,Weekday2_Morning,Weekday,Morning,20180717,0925,0935,,Heavy Clouds,59,UD4H,4,1,1,1,,,1,,,,,,,,,,,1,,,1,,,,,,,,,,,,1,,,,1,,,,,,1,,
"3,355",2018 People Staying Counts,CID4,Weekday2_Morning,Weekday,Morning,20180717,0925,0935,,Heavy Clouds,59,UD4H,5,1,1,1,,,,1,,,,,,,,,,1,,,1,,,,,,,,,,,,,,,,,1,,,,,,,
"3,356",2018 People Staying Counts,CID4,Weekday2_Morning,Weekday,Morning,20180717,0925,0935,,Heavy Clouds,59,UD4H,6,1,1,1,,,1,,,,,,,,,,,1,,,,,1,,,,,,,,,,,,,,,1,,,,,,,
"3,357",2018 People Staying Counts,CID4,Weekday2_Morning,Weekday,Morning,20180717,0925,0935,,Heavy Clouds,59,UD4H,7,1,2,,1,,,1,,,,,,,,,,1,,,,,1,,,,,1,,,,,1,,,,,1,,,,,,,
"3,358",2018 People Staying Counts,CID4,Weekday2_Morning,Weekday,Morning,20180717,0925,0935,,Heavy Clouds,59,UD4H,8,1,2,1,,,,1,,,,,,,,,1,,,,,,1,,,,,,,,,,1,,,,,,,,,,,,
"3,359",2018 People Staying Counts,CID4,Weekday2_Morning,Weekday,Morning,20180717,0925,0935,,Heavy Clouds,59,UD4H,9,1,1,,1,,,1,,,,,,,,,,1,,,,,1,,,,,,,,,,1,,,,,1,,,,,,,
"3,360",2018 People Staying Counts,CID4,Weekday2_Morning,Weekday,Morning,20180717,0925,0935,,Heavy Clouds,59,UD4H,10,1,1,,1,,,,,1,,,,,,,,,1,,1,,,,,,,,1,,,,,,,,,,,,,,,,
"3,361",2018 People Staying Counts,CID4,Weekday2_Morning,Weekday,Morning,20180717,0925,0935,,Heavy Clouds,59,UD4H,11,1,2,1,,,,,,1,,,,,,,,1,,,1,,,,,,,,,,,,,,,,1,,,,,,,,
"3,362",2018 People Staying Counts,CID4,Weekday2_Morning,Weekday,Morning,20180717,0925,0935,,Heavy Clouds,59,UD4H,12,1,2,,1,,,,,1,,,,,,,,1,,,1,,,,,,,1,,,,,,,,,1,,,,,,,,
"3,363",2018 People Staying Counts,CID4,Weekday2_Morning,Weekday,Morning,20180717,0925,0935,,Heavy Clouds,59,UD4H,13,1,1,1,,,,,,1,,,,,,,,,1,,1,,,,,,,,,,,,,,,,1,,,,,,,,
"3,364",2018 People Staying Counts,CID4,Weekday2_Midday,Weekday,Midday,20180719,1308,1318,event:commercial_event,Heavy Clouds,62,UD4H,1,1,1,1,,,,1,,,,,,,,,,,1,,1,,,,,,,1,,,,,,,,,,1,,,,,,,
"3,365",2018 People Staying Counts,CID4,Weekday2_Midday,Weekday,Midday,20180719,1308,1318,event:commercial_event,Heavy Clouds,62,UD4H,2,1,1,,1,,1,,,,,,,,,,,,1,,,1,,,,,,,,,,,,,,,,1,,,,,,,
"3,366",2018 People Staying Counts,CID4,Weekday2_Midday,Weekday,Midday,20180719,1308,1318,event:commercial_event,Heavy Clouds,62,UD4H,3,1,1,,1,,,,,1,,,,,,,,,1,,1,,,,,,,,1,,,,,,,,,,,,,,,,
"3,367",2018 People Staying Counts,CID4,Weekday2_Midday,Weekday,Midday,20180719,1308,1318,event:commercial_event,Heavy Clouds,62,UD4H,4,1,1,,1,,1,,,,,,,,,,,1,,,,1,,,,,,,,,,,,,,,1,,,,,,,,
"3,368",2018 People Staying Counts,CID4,Weekday2_Midday,Weekday,Midday,20180719,1308,1318,event:commercial_event,Heavy Clouds,62,UD4H,5,1,1,1,,,1,,,,,,,,,,,1,,,1,,,,,,,,1,,,,1,,,,,,,,,,,,
"3,369",2018 People Staying Counts,CID4,Weekday2_Midday,Weekday,Midday,20180719,1308,1318,event:commercial_event,Heavy Clouds,62,UD4H,6,1,1,1,,,,,,1,,,,,,,,1,,,1,,,,,,,,,1,,,,,,,,,,,,,,,
"3,370",2018 People Staying Counts,CID4,Weekday2_Midday,Weekday,Midday,20180719,1308,1318,event:commercial_event,Heavy Clouds,62,UD4H,7,1,1,1,,,,,,1,,,,,,,,,1,,,,,,,1,,,,1,,,,,,,,,,,,,,,
"3,371",2018 People Staying Counts,CID4,Weekday2_Midday,Weekday,Midday,20180719,1308,1318,event:commercial_event,Heavy Clouds,62,UD4H,8,1,1,1,,,1,,,,,,,,,,,1,,,1,,,,,,,,,,1,,,,,,,,,,,,,,
"3,372",2018 People Staying Counts,CID4,Weekday2_Midday,Weekday,Midday,20180719,1308,1318,event:commercial_event,Heavy Clouds,62,UD4H,9,1,2,1,,,,1,,,,,,,,,,1,,,,,,,,1,,,,,,,1,,,,,,,,,,,,
"3,373",2018 People Staying Counts,CID4,Weekday2_Midday,Weekday,Midday,20180719,1308,1318,event:commercial_event,Heavy Clouds,62,UD4H,10,1,2,1,,,,1,,,,,,,,,,1,,,,,,,,1,,,,,,,1,,,,,,,,,,,,
"3,374",2018 People Staying Counts,CID4,Weekday2_Midday,Weekday,Midday,20180719,1308,1318,event:commercial_event,Heavy Clouds,62,UD4H,11,1,2,1,,,,,,1,,,,,,,,1,,,1,,,,,,,,,,1,,,,,,,,,,,,,,
"3,375",2018 People Staying Counts,CID4,Weekday2_Midday,Weekday,Midday,20180719,1308,1318,event:commercial_event,Heavy Clouds,62,UD4H,12,1,2,1,,,,,,1,,,,,,,,1,,,1,,,,,,,,,,,,1,,,,,,,,,,,,
"3,376",2018 People Staying Counts,CID4,Weekday2_Midday,Weekday,Midday,20180719,1308,1318,event:commercial_event,Heavy Clouds,62,UD4H,13,1,2,1,,,,,,1,,,,,,,,1,,,1,,,,,,,,,,,,1,,,,,,,,,,,,
"3,377",2018 People Staying Counts,CID4,Weekday2_Midday,Weekday,Midday,20180719,1308,1318,event:commercial_event,Heavy Clouds,62,UD4H,14,1,1,1,,,,,,,,1,,,,,1,,,,1,,,,,,,,,,,,,,1,,,1,,,,,,,
"3,378",2018 People Staying Counts,CID4,Weekday2_Midday,Weekday,Midday,20180719,1308,1318,event:commercial_event,Heavy Clouds,62,UD4H,15,1,1,1,,,,,,,,1,,,,,,1,,,,,,,,1,,,,,,,1,,,,,,,,,,,,
"3,379",2018 People Staying Counts,CID4,Weekday2_Midday,Weekday,Midday,20180719,1308,1318,event:commercial_event,Heavy Clouds,62,UD4H,16,1,1,,1,,,,,1,,,,,,,,,1,,1,,,,,,,1,,,,,,,,,,1,,,,,,,
"3,380",2018 People Staying Counts,CID4,Weekday2_Midday,Weekday,Midday,20180719,1308,1318,event:commercial_event,Heavy Clouds,62,UD4H,17,1,1,1,,,,,,,,1,,,,,,1,,,1,,,,,,,,,,,,,,,,,1,,,,,,,
"3,381",2018 People Staying Counts,CID4,Weekday2_Midday,Weekday,Midday,20180719,1308,1318,event:commercial_event,Heavy Clouds,62,UD4H,18,1,3,1,,,,1,,,,,,,,,1,,,,,,,,,1,,,,,,,1,,,,,,,,,,,,
"3,382",2018 People Staying Counts,CID4,Weekday2_Midday,Weekday,Midday,20180719,1308,1318,event:commercial_event,Heavy Clouds,62,UD4H,19,1,3,1,,,1,,,,,,,,,,1,,,,,,,,,1,,,,,,,,,,,1,,,,,,,,
"3,383",2018 People Staying Counts,CID4,Weekday2_Midday,Weekday,Midday,20180719,1308,1318,event:commercial_event,Heavy Clouds,62,UD4H,20,1,3,,1,,,1,,,,,,,,,1,,,,,,,,,1,,,,,,,1,,,,1,,,,,,,,
"3,384",2018 People Staying Counts,CID4,Weekday2_Evening,Weekday,Evening,20180719,1622,1632,event:commercial_event,Heavy Clouds,67,UD4H,1,1,3,1,,,,,,,,1,,,,,,1,,,1,,,,,,,,,,,,1,,,,,,,,,,,,
"3,385",2018 People Staying Counts,CID4,Weekday2_Evening,Weekday,Evening,20180719,1622,1632,event:commercial_event,Heavy Clouds,67,UD4H,2,1,3,1,,,,1,,,,,,,,,,1,,,,,,,,1,,,,,,,1,,,,,,,,,,,,
"3,386",2018 People Staying Counts,CID4,Weekday2_Evening,Weekday,Evening,20180719,1622,1632,event:commercial_event,Heavy Clouds,67,UD4H,3,1,3,1,,,,,,,,1,,,,,,1,,,,,,,,1,,,,,,,1,,,,,1,,,,,,,
"3,387",2018 People Staying Counts,CID4,Weekday2_Evening,Weekday,Evening,20180719,1622,1632,event:commercial_event,Heavy Clouds,67,UD4H,4,1,1,1,,,,1,,,,,,,,,,1,,,1,,,,,,,,,,,,,,,,,1,,,,,,,
"3,388",2018 People Staying Counts,CID4,Weekday2_Evening,Weekday,Evening,20180719,1622,1632,event:commercial_event,Heavy Clouds,67,UD4H,5,1,1,1,,,,1,,,,,,,,,,1,,,,,,,,1,,,,,,,,,,,1,,,,,,,,
"3,389",2018 People Staying Counts,CID4,Weekday2_Evening,Weekday,Evening,20180719,1622,1632,event:commercial_event,Heavy Clouds,67,UD4H,6,1,2,1,,,,,,,,1,,,,,,1,,,,,,,,1,,,,,,,1,,,,,,,,,,,,
"3,390",2018 People Staying Counts,CID4,Weekday2_Evening,Weekday,Evening,20180719,1622,1632,event:commercial_event,Heavy Clouds,67,UD4H,7,1,2,1,,,,,,,,1,,,,,,1,,,1,,,,,,,,,,,,1,,,,,,,,,,,,
"3,391",2018 People Staying Counts,CID4,Weekday2_Evening,Weekday,Evening,20180719,1622,1632,event:commercial_event,Heavy Clouds,67,UD4H,8,1,1,1,,,,,,1,,,,,,,,,1,,,1,,,,,,,,,,,,,,,,,,,,,1,,
"3,392",2018 People Staying Counts,CID4,Weekday2_Evening,Weekday,Evening,20180719,1622,1632,event:commercial_event,Heavy Clouds,67,UD4H,9,1,1,1,,,,,,1,,,,,,,,,1,,,,,,1,,,1,,,,,1,,,,,,,,,,,,
"3,393",2018 People Staying Counts,CID4,Weekday2_Evening,Weekday,Evening,20180719,1622,1632,event:commercial_event,Heavy Clouds,67,UD4H,10,1,2,,1,,,,,,,,1,,,,,1,,,,,,,,1,,,1,,,,,,,,,,,,,,,,
"3,394",2018 People Staying Counts,CID4,Weekday2_Evening,Weekday,Evening,20180719,1622,1632,event:commercial_event,Heavy Clouds,67,UD4H,11,1,2,,1,,,,,,,,1,,,,,1,,,,,,,,1,,,1,,,,,,,,,,,,,,,,
"3,395",2018 People Staying Counts,CID4,Weekday2_Evening,Weekday,Evening,20180719,1622,1632,event:commercial_event,Heavy Clouds,67,UD4H,12,1,2,,1,,,1,,,,,,,,,,1,,,1,,,,,,,,,,,,1,,,,,,,1,,,,,
"3,396",2018 People Staying Counts,CID4,Weekday2_Evening,Weekday,Evening,20180719,1622,1632,event:commercial_event,Heavy Clouds,67,UD4H,13,1,2,1,,,,1,,,,,,,1,,,,,,,,,,,,1,,,,,,,,,,1,,,,,,,,
"3,397",2018 People Staying Counts,CID4,Weekday2_Evening,Weekday,Evening,20180719,1622,1632,event:commercial_event,Heavy Clouds,67,UD4H,14,1,1,,1,,,1,,,,,,,,,,1,,,1,,,,,,,,,,,,,,,,,1,,,,,,,
"3,398",2018 People Staying Counts,CID4,Weekday2_Evening,Weekday,Evening,20180719,1622,1632,event:commercial_event,Heavy Clouds,67,UD4H,15,1,1,1,,,,1,,,,,,,,,,1,,,1,,,,,,,,,,,,,,,,1,1,,,,,,,
"3,399",2018 People Staying Counts,CID4,Weekday2_Evening,Weekday,Evening,20180719,1622,1632,event:commercial_event,Heavy Clouds,67,UD4H,16,1,1,,1,,,,,1,,,,,,,,1,,,,,,,,1,,,1,,,,,,,,,,,,,,,,
"3,400",2018 People Staying Counts,CID4,Weekday2_Evening,Weekday,Evening,20180719,1622,1632,event:commercial_event,Heavy Clouds,67,UD4H,17,1,1,1,,,,,,1,,,,,,,,1,,,,,,,,1,,,1,,,,,,,,,,,,,,,,
"3,401",2018 People Staying Counts,CID4,Weekday2_Evening,Weekday,Evening,20180719,1622,1632,event:commercial_event,Heavy Clouds,67,UD4H,18,1,1,,1,,,,,1,,,,,,,,1,,,1,,,,,,,,,1,,,,,,,,,,,,,,,
"3,402",2018 People Staying Counts,CID4,Weekday2_Evening,Weekday,Evening,20180719,1622,1632,event:commercial_event,Heavy Clouds,67,UD4H,19,1,1,,1,,,,,1,,,,,,,,1,,,1,,,,,,,,,1,,,,,,,,,,,,,,,
"3,403",2018 People Staying Counts,NOR2,Weekday1_Morning,Weekday,Morning,20180906,0937,0947,,Sun-Shaded,67,UD4H,1,1,1,,1,,,,,1,,,,,,,,1,,,,1,,,,,,,,,,,,,1,,,1,,,,,,,
"3,404",2018 People Staying Counts,NOR2,Weekday1_Morning,Weekday,Morning,20180906,0937,0947,,Sun-Shaded,67,UD4H,2,1,1,,1,,1,,,,,,,,,,,,,1,,,1,,,,,,,,,,,,,,1,1,,,,,,,
"3,405",2018 People Staying Counts,NOR2,Weekday1_Morning,Weekday,Morning,20180906,0937,0947,,Sun-Shaded,67,UD4H,3,1,1,1,,,1,,,,,,,,,,,1,,,,,1,,,,,,,,,,,,1,,,1,,,,,,,
"3,406",2018 People Staying Counts,NOR2,Weekday1_Morning,Weekday,Morning,20180906,0937,0947,,Sun-Shaded,67,UD4H,4,1,1,1,,,1,,,,,,,,,,,1,,,,1,,,,,,,,,,,,,1,,,1,,,,,,,
"3,407",2018 People Staying Counts,NOR2,Weekday1_Morning,Weekday,Morning,20180906,0937,0947,,Sun-Shaded,67,UD4H,5,1,1,1,,,,,,1,,,,,,,,1,,,1,,,,,,,,,,,,,,1,,,1,,,,,,,
"3,408",2018 People Staying Counts,NOR2,Weekday1_Morning,Weekday,Morning,20180906,0937,0947,,Sun-Shaded,67,UD4H,6,1,1,1,,,1,,,,,,,,,,,,1,,,,1,,,,,,,,,,1,,,,,1,,,,,,,
"3,409",2018 People Staying Counts,NOR2,Weekday1_Morning,Weekday,Morning,20180906,0937,0947,,Sun-Shaded,67,UD4H,7,1,1,1,,,,,,1,,,,,,,,,1,,,,1,,,,,,,,,,,,,,,1,,,,,,,
"3,410",2018 People Staying Counts,NOR2,Weekday1_Morning,Weekday,Morning,20180906,0937,0947,,Sun-Shaded,67,UD4H,8,1,1,1,,,,,,,,,,1,,,,,1,,,,1,,,,,,,,,,1,,,,1,,,,,,,,
"3,411",2018 People Staying Counts,NOR2,Weekday1_Morning,Weekday,Morning,20180906,0937,0947,,Sun-Shaded,67,UD4H,9,1,1,1,,,,1,,,,,,,,,1,,,,,,1,,,,,,,,,,,,,,,1,,,,,,,
"3,412",2018 People Staying Counts,NOR2,Weekday1_Morning,Weekday,Morning,20180906,0937,0947,,Sun-Shaded,67,UD4H,10,1,1,,1,,,,,1,,,,,,,,1,,,1,,,,,,,,,,,,,,1,,,1,,,,,,,
"3,413",2018 People Staying Counts,NOR2,Weekday1_Morning,Weekday,Morning,20180906,0937,0947,,Sun-Shaded,67,UD4H,11,1,1,1,,,1,,,,,,,,,,,1,,,1,,,,,,,,,,,,,,,,,1,,,,,,,
"3,414",2018 People Staying Counts,NOR2,Weekday1_Midday,Weekday,Midday,20180906,1322,1332,,Sun-Shaded,76,UD4H,1,1,1,,1,,1,,,,,,,,,,1,,,,,,1,,,,,,,,,,,,1,,,1,,,,,,,
"3,415",2018 People Staying Counts,NOR2,Weekday1_Midday,Weekday,Midday,20180906,1322,1332,,Sun-Shaded,76,UD4H,2,1,1,,1,,1,,,,,,,,,,,1,,,1,,,,,,,,,,,,,,1,,,1,,,,,,,
"3,416",2018 People Staying Counts,NOR2,Weekday1_Midday,Weekday,Midday,20180906,1322,1332,,Sun-Shaded,76,UD4H,3,1,1,,1,,1,,,,,,,,,,,,,1,,,1,,,,,,,,,,,,,,,1,,,,,,,
"3,417",2018 People Staying Counts,NOR2,Weekday1_Midday,Weekday,Midday,20180906,1322,1332,,Sun-Shaded,76,UD4H,4,1,1,,1,,1,,,,,,,,,,,1,,,,,1,,,,,,,,,,,,1,,,1,,,,,,,
"3,418",2018 People Staying Counts,NOR2,Weekday1_Midday,Weekday,Midday,20180906,1322,1332,,Sun-Shaded,76,UD4H,5,1,1,,1,,1,,,,,,,,,,,,1,,1,,,,,,,,,,,,,,,,,1,,,,,,,
"3,419",2018 People Staying Counts,NOR2,Weekday1_Midday,Weekday,Midday,20180906,1322,1332,,Sun-Shaded,76,UD4H,6,1,1,1,,,1,,,,,,,,,,1,,,,1,,,,,,,,,,,,,,1,,,1,,,,,,,
"3,420",2018 People Staying Counts,NOR2,Weekday1_Midday,Weekday,Midday,20180906,1322,1332,,Sun-Shaded,76,UD4H,7,1,1,1,,,,1,,,,,,,,,,,1,,1,,,,,,,,,,,,,,,,,1,,,,,,,
"3,421",2018 People Staying Counts,NOR2,Weekday1_Midday,Weekday,Midday,20180906,1322,1332,,Sun-Shaded,76,UD4H,8,1,1,,1,,1,,,,,,,,,,,1,,,1,,,,,,,,,1,,1,,,,,,1,,,,,,,
"3,422",2018 People Staying Counts,NOR2,Weekday1_Midday,Weekday,Midday,20180906,1322,1332,,Sun-Shaded,76,UD4H,9,1,1,1,,,1,,,,,,,,,,,1,,,1,,,,,,,,,1,,,,,1,,,1,,1,,,,,
"3,423",2018 People Staying Counts,NOR2,Weekday1_Midday,Weekday,Midday,20180906,1322,1332,,Sun-Shaded,76,UD4H,10,1,2,1,,,1,,,,,,,,,,,1,,,1,,,,,,,,,,,,1,,,,,,,,,,,,
"3,424",2018 People Staying Counts,NOR2,Weekday1_Midday,Weekday,Midday,20180906,1322,1332,,Sun-Shaded,76,UD4H,11,1,2,,1,,1,,,,,,,,,,,1,,,1,,,,,,,,,,,,1,,,,,,,1,,,,,
"3,425",2018 People Staying Counts,NOR2,Weekday1_Midday,Weekday,Midday,20180906,1322,1332,,Sun-Shaded,76,UD4H,12,1,1,1,,,1,,,,,,,,,,,,,1,,,1,,,,,,,,,,,,,,,1,,,,,,,
"3,426",2018 People Staying Counts,NOR2,Weekday1_Midday,Weekday,Midday,20180906,1322,1332,,Sun-Shaded,76,UD4H,13,1,1,,1,,,,,1,,,,,,,,1,,,,,1,,,,,,,,,,,,1,,,1,,,,,,,
"3,427",2018 People Staying Counts,NOR2,Weekday1_Midday,Weekday,Midday,20180906,1322,1332,,Sun-Shaded,76,UD4H,14,1,1,1,,,1,,,,,,,,,,,1,,,,,1,,,,,,,1,,1,,,1,,,,,,,,,,
"3,428",2018 People Staying Counts,NOR2,Weekday1_Midday,Weekday,Midday,20180906,1322,1332,,Sun-Shaded,76,UD4H,15,1,1,1,,,,,,1,,,,,,,,,1,,,,1,,,,,,,,,,,,,,,1,,,,,,,
"3,429",2018 People Staying Counts,NOR2,Weekday1_Midday,Weekday,Midday,20180906,1322,1332,,Sun-Shaded,76,UD4H,16,1,1,,1,,1,,,,,,,,,,,,1,,1,,,,,,,,,,,,,,,,,1,,,,,,,
"3,430",2018 People Staying Counts,NOR2,Weekday1_Midday,Weekday,Midday,20180906,1322,1332,,Sun-Shaded,76,UD4H,17,1,1,1,,,,,,,,1,,,,,,1,,,,,1,,,,,,,1,,,,,1,,,1,,,,,,,
"3,431",2018 People Staying Counts,NOR2,Weekday1_Midday,Weekday,Midday,20180906,1322,1332,,Sun-Shaded,76,UD4H,18,1,1,1,,,1,,,,,,,,,,1,,,,,,1,,,,,,,,,,,,1,,,1,,,,,,,
"3,432",2018 People Staying Counts,NOR2,Weekday1_Midday,Weekday,Midday,20180906,1322,1332,,Sun-Shaded,76,UD4H,19,1,1,1,,,1,,,,,,,,,,,1,,,1,,,,,,,,,1,,,,,1,,,1,,,,,,,
"3,433",2018 People Staying Counts,NOR2,Weekday1_Evening,Weekday,Evening,20180906,1740,1750,,Sun-Shaded,84,UD4H,1,1,1,1,,,1,,,,,,,,,,,1,,,,,1,,,,,,,,,,,,,,1,,,,,,,,
"3,434",2018 People Staying Counts,NOR2,Weekday1_Evening,Weekday,Evening,20180906,1740,1750,,Sun-Shaded,84,UD4H,2,1,1,1,,,,1,,,,,,,,,1,,,,,,1,,,,,,,,,,,,1,,,,,,,,,,
"3,435",2018 People Staying Counts,NOR2,Weekday1_Evening,Weekday,Evening,20180906,1740,1750,,Sun-Shaded,84,UD4H,3,1,1,,1,,,,,1,,,,,,,,1,,,1,,,,,,,,,,,,,,1,,,1,,,,,,,
"3,436",2018 People Staying Counts,NOR2,Weekday1_Evening,Weekday,Evening,20180906,1740,1750,,Sun-Shaded,84,UD4H,4,1,1,1,,,1,,,,,,,,,,,,,1,,,1,,,,,,,,,,,,,,1,1,,,,,,,
"3,437",2018 People Staying Counts,NOR2,Weekday1_Evening,Weekday,Evening,20180906,1740,1750,,Sun-Shaded,84,UD4H,5,1,1,1,,,,1,,,,,,,,,,,1,,,,1,,,,,,,,,,,,,,,1,,,,,,,
"3,438",2018 People Staying Counts,NOR2,Weekday1_Evening,Weekday,Evening,20180906,1740,1750,,Sun-Shaded,84,UD4H,6,1,1,1,,,,1,,,,,,,,,,1,,,1,,,,,,,,,,,,,,1,,,1,,,,,,,
"3,439",2018 People Staying Counts,NOR2,Weekday1_Evening,Weekday,Evening,20180906,1740,1750,,Sun-Shaded,84,UD4H,7,1,2,1,,,,,,,,1,,,,,,,1,,,,,,1,,,1,,,,,1,,,,,1,,,,,,,
"3,440",2018 People Staying Counts,NOR2,Weekday1_Evening,Weekday,Evening,20180906,1740,1750,,Sun-Shaded,84,UD4H,8,1,2,,1,,,1,,,,,,,,,,1,,,1,,,,,,,,,,,,1,,,,,1,,,,,,,
"3,441",2018 People Staying Counts,NOR2,Weekday1_Evening,Weekday,Evening,20180906,1740,1750,,Sun-Shaded,84,UD4H,9,1,1,,1,,,1,,,,,,,,,,1,,,,,1,,,,,,,1,1,1,,,,,,1,,,,,,,
"3,442",2018 People Staying Counts,NOR2,Weekday1_Evening,Weekday,Evening,20180906,1740,1750,,Sun-Shaded,84,UD4H,10,1,2,,1,,,,,,,1,,,,,,1,,,,,1,,,,,,,,,,,,1,,,1,,,,,,,
"3,443",2018 People Staying Counts,NOR2,Weekday1_Evening,Weekday,Evening,20180906,1740,1750,,Sun-Shaded,84,UD4H,11,1,2,,1,,,,,,,1,,,,1,,,,,,,1,,,,,,,,,,,,,,1,,,,,,,,
"3,444",2018 People Staying Counts,NOR2,Weekday1_Evening,Weekday,Evening,20180906,1740,1750,,Sun-Shaded,84,UD4H,12,1,1,,1,,,,,1,,,,,,,,1,,,,,1,,,,,,,,,,,,,,,1,,,,,,,
"3,445",2018 People Staying Counts,NOR2,Weekday1_Evening,Weekday,Evening,20180906,1740,1750,,Sun-Shaded,84,UD4H,13,1,1,,1,,1,,,,,,,,,,,1,,,,1,,,,,,,,1,,,,,1,,,1,,,,,,,
"3,446",2018 People Staying Counts,NOR2,Weekday1_Evening,Weekday,Evening,20180906,1740,1750,,Sun-Shaded,84,UD4H,14,1,1,1,,,,1,,,,,,,,,,1,,,,,1,,,,,,,,,,,,1,,,1,,,,,,,
"3,447",2018 People Staying Counts,NOR2,Weekday1_Evening,Weekday,Evening,20180906,1740,1750,,Sun-Shaded,84,UD4H,15,1,1,,1,,,1,,,,,,,,,,,1,,,,1,,,,,,,,,,,,1,,,1,,,,,,,
"3,448",2018 People Staying Counts,NOR2,Weekday1_Evening,Weekday,Evening,20180906,1740,1750,,Sun-Shaded,84,UD4H,16,1,1,1,,,1,,,,,,,,,,,,,1,,,1,,,,,,,,,,,,1,,,1,,,,,,,
"3,449",2018 People Staying Counts,NOR2,Weekday1_Evening,Weekday,Evening,20180906,1740,1750,,Sun-Shaded,84,UD4H,17,1,1,1,,,1,,,,,,,,,,1,,,,,,1,,,,,,,,,,,,1,,,1,,,,,,,
"3,450",2018 People Staying Counts,NOR2,Weekday1_Evening,Weekday,Evening,20180906,1740,1750,,Sun-Shaded,84,UD4H,18,1,1,,1,,1,,,,,,,,,,,1,,,,,1,,,,,,,,,,,,,,1,1,,,,,,,
"3,451",2018 People Staying Counts,NOR2,Weekday1_Evening,Weekday,Evening,20180906,1740,1750,,Sun-Shaded,84,UD4H,19,1,1,,1,,,,,1,,,,,,,,1,,,1,,,,,,,,,,,,,,1,,,1,,,,,,,
"3,452",2018 People Staying Counts,NOR2,Weekday1_Evening,Weekday,Evening,20180906,1740,1750,,Sun-Shaded,84,UD4H,20,1,1,,1,,1,,,,,,,,,,,,1,,,,1,,,,,,,1,,1,,,1,,,1,,,,,,,
"3,453",2018 People Staying Counts,NOR2,Weekday1_Evening,Weekday,Evening,20180906,1740,1750,,Sun-Shaded,84,UD4H,21,1,1,1,,,1,,,,,,,,,,,,,1,,,1,,,,,,,,,,,,,,,1,,,,,,,
"3,454",2018 People Staying Counts,NOR2,Weekday2_Morning,Weekday,Morning,20180907,0913,0923,,Light Clouds,61,UD4H,1,1,1,,1,,1,,,,,,,,,,,1,,,,,1,,,,,,,,,,,,1,,,1,,,,,,,
"3,455",2018 People Staying Counts,NOR2,Weekday2_Morning,Weekday,Morning,20180907,0913,0923,,Light Clouds,61,UD4H,2,1,1,1,,,,,,1,,,,,,,,,1,,1,,,,,,,,,,,,,,,,,1,,,,,,,
"3,456",2018 People Staying Counts,NOR2,Weekday2_Morning,Weekday,Morning,20180907,0913,0923,,Light Clouds,61,UD4H,3,1,1,1,,,1,,,,,,,,,,,1,,,,,1,,,,,,,,,,,,1,,,,,,,,,,
"3,457",2018 People Staying Counts,NOR2,Weekday2_Morning,Weekday,Morning,20180907,0913,0923,,Light Clouds,61,UD4H,4,1,1,,1,,,,,1,,,,,,,,1,,,1,,,,,,,,,,,,,,,,,1,,,,,,,
"3,458",2018 People Staying Counts,NOR2,Weekday2_Morning,Weekday,Morning,20180907,0913,0923,,Light Clouds,61,UD4H,5,1,1,,1,,,1,,,,,,,,,,1,,,1,,,,,,,,,,,,,,1,,,1,,,,,,,
"3,459",2018 People Staying Counts,NOR2,Weekday2_Morning,Weekday,Morning,20180907,0913,0923,,Light Clouds,61,UD4H,6,1,1,1,,,,,,1,,,,,,,1,,,,,,1,,,,,,,,,,,,1,,,1,,,,,,,
"3,460",2018 People Staying Counts,NOR2,Weekday2_Morning,Weekday,Morning,20180907,0913,0923,,Light Clouds,61,UD4H,7,1,1,,1,,,,,1,,,,,,,,1,,,,,1,,,,,,,,,,,,1,,,1,,,,,,,
"3,461",2018 People Staying Counts,NOR2,Weekday2_Morning,Weekday,Morning,20180907,0913,0923,,Light Clouds,61,UD4H,8,1,2,1,,,,1,,,,,,,,,,,1,,1,,,,,,,,,,,,1,,,,,,1,,,,,,
"3,462",2018 People Staying Counts,NOR2,Weekday2_Morning,Weekday,Morning,20180907,0913,0923,,Light Clouds,61,UD4H,9,1,2,1,,,,1,,,,,,,,,,,1,,1,,,,,,,,,,,,1,,,,,,1,,,,,,
"3,463",2018 People Staying Counts,NOR2,Weekday2_Morning,Weekday,Morning,20180907,0913,0923,,Light Clouds,61,UD4H,10,1,1,1,,,1,,,,,,,,,,,1,,,1,,,,,,,,,,,,,,1,,,1,,,,,,,
"3,464",2018 People Staying Counts,NOR2,Weekday2_Morning,Weekday,Morning,20180907,0913,0923,,Light Clouds,61,UD4H,11,1,1,1,,,,1,,,,,,,,,1,,,,1,,,,,,,,,,1,,,,,,,1,,,,,,,
"3,465",2018 People Staying Counts,NOR2,Weekday2_Morning,Weekday,Morning,20180907,0913,0923,,Light Clouds,61,UD4H,12,1,1,1,,,1,,,,,,,,,,,1,,,,,1,,,,,,,,,,,,,,,1,,,,,,,
"3,466",2018 People Staying Counts,NOR2,Weekday2_Morning,Weekday,Morning,20180907,0913,0923,,Light Clouds,61,UD4H,13,1,2,,1,,,,,1,,,,,,,,1,,,,,1,,,,,,,,,,,,1,,,1,,,,,,,
"3,467",2018 People Staying Counts,NOR2,Weekday2_Morning,Weekday,Morning,20180907,0913,0923,,Light Clouds,61,UD4H,14,1,2,1,,,,,,1,,,,,,1,,,,,,,1,,,,,,,,,,,,,,1,1,,,,,,,
"3,468",2018 People Staying Counts,NOR2,Weekday2_Morning,Weekday,Morning,20180907,0913,0923,,Light Clouds,61,UD4H,15,1,1,1,,,,,,1,,,,,,,,,1,,,,1,,,,,,,,,,,,,,,1,,,,,,,
"3,469",2018 People Staying Counts,NOR2,Weekday2_Midday,Weekday,Midday,20180907,1343,1353,,Light Clouds,70,UD4H,1,1,1,,1,,,,,1,,,,,,,,,1,,,,1,,,,,,,,,,,,,,,1,,,,,,,
"3,470",2018 People Staying Counts,NOR2,Weekday2_Midday,Weekday,Midday,20180907,1343,1353,,Light Clouds,70,UD4H,2,1,1,1,,,1,,,,,,,,,,1,,,,,,1,,,,,,,,,,,,1,,,1,,1,,,,,
"3,471",2018 People Staying Counts,NOR2,Weekday2_Midday,Weekday,Midday,20180907,1343,1353,,Light Clouds,70,UD4H,3,1,1,1,,,1,,,,,,,,,,,1,,,,,,,,1,,,,,,,,,,,1,,,1,,,,,
"3,472",2018 People Staying Counts,NOR2,Weekday2_Midday,Weekday,Midday,20180907,1343,1353,,Light Clouds,70,UD4H,4,1,1,1,,,,1,,,,,,,,,,1,,,,,1,,,,,,,,,,,,,,,1,,,,,,,
"3,473",2018 People Staying Counts,NOR2,Weekday2_Midday,Weekday,Midday,20180907,1343,1353,,Light Clouds,70,UD4H,5,1,1,1,,,,,,1,,,,,,,,1,,,1,,,,,,,,,1,,,,,1,,,1,,,,,,,
"3,474",2018 People Staying Counts,NOR2,Weekday2_Midday,Weekday,Midday,20180907,1343,1353,,Light Clouds,70,UD4H,6,1,1,1,,,1,,,,,,,,,,,,1,,,,1,,,,,,,1,,1,,,,,1,1,,,,,,,
"3,475",2018 People Staying Counts,NOR2,Weekday2_Midday,Weekday,Midday,20180907,1343,1353,,Light Clouds,70,UD4H,7,1,1,1,,,1,,,,,,,,,,,1,,,1,,,,,,,,,,,,,1,,,,1,,,,,,,
"3,476",2018 People Staying Counts,NOR2,Weekday2_Midday,Weekday,Midday,20180907,1343,1353,,Light Clouds,70,UD4H,8,1,1,1,,,,,,1,,,,,,,1,,,,,1,,,,,,,,,,,,,1,,,1,,,,,,,
"3,477",2018 People Staying Counts,NOR2,Weekday2_Midday,Weekday,Midday,20180907,1343,1353,,Light Clouds,70,UD4H,9,1,1,,1,,1,,,,,,,,,,,,1,,,,1,,,,,,,1,,,,,,,,1,,,,,,,
"3,478",2018 People Staying Counts,NOR2,Weekday2_Midday,Weekday,Midday,20180907,1343,1353,,Light Clouds,70,UD4H,10,1,1,,1,,,,,,,,,1,,,,,,1,,,1,,,,,,,,,,,,1,,,1,,,,,,,
"3,479",2018 People Staying Counts,NOR2,Weekday2_Midday,Weekday,Midday,20180907,1343,1353,,Light Clouds,70,UD4H,11,1,1,1,,,,,,1,,,,,,,1,,,,1,,,,,,,,,,,,,,1,,,1,,,,,,,
"3,480",2018 People Staying Counts,NOR2,Weekday2_Midday,Weekday,Midday,20180907,1343,1353,,Light Clouds,70,UD4H,12,1,1,1,,,,,,1,,,,,,,,1,,,1,,,,,,,,,,,,,,1,,,1,,,,,,,
"3,481",2018 People Staying Counts,NOR2,Weekday2_Midday,Weekday,Midday,20180907,1343,1353,,Light Clouds,70,UD4H,13,1,1,,1,,1,,,,,,,,,,,,1,,,,1,,,,,,,1,,,,,1,,,1,,,,,,,
"3,482",2018 People Staying Counts,NOR2,Weekday2_Midday,Weekday,Midday,20180907,1343,1353,,Light Clouds,70,UD4H,14,1,1,,1,,,1,,,,,,,,,,1,,,1,,,,,,,,,,,,,,1,,,1,,,,,,,
"3,483",2018 People Staying Counts,NOR2,Weekday2_Evening,Weekday,Evening,20180907,1725,1735,,Light Clouds,71,UD4H,1,1,1,1,,,1,,,,,,,,,,,1,,,,,1,,,,,,,,,,,,1,,,1,,,,,,,
"3,484",2018 People Staying Counts,NOR2,Weekday2_Evening,Weekday,Evening,20180907,1725,1735,,Light Clouds,71,UD4H,2,1,1,,1,,,1,,,,,,,,,,1,,,1,,,,,,,,,1,,,,,,,,1,,,,,,,
"3,485",2018 People Staying Counts,NOR2,Weekday2_Evening,Weekday,Evening,20180907,1725,1735,,Light Clouds,71,UD4H,3,1,1,1,,,1,,,,,,,,,,,,1,,,,1,,,,,,,,,,,,,,,1,,,,,,,
"3,486",2018 People Staying Counts,NOR2,Weekday2_Evening,Weekday,Evening,20180907,1725,1735,,Light Clouds,71,UD4H,4,1,1,1,,,,,,1,,,,,,,,,1,,,,1,,,,,,,,,,,,,,,1,,,,,,,
"3,487",2018 People Staying Counts,NOR2,Weekday2_Evening,Weekday,Evening,20180907,1725,1735,,Light Clouds,71,UD4H,5,1,1,1,,,,1,,,,,,,,,,1,,,,,1,,,,,,,1,,,,,1,,,1,,1,,,,,
"3,488",2018 People Staying Counts,NOR2,Weekday2_Evening,Weekday,Evening,20180907,1725,1735,,Light Clouds,71,UD4H,6,1,1,,1,,,,,1,,,,,,,,1,,,1,,,,,,,,,1,,,,,1,,,1,,,,,,,
"3,489",2018 People Staying Counts,NOR2,Weekday2_Evening,Weekday,Evening,20180907,1725,1735,,Light Clouds,71,UD4H,7,1,1,1,,,1,,,,,,,,,,,,1,,,1,,,,,,,,,,,,,,,,1,,,,,,,
"3,490",2018 People Staying Counts,NOR2,Weekday2_Evening,Weekday,Evening,20180907,1725,1735,,Light Clouds,71,UD4H,8,1,1,,1,,1,,,,,,,,,,,1,,,,,1,,,,,,,1,,1,,,,,,1,,,,,,,
"3,491",2018 People Staying Counts,NOR2,Weekday2_Evening,Weekday,Evening,20180907,1725,1735,,Light Clouds,71,UD4H,9,1,1,1,,,,1,,,,,,,,,,1,,,1,,,,,,,,,,,,,,1,,,1,,,,,,,
"3,492",2018 People Staying Counts,NOR2,Weekday2_Evening,Weekday,Evening,20180907,1725,1735,,Light Clouds,71,UD4H,10,1,1,1,,,1,,,,,,,,,,1,,,,,,1,,,,,,,,,,,,1,,,1,,,,,,,
"3,493",2018 People Staying Counts,NOR2,Weekend_Midday,Weekend,Midday,20180908,1308,1318,,Heavy Clouds,66,UD4H,1,1,1,,1,,1,,,,,,,,,,,,1,,,,1,,,,,,,,,,,,,,,1,,,,,,,
"3,494",2018 People Staying Counts,NOR2,Weekend_Midday,Weekend,Midday,20180908,1308,1318,,Heavy Clouds,66,UD4H,2,1,1,,1,,1,,,,,,,,,,,1,,,,,1,,,,,,,,,,,,,,,1,,,,,,,
"3,495",2018 People Staying Counts,NOR2,Weekend_Midday,Weekend,Midday,20180908,1308,1318,,Heavy Clouds,66,UD4H,3,1,1,,1,,,,,,,1,,,,,,,1,,1,,,,,,,,,,,,,,,,,1,,,,,,,
"3,496",2018 People Staying Counts,NOR2,Weekend_Midday,Weekend,Midday,20180908,1308,1318,,Heavy Clouds,66,UD4H,4,1,1,,1,,,,,,,1,,,,,,,1,,1,,,,,,,,,,,,,,1,,,1,,,,,,,
"3,497",2018 People Staying Counts,NOR2,Weekend_Midday,Weekend,Midday,20180908,1308,1318,,Heavy Clouds,66,UD4H,5,1,1,1,,,1,,,,,,,,,,,1,,,,,1,,,,,,,1,,1,1,,,,,1,,,,,,,
"3,498",2018 People Staying Counts,NOR2,Weekend_Midday,Weekend,Midday,20180908,1308,1318,,Heavy Clouds,66,UD4H,6,1,1,1,,,1,,,,,,,,,1,,,,,,,1,,,,,,,,,1,1,,,,,1,,,,,,,
"3,499",2018 People Staying Counts,NOR2,Weekend_Midday,Weekend,Midday,20180908,1308,1318,,Heavy Clouds,66,UD4H,7,1,1,,1,,1,,,,,,,,,1,,,,,1,,,,,,,,,,,,,,,,1,1,,,,,,,
"3,500",2018 People Staying Counts,NOR2,Weekend_Midday,Weekend,Midday,20180908,1308,1318,,Heavy Clouds,66,UD4H,8,1,1,,1,,1,,,,,,,,,,,,1,,1,,,,,,,1,,,,,,,,,,1,,,,,,,
"3,501",2018 People Staying Counts,NOR2,Weekend_Midday,Weekend,Midday,20180908,1308,1318,,Heavy Clouds,66,UD4H,9,1,1,,1,,,,,1,,,,,,,,1,,,1,,,,,,,,,,,,,,1,,,1,,,,,,,
"3,502",2018 People Staying Counts,NOR2,Weekend_Midday,Weekend,Midday,20180908,1308,1318,,Heavy Clouds,66,UD4H,10,1,1,1,,,1,,,,,,,,,,,1,,,,,1,,,,,,,,,,,,1,,,1,,,,,,,
"3,503",2018 People Staying Counts,NOR2,Weekend_Midday,Weekend,Midday,20180908,1308,1318,,Heavy Clouds,66,UD4H,11,1,2,1,,,1,,,,,,,,,,,1,,,1,,,,,,,,,,,,1,,,,1,,,,,,,,
"3,504",2018 People Staying Counts,NOR2,Weekend_Midday,Weekend,Midday,20180908,1308,1318,,Heavy Clouds,66,UD4H,12,1,2,,1,,1,,,,,,,,,,,1,,,1,,,,,,,,,,,,1,,,,1,,,,,,,,
"3,505",2018 People Staying Counts,NOR2,Weekend_Midday,Weekend,Midday,20180908,1308,1318,,Heavy Clouds,66,UD4H,13,1,1,,1,,1,,,,,,,,,,1,,,,1,,,,,,,,,,,,,,1,,,,,,,,,,
"3,506",2018 People Staying Counts,NOR2,Weekend_Midday,Weekend,Midday,20180908,1308,1318,,Heavy Clouds,66,UD4H,14,1,2,1,,,,,,1,,,,,,,,1,,,,,1,,,,,,,,,,1,,1,,,1,,,,,,,
"3,507",2018 People Staying Counts,NOR2,Weekend_Midday,Weekend,Midday,20180908,1308,1318,,Heavy Clouds,66,UD4H,15,1,2,,1,,,,,1,,,,,,,,1,,,,,1,,,,,,,,,,1,,1,,,1,,,,,,,
"3,508",2018 People Staying Counts,NOR2,Weekend_Midday,Weekend,Midday,20180908,1308,1318,,Heavy Clouds,66,UD4H,16,1,1,1,,,,,,1,,,,,,,,1,,,,,1,,,,,,,,,,,,1,,,,,,,,,,
"3,509",2018 People Staying Counts,NOR2,Weekend_Midday,Weekend,Midday,20180908,1308,1318,,Heavy Clouds,66,UD4H,17,1,1,,1,,,,,1,,,,,,,,1,,,,1,,,,,,,,,,,,,1,,,,,,,,,,
"3,510",2018 People Staying Counts,NOR2,Weekend_Midday,Weekend,Midday,20180908,1308,1318,,Heavy Clouds,66,UD4H,18,1,1,1,,,,,,1,,,,,,,,1,,,1,,,,,,,,,,,,,,,,,1,,,,,,,
"3,511",2018 People Staying Counts,NOR2,Weekend_Midday,Weekend,Midday,20180908,1308,1318,,Heavy Clouds,66,UD4H,19,1,1,,1,,,,,1,,,,,,,,,1,,,,1,,,,,,,,,,,,,,,1,,,,,,,
"3,512",2018 People Staying Counts,NOR2,Weekend_Evening,Weekend,Evening,20180908,1715,1725,,Light Clouds,69,UD4H,1,1,1,1,,,1,,,,,,,,,,,1,,,,1,,,,,,,,,,,,,,,,1,,,,,,,
"3,513",2018 People Staying Counts,NOR2,Weekend_Evening,Weekend,Evening,20180908,1715,1725,,Light Clouds,69,UD4H,2,1,1,,1,,1,,,,,,,,,,,1,,,,,1,,,,,,,,,,,,1,,,1,,,,,,,
"3,514",2018 People Staying Counts,NOR2,Weekend_Evening,Weekend,Evening,20180908,1715,1725,,Light Clouds,69,UD4H,3,1,2,,1,,,,,,,1,,,,,,1,,,,,1,,,,,,,,,,,,1,,,1,,,,,,,
"3,515",2018 People Staying Counts,NOR2,Weekend_Evening,Weekend,Evening,20180908,1715,1725,,Light Clouds,69,UD4H,4,1,2,,1,,,,,,,1,,,,1,,,,,,,1,,,,,,,,,,,,,,1,1,,,,,,,
"3,516",2018 People Staying Counts,NOR2,Weekend_Evening,Weekend,Evening,20180908,1715,1725,,Light Clouds,69,UD4H,5,1,1,1,,,1,,,,,,,,,,,,,1,1,,,,,,,,,,,,,,,,,1,,,,,,,
"3,517",2018 People Staying Counts,NOR2,Weekend_Evening,Weekend,Evening,20180908,1715,1725,,Light Clouds,69,UD4H,6,1,1,1,,,,,,1,,,,,,,,,1,,,,1,,,,,1,,,,,,,,,,1,,,,,,,
"3,518",2018 People Staying Counts,NOR2,Weekend_Evening,Weekend,Evening,20180908,1715,1725,,Light Clouds,69,UD4H,7,1,1,,1,,1,,,,,,,,,,1,,,,1,,,,,,,,,,,,,,1,,,1,,,,,,,
"3,519",2018 People Staying Counts,NOR2,Weekend_Evening,Weekend,Evening,20180908,1715,1725,,Light Clouds,69,UD4H,8,1,1,1,,,1,,,,,,,,,,1,,,,,,1,,,,,,,,,,,,1,,,1,,,,,,,
"3,520",2018 People Staying Counts,NOR2,Weekend_Evening,Weekend,Evening,20180908,1715,1725,,Light Clouds,69,UD4H,9,1,1,1,,,1,,,,,,,,,,,,,1,1,,,,,,,,,,1,,,,,,,,,,,,,,
"3,521",2018 People Staying Counts,NOR2,Weekend_Evening,Weekend,Evening,20180908,1715,1725,,Light Clouds,69,UD4H,10,1,1,,1,,1,,,,,,,,,,,1,,,1,,,,,,,,,,,,,,1,,,1,,,,,,,
"3,522",2018 People Staying Counts,NOR2,Weekend_Evening,Weekend,Evening,20180908,1715,1725,,Light Clouds,69,UD4H,11,1,1,1,,,,1,,,,,,,,,,,,1,,,1,,,,,1,,,,,,,,,,1,,,,,,,
"3,523",2018 People Staying Counts,NOR2,Weekend_Evening,Weekend,Evening,20180908,1715,1725,,Light Clouds,69,UD4H,12,1,1,1,,,,,,1,,,,,,,,1,,,,,,,1,,,,,,,,,,1,,,,,,,,,,
"3,524",2018 People Staying Counts,NOR2,Weekend_Evening,Weekend,Evening,20180908,1715,1725,,Light Clouds,69,UD4H,13,1,1,1,,,,,,,,1,,,,,1,,,,,,1,,,,,,,,,,,,,,,1,,,,,,,
"3,525",2018 People Staying Counts,BLT4,Weekend_Midday,Weekend,Midday,20180714,1231,1241,,Sun-Shaded,76,UD4H,1,1,2,,1,,1,,,,,,,,,,,,1,,1,,,,,,,,,,,,1,,1,,,,,,,,,,
"3,526",2018 People Staying Counts,BLT4,Weekend_Midday,Weekend,Midday,20180714,1231,1241,,Sun-Shaded,76,UD4H,2,1,2,1,,,1,,,,,,,,,,,,1,,1,,,,,,,,,,,,1,,1,,,,,,,,,,
"3,527",2018 People Staying Counts,BLT4,Weekend_Midday,Weekend,Midday,20180714,1231,1241,,Sun-Shaded,76,UD4H,3,1,2,,1,,1,,,,,,,,,,,,1,,,,,1,,,,,,1,,1,1,,,,,,,,,,,,
"3,528",2018 People Staying Counts,BLT4,Weekend_Midday,Weekend,Midday,20180714,1231,1241,,Sun-Shaded,76,UD4H,4,1,2,1,,,1,,,,,,,,,,,,1,,,,,1,,,,,,1,,1,1,,,,,,,,,,,,
"3,529",2018 People Staying Counts,BLT4,Weekend_Midday,Weekend,Midday,20180714,1231,1241,,Sun-Shaded,76,UD4H,5,1,2,,1,,1,,,,,,,,,,,1,,,,,,1,,,,,,1,,1,1,,,,,,,,,,,,
"3,530",2018 People Staying Counts,BLT4,Weekend_Midday,Weekend,Midday,20180714,1231,1241,,Sun-Shaded,76,UD4H,6,1,2,,1,,1,,,,,,,,,,,1,,,,,,1,,,,,,1,,1,1,,,,,,,,,,,,
"3,531",2018 People Staying Counts,BLT4,Weekend_Midday,Weekend,Midday,20180714,1231,1241,,Sun-Shaded,76,UD4H,7,1,2,1,,,,,,1,,,,,,,,1,,,,,,1,,,,,,1,,1,1,,1,,,,,,,,,,
"3,532",2018 People Staying Counts,BLT4,Weekend_Midday,Weekend,Midday,20180714,1231,1241,,Sun-Shaded,76,UD4H,8,1,2,1,,,,,,1,,,,,,,,1,,,,,,1,,,,,,1,,1,1,,1,,,,,,,,,,
"3,533",2018 People Staying Counts,BLT4,Weekend_Midday,Weekend,Midday,20180714,1231,1241,,Sun-Shaded,76,UD4H,9,1,1,1,,,1,,,,,,,,,,,1,,,,,,1,,,,,,1,,1,,,1,,,,,,,,,,
"3,534",2018 People Staying Counts,BLT4,Weekend_Midday,Weekend,Midday,20180714,1231,1241,,Sun-Shaded,76,UD4H,10,1,1,,1,,1,,,,,,,,,,,1,,,1,,,,,,,,,,,,,,,,1,,,,,,,,
"3,535",2018 People Staying Counts,BLT4,Weekend_Midday,Weekend,Midday,20180714,1231,1241,,Sun-Shaded,76,UD4H,11,1,1,,1,,1,,,,,,,,,,,1,,,1,,,,,,,,,,,,,,1,,,,,,,,,,
"3,536",2018 People Staying Counts,BLT4,Weekend_Midday,Weekend,Midday,20180714,1231,1241,,Sun-Shaded,76,UD4H,12,1,3,1,,,1,,,,,,,,,,,,1,,1,,,,,,,,,,,,1,,,,,1,,,,,,,
"3,537",2018 People Staying Counts,BLT4,Weekend_Midday,Weekend,Midday,20180714,1231,1241,,Sun-Shaded,76,UD4H,13,1,3,1,,,1,,,,,,,,,,,,1,,1,,,,,,,,,,,,1,,,,,1,,,,,,,
"3,538",2018 People Staying Counts,BLT4,Weekend_Midday,Weekend,Midday,20180714,1231,1241,,Sun-Shaded,76,UD4H,14,1,3,1,,,1,,,,,,,,,,,,1,,1,,,,,,,,,,,,1,,,,,1,,,,,,,
"3,539",2018 People Staying Counts,BLT4,Weekend_Midday,Weekend,Midday,20180714,1231,1241,,Sun-Shaded,76,UD4H,15,1,1,1,,,,1,,,,,,,,,,1,,,1,,,,,,,,1,,,,,,,,,,,,,,,,
"3,540",2018 People Staying Counts,BLT4,Weekend_Midday,Weekend,Midday,20180714,1231,1241,,Sun-Shaded,76,UD4H,16,1,3,,1,,1,,,,,,,,,,,1,,,1,,,,,,,,,,,,1,,1,,,,,,,,,,
"3,541",2018 People Staying Counts,BLT4,Weekend_Midday,Weekend,Midday,20180714,1231,1241,,Sun-Shaded,76,UD4H,17,1,3,,1,,1,,,,,,,,,1,,,,,1,,,,,,,,,,,,1,,,,,,,,,,,,
"3,542",2018 People Staying Counts,BLT4,Weekend_Midday,Weekend,Midday,20180714,1231,1241,,Sun-Shaded,76,UD4H,18,1,3,,1,,1,,,,,,,,,1,,,,,1,,,,,,,,,,,,1,,,,,,,,,,,,
"3,543",2018 People Staying Counts,BLT4,Weekend_Evening,Weekend,Evening,20180714,1625,1635,,Sun-Shaded,82,UD4H,1,1,1,1,,,1,,,,,,,,,,,,,1,,,,,1,,,1,,,,,,,,,,,,,,,,1,
"3,544",2018 People Staying Counts,BLT4,Weekend_Evening,Weekend,Evening,20180714,1625,1635,,Sun-Shaded,82,UD4H,2,1,3,1,,,1,,,,,,,,,,,,1,,,,,1,,,,,,1,,1,1,,,,,,,,,,,,
"3,545",2018 People Staying Counts,BLT4,Weekend_Evening,Weekend,Evening,20180714,1625,1635,,Sun-Shaded,82,UD4H,3,1,3,1,,,1,,,,,,,,,,,,1,,,,,1,,,,,,1,,1,1,,,,,,,,,,,,
"3,546",2018 People Staying Counts,BLT4,Weekend_Evening,Weekend,Evening,20180714,1625,1635,,Sun-Shaded,82,UD4H,4,1,3,1,,,1,,,,,,,,,,,1,,,,,,1,,,,,,1,,1,1,,,,,,,,,,,,
"3,547",2018 People Staying Counts,BLT4,Weekend_Evening,Weekend,Evening,20180714,1625,1635,,Sun-Shaded,82,UD4H,5,1,2,,1,,1,,,,,,,,,,,,1,,,,,1,,,,,,1,,1,1,,,,,,,,,,,,
"3,548",2018 People Staying Counts,BLT4,Weekend_Evening,Weekend,Evening,20180714,1625,1635,,Sun-Shaded,82,UD4H,6,1,2,1,,,1,,,,,,,,,,,,1,,,,,1,,,,,,1,,1,1,,,,,,,,,,,,
"3,549",2018 People Staying Counts,BLT4,Weekend_Evening,Weekend,Evening,20180714,1625,1635,,Sun-Shaded,82,UD4H,7,1,1,1,,,1,,,,,,,,,,,1,,,1,,,,,,,,1,,,,1,,,,,,,,,,,,
"3,550",2018 People Staying Counts,BLT4,Weekend_Evening,Weekend,Evening,20180714,1625,1635,,Sun-Shaded,82,UD4H,8,1,4,1,,,1,,,,,,,,,,,1,,,1,,,,,,,,,,,,1,,,,,1,,1,,,,,
"3,551",2018 People Staying Counts,BLT4,Weekend_Evening,Weekend,Evening,20180714,1625,1635,,Sun-Shaded,82,UD4H,9,1,4,1,,,1,,,,,,,,,,,1,,,1,,,,,,,,,,,,1,,,,,1,,1,,,,,
"3,552",2018 People Staying Counts,BLT4,Weekend_Evening,Weekend,Evening,20180714,1625,1635,,Sun-Shaded,82,UD4H,10,1,4,1,,,,,,,,1,,,,,,1,,,1,,,,,,,,,,,,1,,,,,1,,1,,,,,
"3,553",2018 People Staying Counts,BLT4,Weekend_Evening,Weekend,Evening,20180714,1625,1635,,Sun-Shaded,82,UD4H,11,1,4,,1,,,,,1,,,,,,,,1,,,1,,,,,,,,,,,,1,,,,,1,,,,,,,
"3,554",2018 People Staying Counts,BLT4,Weekend_Evening,Weekend,Evening,20180714,1625,1635,,Sun-Shaded,82,UD4H,12,1,5,1,,,1,,,,,,,,,,,,1,,,,,1,,,,,,1,,1,1,,,,,,,,,,,,
"3,555",2018 People Staying Counts,BLT4,Weekend_Evening,Weekend,Evening,20180714,1625,1635,,Sun-Shaded,82,UD4H,13,1,5,,1,,1,,,,,,,,,,,,1,,,,,1,,,,,,1,,1,1,,,,,,,,,,,,
"3,556",2018 People Staying Counts,BLT4,Weekend_Evening,Weekend,Evening,20180714,1625,1635,,Sun-Shaded,82,UD4H,14,1,5,1,,,1,,,,,,,,,,,,1,,,,,1,,,,,,1,,1,1,,,,,,,,,,,,
"3,557",2018 People Staying Counts,BLT4,Weekend_Evening,Weekend,Evening,20180714,1625,1635,,Sun-Shaded,82,UD4H,15,1,5,,1,,1,,,,,,,,,,,,1,,,,,1,,,,,,1,,1,1,,,,,,,,,,,,
"3,558",2018 People Staying Counts,BLT4,Weekend_Evening,Weekend,Evening,20180714,1625,1635,,Sun-Shaded,82,UD4H,16,1,5,,1,,1,,,,,,,,,,,,1,,,,,1,,,,,,1,,1,1,,,,,,,,,,,,
"3,559",2018 People Staying Counts,BLT4,Weekend_Evening,Weekend,Evening,20180714,1625,1635,,Sun-Shaded,82,UD4H,17,1,1,,1,,1,,,,,,,,,,,,1,,1,,,,,,,,,,,,,,1,,,,,,,,,,
"3,560",2018 People Staying Counts,BLT4,Weekend_Evening,Weekend,Evening,20180714,1625,1635,,Sun-Shaded,82,UD4H,18,1,1,,1,,1,,,,,,,,,,,1,,,1,,,,,,,,,,,,,,,,,1,,,,,,,
"3,561",2018 People Staying Counts,BLT4,Weekend_Evening,Weekend,Evening,20180714,1625,1635,,Sun-Shaded,82,UD4H,19,1,1,1,,,1,,,,,,,,,,,1,,,1,,,,,,,,1,,,,,,,,,,,,,,,,
"3,562",2018 People Staying Counts,BLT4,Weekend_Evening,Weekend,Evening,20180714,1625,1635,,Sun-Shaded,82,UD4H,20,1,2,1,,,1,,,,,,,,,,,1,,,1,,,,,,,,,,,,1,,,,,,,,,,,,
"3,563",2018 People Staying Counts,BLT4,Weekend_Evening,Weekend,Evening,20180714,1625,1635,,Sun-Shaded,82,UD4H,21,1,2,,1,,1,,,,,,,,,,,1,,,1,,,,,,,,,,,,1,,,,,,,,,,,,
"3,564",2018 People Staying Counts,BLT4,Weekend_Evening,Weekend,Evening,20180714,1625,1635,,Sun-Shaded,82,UD4H,22,1,1,,1,,1,,,,,,,,,,,1,,,1,,,,,,,,,,,,,,1,,1,,,,,,,,
"3,565",2018 People Staying Counts,BLT4,Weekday1_Morning,Weekday,Morning,20180717,0833,0843,,Sun-Shaded,70,UD4H,1,1,2,1,,,1,,,,,,,,,,,,1,,1,,,,,,,,,,,,1,,,,,1,,1,,,,,
"3,566",2018 People Staying Counts,BLT4,Weekday1_Morning,Weekday,Morning,20180717,0833,0843,,Sun-Shaded,70,UD4H,2,1,2,,1,,1,,,,,,,,,,,,1,,1,,,,,,,,,1,,1,1,,,,,1,,,,,,,
"3,567",2018 People Staying Counts,BLT4,Weekday1_Morning,Weekday,Morning,20180717,0833,0843,,Sun-Shaded,70,UD4H,3,1,1,1,,,1,,,,,,,,,,,,1,,1,,,,,,,,,,,,,,1,,,1,,,,,,,
"3,568",2018 People Staying Counts,BLT4,Weekday1_Morning,Weekday,Morning,20180717,0833,0843,,Sun-Shaded,70,UD4H,4,1,6,1,,,,,,1,,,,,,,,1,,,1,,,,,,,,,1,,,,,,,,,,,,,,,
"3,569",2018 People Staying Counts,BLT4,Weekday1_Morning,Weekday,Morning,20180717,0833,0843,,Sun-Shaded,70,UD4H,5,1,6,,1,,,,,1,,,,,,,,1,,,1,,,,,,,,,,,,1,,,1,,,,,,,,,
"3,570",2018 People Staying Counts,BLT4,Weekday1_Morning,Weekday,Morning,20180717,0833,0843,,Sun-Shaded,70,UD4H,6,1,6,1,,,,,,1,,,,,,1,,,,,1,,,,,,,,,,,,,,,,1,,,,,,,,
"3,571",2018 People Staying Counts,BLT4,Weekday1_Morning,Weekday,Morning,20180717,0833,0843,,Sun-Shaded,70,UD4H,7,1,6,,1,,,,,1,,,,,,,1,,,,1,,,,,,,,,,,,,,,,1,,,,,,,,
"3,572",2018 People Staying Counts,BLT4,Weekday1_Morning,Weekday,Morning,20180717,0833,0843,,Sun-Shaded,70,UD4H,8,1,6,,1,,,,,1,,,,,,,,1,,,1,,,,,,,,,,,,,,,,1,,,,,,,,
"3,573",2018 People Staying Counts,BLT4,Weekday1_Morning,Weekday,Morning,20180717,0833,0843,,Sun-Shaded,70,UD4H,9,1,6,,1,,,,,1,,,,,,,,1,,,1,,,,,,,,,,,,1,,,,1,,,,,,,,
"3,574",2018 People Staying Counts,BLT4,Weekday1_Morning,Weekday,Morning,20180717,0833,0843,,Sun-Shaded,70,UD4H,10,1,1,,1,,1,,,,,,,,,,,1,,,1,,,,,,,,,1,,1,,,,,,1,,,,,,,
"3,575",2018 People Staying Counts,BLT4,Weekday1_Morning,Weekday,Morning,20180717,0833,0843,,Sun-Shaded,70,UD4H,11,1,1,1,,,1,,,,,,,,,,,1,,,,1,,,,,,,,,,,,,,,,,,1,,,,,
"3,576",2018 People Staying Counts,BLT4,Weekday1_Midday,Weekday,Midday,20180717,1223,1233,,Sun-Shaded,77,UD4H,1,1,4,,1,,1,,,,,,,,,,,1,,,,,,1,,,,,,1,,1,1,,,,,,,,,,,,
"3,577",2018 People Staying Counts,BLT4,Weekday1_Midday,Weekday,Midday,20180717,1223,1233,,Sun-Shaded,77,UD4H,2,1,4,,1,,1,,,,,,,,,,,1,,,,,,1,,,,,,1,,1,1,,,,,,,,,,,,
"3,578",2018 People Staying Counts,BLT4,Weekday1_Midday,Weekday,Midday,20180717,1223,1233,,Sun-Shaded,77,UD4H,3,1,4,,1,,,,,1,,,,,,,,1,,,,,,1,,,,,,1,,1,1,,,,,,,,,,,,
"3,579",2018 People Staying Counts,BLT4,Weekday1_Midday,Weekday,Midday,20180717,1223,1233,,Sun-Shaded,77,UD4H,4,1,4,,1,,1,,,,,,,,,,,1,,,,,,1,,,,,,1,,1,1,,,,,,,,,,,,
"3,580",2018 People Staying Counts,BLT4,Weekday1_Midday,Weekday,Midday,20180717,1223,1233,,Sun-Shaded,77,UD4H,5,1,2,,1,,1,,,,,,,,,,,,1,,,,,1,,,,,,1,,1,1,,,,,,,,,,,,
"3,581",2018 People Staying Counts,BLT4,Weekday1_Midday,Weekday,Midday,20180717,1223,1233,,Sun-Shaded,77,UD4H,6,1,2,,1,,1,,,,,,,,,,,,1,,,,,1,,,,,,1,,1,1,,,,,,,,,,,,
"3,582",2018 People Staying Counts,BLT4,Weekday1_Midday,Weekday,Midday,20180717,1223,1233,,Sun-Shaded,77,UD4H,7,1,2,,1,,1,,,,,,,,,,,,1,,,,,1,,,,,,1,,1,1,,,,,,,,,,,,
"3,583",2018 People Staying Counts,BLT4,Weekday1_Midday,Weekday,Midday,20180717,1223,1233,,Sun-Shaded,77,UD4H,8,1,2,1,,,,,,1,,,,,,,,1,,,,,,1,,,,,,1,,1,1,,,,,,,,,,,,
"3,584",2018 People Staying Counts,BLT4,Weekday1_Midday,Weekday,Midday,20180717,1223,1233,,Sun-Shaded,77,UD4H,9,1,2,1,,,,,,1,,,,,,,,1,,,,,,1,,,,,,1,,1,1,,,,,,,,,,,,
"3,585",2018 People Staying Counts,BLT4,Weekday1_Midday,Weekday,Midday,20180717,1223,1233,,Sun-Shaded,77,UD4H,10,1,2,,1,,,,,1,,,,,,,,1,,,,,,1,,,,,,1,,1,1,,,,,,,,,,,,
"3,586",2018 People Staying Counts,BLT4,Weekday1_Midday,Weekday,Midday,20180717,1223,1233,,Sun-Shaded,77,UD4H,11,1,2,,1,,1,,,,,,,,,,,1,,,,,,1,,,,,,1,,1,1,,,,,,,,,,,,
"3,587",2018 People Staying Counts,BLT4,Weekday1_Midday,Weekday,Midday,20180717,1223,1233,,Sun-Shaded,77,UD4H,12,1,2,1,,,1,,,,,,,,,,,1,,,,,,1,,,,,,1,,1,1,,,,,,,,,,,,
"3,588",2018 People Staying Counts,BLT4,Weekday1_Midday,Weekday,Midday,20180717,1223,1233,,Sun-Shaded,77,UD4H,13,1,1,1,,,1,,,,,,,,,,,1,,,,,,1,,,,,,1,,1,,,1,,,,,,,,,,
"3,589",2018 People Staying Counts,BLT4,Weekday1_Midday,Weekday,Midday,20180717,1223,1233,,Sun-Shaded,77,UD4H,14,1,2,1,,,1,,,,,,,,,,,,1,,,,,1,,,,,,1,,1,1,,1,,,,,,,,,,
"3,590",2018 People Staying Counts,BLT4,Weekday1_Midday,Weekday,Midday,20180717,1223,1233,,Sun-Shaded,77,UD4H,15,1,2,,1,,1,,,,,,,,,,,,1,,,,,1,,,,,,1,,1,1,,,,,,,,,,,,
"3,591",2018 People Staying Counts,BLT4,Weekday1_Midday,Weekday,Midday,20180717,1223,1233,,Sun-Shaded,77,UD4H,16,1,2,1,,,1,,,,,,,,,,,1,,,,,,1,,,,,,1,,1,,,1,,,,,,,,,,
"3,592",2018 People Staying Counts,BLT4,Weekday1_Midday,Weekday,Midday,20180717,1223,1233,,Sun-Shaded,77,UD4H,17,1,2,1,,,1,,,,,,,,,,,1,,,,,,1,,,,,,1,,1,,,1,,,,,,,,,,
"3,593",2018 People Staying Counts,BLT4,Weekday1_Midday,Weekday,Midday,20180717,1223,1233,,Sun-Shaded,77,UD4H,18,1,1,1,,,,,,,,1,,,,,,1,,,1,,,,,,,,1,,,,,,,,,,,,,,,,
"3,594",2018 People Staying Counts,BLT4,Weekday1_Midday,Weekday,Midday,20180717,1223,1233,,Sun-Shaded,77,UD4H,19,1,2,,1,,1,,,,,,,,,,,1,,,,,,1,,,,,,1,,1,1,,,,,,,,,,,,
"3,595",2018 People Staying Counts,BLT4,Weekday1_Midday,Weekday,Midday,20180717,1223,1233,,Sun-Shaded,77,UD4H,20,1,2,,1,,1,,,,,,,,,,,,1,,,,,1,,,,,,1,,1,1,,,,,,,,,,,,
"3,596",2018 People Staying Counts,BLT4,Weekday1_Midday,Weekday,Midday,20180717,1223,1233,,Sun-Shaded,77,UD4H,21,1,2,,1,,1,,,,,,,,,,,1,,,,,,1,,,,,,1,,1,1,,,,,,,,,,,,
"3,597",2018 People Staying Counts,BLT4,Weekday1_Midday,Weekday,Midday,20180717,1223,1233,,Sun-Shaded,77,UD4H,22,1,2,,1,,1,,,,,,,,,,,1,,,,,,1,,,,,,1,,1,1,,,,,,,,,,,,
"3,598",2018 People Staying Counts,BLT4,Weekday1_Midday,Weekday,Midday,20180717,1223,1233,,Sun-Shaded,77,UD4H,23,1,1,,1,,1,,,,,,,,,,,,1,,1,,,,,,,,,,,,,,1,,,,,,,,,,
"3,599",2018 People Staying Counts,BLT4,Weekday1_Midday,Weekday,Midday,20180717,1223,1233,,Sun-Shaded,77,UD4H,24,1,2,,1,,1,,,,,,,,,,,,1,,,,,1,,,,,,1,,1,1,,,,,,,,,,,,
"3,600",2018 People Staying Counts,BLT4,Weekday1_Midday,Weekday,Midday,20180717,1223,1233,,Sun-Shaded,77,UD4H,25,1,2,1,,,1,,,,,,,,,,,,1,,,,,1,,,,,,1,,1,1,,,,,,,,,,,,
"3,601",2018 People Staying Counts,BLT4,Weekday1_Midday,Weekday,Midday,20180717,1223,1233,,Sun-Shaded,77,UD4H,26,1,2,,1,,1,,,,,,,,,,,,1,,1,,,,,,,,,,,,1,,,,,,,,,,,,
"3,602",2018 People Staying Counts,BLT4,Weekday1_Midday,Weekday,Midday,20180717,1223,1233,,Sun-Shaded,77,UD4H,27,1,2,,1,,1,,,,,,,,,,,,1,,1,,,,,,,,,,,,1,,,,,,,,,,,,
"3,603",2018 People Staying Counts,BLT4,Weekday1_Midday,Weekday,Midday,20180717,1223,1233,,Sun-Shaded,77,UD4H,28,1,1,1,,,,1,,,,,,,,,,,1,,,,,,,1,,,,,,,,,,,1,,,,,,,,
"3,604",2018 People Staying Counts,BLT4,Weekday1_Midday,Weekday,Midday,20180717,1223,1233,,Sun-Shaded,77,UD4H,29,1,1,1,,,1,,,,,,,,,,1,,,,1,,,,,,,,1,,,,,,,,,,,,,,,,
"3,605",2018 People Staying Counts,BLT4,Weekday1_Evening,Weekday,Evening,20180717,1728,1738,,Sun-Shaded,82,UD4H,1,1,2,,1,,1,,,,,,,,,,,,1,,,,,1,,,,,,1,,1,1,,,,,,,,,,,,
"3,606",2018 People Staying Counts,BLT4,Weekday1_Evening,Weekday,Evening,20180717,1728,1738,,Sun-Shaded,82,UD4H,2,1,2,,1,,1,,,,,,,,,,,,1,,,,,1,,,,,,1,,1,1,,,,,,,,,,,,
"3,607",2018 People Staying Counts,BLT4,Weekday1_Evening,Weekday,Evening,20180717,1728,1738,,Sun-Shaded,82,UD4H,3,1,2,1,,,1,,,,,,,,,,,,,1,,,,1,,,,,,1,,1,1,,,,,,,,,,,,
"3,608",2018 People Staying Counts,BLT4,Weekday1_Evening,Weekday,Evening,20180717,1728,1738,,Sun-Shaded,82,UD4H,4,1,2,,1,,1,,,,,,,,,,,,1,,,,,1,,,,,,1,,1,1,,,,,,,,,,,,
"3,609",2018 People Staying Counts,BLT4,Weekday1_Evening,Weekday,Evening,20180717,1728,1738,,Sun-Shaded,82,UD4H,5,1,3,1,,,,1,,,,,,,,,,1,,,,,,1,,,,,,1,,1,1,,,,,,,,,,,,
"3,610",2018 People Staying Counts,BLT4,Weekday1_Evening,Weekday,Evening,20180717,1728,1738,,Sun-Shaded,82,UD4H,6,1,3,,1,,,,,1,,,,,,,,1,,,,,,1,,,,,,1,,1,1,,,,,,,,,,,,
"3,611",2018 People Staying Counts,BLT4,Weekday1_Evening,Weekday,Evening,20180717,1728,1738,,Sun-Shaded,82,UD4H,7,1,3,,1,,,,,1,,,,,,,,1,,,,,,1,,,,,,1,,1,1,,,,,,,,,,,,
"3,612",2018 People Staying Counts,BLT4,Weekday1_Evening,Weekday,Evening,20180717,1728,1738,,Sun-Shaded,82,UD4H,8,1,2,,1,,1,,,,,,,,,,,,1,,,,,1,,,,,,1,,1,1,,,,,,,,,,,,
"3,613",2018 People Staying Counts,BLT4,Weekday1_Evening,Weekday,Evening,20180717,1728,1738,,Sun-Shaded,82,UD4H,9,1,2,1,,,1,,,,,,,,,,,1,,,,,,1,,,,,,1,,1,1,,,,,,,,,,,,
"3,614",2018 People Staying Counts,BLT4,Weekday1_Evening,Weekday,Evening,20180717,1728,1738,,Sun-Shaded,82,UD4H,10,1,3,,1,,1,,,,,,,,,,,,1,,,,,1,,,,,,1,,1,1,,,,,,,,,,,,
"3,615",2018 People Staying Counts,BLT4,Weekday1_Evening,Weekday,Evening,20180717,1728,1738,,Sun-Shaded,82,UD4H,11,1,3,,1,,,,,1,,,,,,,,1,,,,,,1,,,,,,1,,1,1,,,,,,,,,,,,
"3,616",2018 People Staying Counts,BLT4,Weekday1_Evening,Weekday,Evening,20180717,1728,1738,,Sun-Shaded,82,UD4H,12,1,3,1,,,1,,,,,,,,,,,1,,,,,,1,,,,,,1,,1,1,,,,,,,,,,,,
"3,617",2018 People Staying Counts,BLT4,Weekday1_Evening,Weekday,Evening,20180717,1728,1738,,Sun-Shaded,82,UD4H,13,1,2,,1,,,,,1,,,,,,,,1,,,,,,1,,,,,,1,,1,1,,,,,,,,,,,,
"3,618",2018 People Staying Counts,BLT4,Weekday1_Evening,Weekday,Evening,20180717,1728,1738,,Sun-Shaded,82,UD4H,14,1,2,1,,,,,,1,,,,,,,1,,,,,,,1,,,,,,1,,1,1,,,,,,,,,,,,
"3,619",2018 People Staying Counts,BLT4,Weekday1_Evening,Weekday,Evening,20180717,1728,1738,,Sun-Shaded,82,UD4H,15,1,2,,1,,1,,,,,,,,,,,1,,,,,,1,,,,,,1,,1,1,,,,,,,,,,,,
"3,620",2018 People Staying Counts,BLT4,Weekday1_Evening,Weekday,Evening,20180717,1728,1738,,Sun-Shaded,82,UD4H,16,1,2,,1,,1,,,,,,,,,,,1,,,,,,1,,,,,,1,,1,1,,,,,,,,,,,,
"3,621",2018 People Staying Counts,BLT4,Weekday1_Evening,Weekday,Evening,20180717,1728,1738,,Sun-Shaded,82,UD4H,17,1,1,,1,,,,,1,,,,,,,,1,,,1,,,,,,,,,,,,,,1,,,1,,,,,,,
"3,622",2018 People Staying Counts,BLT4,Weekday1_Evening,Weekday,Evening,20180717,1728,1738,,Sun-Shaded,82,UD4H,18,1,2,,1,,1,,,,,,,,,,,,1,,1,,,,,,,,,,,,1,,,,,1,,,,,,,
"3,623",2018 People Staying Counts,BLT4,Weekday1_Evening,Weekday,Evening,20180717,1728,1738,,Sun-Shaded,82,UD4H,19,1,2,,1,,1,,,,,,,,,,,,1,,1,,,,,,,,,,,,1,,,,,1,,,,,,,
"3,624",2018 People Staying Counts,BLT4,Weekday1_Evening,Weekday,Evening,20180717,1728,1738,,Sun-Shaded,82,UD4H,20,1,2,1,,,1,,,,,,,,,,,,,1,1,,,,,,,,,1,,,1,,,,,,,,,,,,
"3,625",2018 People Staying Counts,BLT4,Weekday1_Evening,Weekday,Evening,20180717,1728,1738,,Sun-Shaded,82,UD4H,21,1,2,,1,,1,,,,,,,,,,,,,1,1,,,,,,,,,1,,,1,,,,,,,,,,,,
"3,626",2018 People Staying Counts,BLT4,Weekday1_Evening,Weekday,Evening,20180717,1728,1738,,Sun-Shaded,82,UD4H,22,1,1,,1,,1,,,,,,,,,,,,1,,1,,,,,,,,,,,,,,,,1,,,,,,,,
"3,627",2018 People Staying Counts,BLT4,Weekday1_Evening,Weekday,Evening,20180717,1728,1738,,Sun-Shaded,82,UD4H,23,1,1,1,,,1,,,,,,,,,,,1,,,1,,,,,,,,,,,,,,1,,,,,,,,,,
"3,628",2018 People Staying Counts,BLT4,Weekday2_Morning,Weekday,Morning,20180718,0835,0845,,Heavy Clouds,63,UD4H,1,1,2,1,,,1,,,,,,,,,,,,,1,1,,,,,,,,,,,,1,,,,,1,,,,,,,
"3,629",2018 People Staying Counts,BLT4,Weekday2_Morning,Weekday,Morning,20180718,0835,0845,,Heavy Clouds,63,UD4H,2,1,2,,1,,1,,,,,,,,,,,,1,,1,,,,,,,,,,,,1,,,,,1,,,,,,,
"3,630",2018 People Staying Counts,BLT4,Weekday2_Morning,Weekday,Morning,20180718,0835,0845,,Heavy Clouds,63,UD4H,3,1,2,1,,,,,,1,,,,,,,,1,,,1,,,,,,,,,,,,1,,,,,,,,,,,,
"3,631",2018 People Staying Counts,BLT4,Weekday2_Morning,Weekday,Morning,20180718,0835,0845,,Heavy Clouds,63,UD4H,4,1,2,,1,,,,,1,,,,,,,,1,,,1,,,,,,,,,,,,1,,,,,,,,,,,,
"3,632",2018 People Staying Counts,BLT4,Weekday2_Morning,Weekday,Morning,20180718,0835,0845,,Heavy Clouds,63,UD4H,5,1,2,1,,,1,,,,,,,,,,,1,,,1,,,,,,,,,,,,1,,,,,,,,,,,,
"3,633",2018 People Staying Counts,BLT4,Weekday2_Morning,Weekday,Morning,20180718,0835,0845,,Heavy Clouds,63,UD4H,6,1,2,1,,,1,,,,,,,,,,,,1,,1,,,,,,,,1,,,,1,,,,,,,,,,,,
"3,634",2018 People Staying Counts,BLT4,Weekday2_Midday,Weekday,Midday,20180718,1225,1235,,Sun-Shaded,68,UD4H,1,1,3,,1,,1,,,,,,,,,,,1,,,1,,,,,,,,,,,,1,,,,,,,,,,,,
"3,635",2018 People Staying Counts,BLT4,Weekday2_Midday,Weekday,Midday,20180718,1225,1235,,Sun-Shaded,68,UD4H,2,1,3,1,,,1,,,,,,,,,,,1,,,1,,,,,,,,,,,,1,,,,,,,,,,,,
"3,636",2018 People Staying Counts,BLT4,Weekday2_Midday,Weekday,Midday,20180718,1225,1235,,Sun-Shaded,68,UD4H,3,1,3,1,,,1,,,,,,,,,,,1,,,1,,,,,,,,,,,,1,,,,,,,,,,,,
"3,637",2018 People Staying Counts,BLT4,Weekday2_Midday,Weekday,Midday,20180718,1225,1235,,Sun-Shaded,68,UD4H,4,1,1,,1,,1,,,,,,,,,,,1,,,1,,,,,,,,,,,,,,1,,,,,,,,,,
"3,638",2018 People Staying Counts,BLT4,Weekday2_Midday,Weekday,Midday,20180718,1225,1235,,Sun-Shaded,68,UD4H,5,1,2,,1,,1,,,,,,,,,,,,,1,,1,,,,,,,,,,,1,,,,,,,,,,,,
"3,639",2018 People Staying Counts,BLT4,Weekday2_Midday,Weekday,Midday,20180718,1225,1235,,Sun-Shaded,68,UD4H,6,1,2,,1,,1,,,,,,,,,,,1,,,1,,,,,,,,,,,,1,,1,,,,,,,,,,
"3,640",2018 People Staying Counts,BLT4,Weekday2_Midday,Weekday,Midday,20180718,1225,1235,,Sun-Shaded,68,UD4H,7,1,1,1,,,1,,,,,,,,,,,1,,,1,,,,,,,,,,,,,,1,,,,,,,,,,
"3,641",2018 People Staying Counts,BLT4,Weekday2_Midday,Weekday,Midday,20180718,1225,1235,,Sun-Shaded,68,UD4H,8,1,2,1,,,1,,,,,,,,,,,1,,,1,,,,,,,,,,,,1,,,,,,,,,,,,
"3,642",2018 People Staying Counts,BLT4,Weekday2_Midday,Weekday,Midday,20180718,1225,1235,,Sun-Shaded,68,UD4H,9,1,2,,1,,1,,,,,,,,,,,,1,,1,,,,,,,,,,,,1,,,,,,,,,,,,
"3,643",2018 People Staying Counts,BLT4,Weekday2_Midday,Weekday,Midday,20180718,1225,1235,,Sun-Shaded,68,UD4H,10,1,3,,1,,1,,,,,,,,,,,,1,,1,,,,,,,,,,,,1,,,,,,,,,,,,
"3,644",2018 People Staying Counts,BLT4,Weekday2_Midday,Weekday,Midday,20180718,1225,1235,,Sun-Shaded,68,UD4H,11,1,3,,1,,,,,,,1,,,,,,1,,,1,,,,,,,,,,,,1,,,,,,,,,,,,
"3,645",2018 People Staying Counts,BLT4,Weekday2_Midday,Weekday,Midday,20180718,1225,1235,,Sun-Shaded,68,UD4H,12,1,3,,1,,,,,,,1,,,,,,1,,,1,,,,,,,,,,,,1,,,,,,,,,,,,
"3,646",2018 People Staying Counts,BLT4,Weekday2_Midday,Weekday,Midday,20180718,1225,1235,,Sun-Shaded,68,UD4H,13,1,1,1,,,,,,1,,,,,,,,,1,,1,,,,,,,,,1,,,,,,,,,,,,,,,
"3,647",2018 People Staying Counts,BLT4,Weekday2_Midday,Weekday,Midday,20180718,1225,1235,,Sun-Shaded,68,UD4H,14,1,1,1,,,1,,,,,,,,,,,1,,,1,,,,,,,,,,,,,,1,,,,,,,,,,
"3,648",2018 People Staying Counts,BLT4,Weekday2_Evening,Weekday,Evening,20180718,1724,1734,,Sun-Shaded,74,UD4H,1,1,3,1,,,,,,1,,,,,,,,1,,,,,,1,,,,,,1,,1,1,,1,,,,,,,,,,
"3,649",2018 People Staying Counts,BLT4,Weekday2_Evening,Weekday,Evening,20180718,1724,1734,,Sun-Shaded,74,UD4H,2,1,3,,1,,,,,1,,,,,,,,1,,,,,,1,,,,,,1,,1,1,,,,,,,,,,,,
"3,650",2018 People Staying Counts,BLT4,Weekday2_Evening,Weekday,Evening,20180718,1724,1734,,Sun-Shaded,74,UD4H,3,1,3,1,,,1,,,,,,,,,,,1,,,,,,1,,,,,,1,,1,1,,,,,,,,,,,,
"3,651",2018 People Staying Counts,BLT4,Weekday2_Evening,Weekday,Evening,20180718,1724,1734,,Sun-Shaded,74,UD4H,4,1,3,1,,,1,,,,,,,,,,,,1,,,,,1,,,,,,1,,1,1,,,,,,,,,,,,
"3,652",2018 People Staying Counts,BLT4,Weekday2_Evening,Weekday,Evening,20180718,1724,1734,,Sun-Shaded,74,UD4H,5,1,3,1,,,1,,,,,,,,,,,1,,,,,,1,,,,,,1,,1,1,,,,,,,,,,,,
"3,653",2018 People Staying Counts,BLT4,Weekday2_Evening,Weekday,Evening,20180718,1724,1734,,Sun-Shaded,74,UD4H,6,1,3,1,,,1,,,,,,,,,,,1,,,,,,1,,,,,,1,,1,1,,,,,,,,,,,,
"3,654",2018 People Staying Counts,BLT4,Weekday2_Evening,Weekday,Evening,20180718,1724,1734,,Sun-Shaded,74,UD4H,7,1,1,1,,,1,,,,,,,,,,,,1,,1,,,,,,,,1,,,,,,,,,,,,,,,,
"3,655",2018 People Staying Counts,BLT4,Weekday2_Evening,Weekday,Evening,20180718,1724,1734,,Sun-Shaded,74,UD4H,8,1,2,,1,,,,,1,,,,,,,,1,,,,,,1,,,,,,1,,1,1,,,,,,,,,,,,
"3,656",2018 People Staying Counts,BLT4,Weekday2_Evening,Weekday,Evening,20180718,1724,1734,,Sun-Shaded,74,UD4H,9,1,2,,1,,,,,1,,,,,,,,1,,,,,,1,,,,,,1,,1,1,,,,,,,,,,,,
"3,657",2018 People Staying Counts,BLT4,Weekday2_Evening,Weekday,Evening,20180718,1724,1734,,Sun-Shaded,74,UD4H,10,1,2,1,,,1,,,,,,,,,,,,1,,,,,1,,,,,,1,,1,1,,,,,,,,,,,,
"3,658",2018 People Staying Counts,BLT4,Weekday2_Evening,Weekday,Evening,20180718,1724,1734,,Sun-Shaded,74,UD4H,11,1,2,,1,,1,,,,,,,,,,,1,,,,,,1,,,,,,1,,1,1,,,,,,,,,,,,
"3,659",2018 People Staying Counts,BLT4,Weekday2_Evening,Weekday,Evening,20180718,1724,1734,,Sun-Shaded,74,UD4H,12,1,4,1,,,,,,1,,,,,,,,1,,,,,,1,,,,,,1,,1,1,,,,,,,,,,,,
"3,660",2018 People Staying Counts,BLT4,Weekday2_Evening,Weekday,Evening,20180718,1724,1734,,Sun-Shaded,74,UD4H,13,1,4,1,,,,,,1,,,,,,,,1,,,,,,1,,,,,,1,,1,1,,,,,,,,,,,,
"3,661",2018 People Staying Counts,BLT4,Weekday2_Evening,Weekday,Evening,20180718,1724,1734,,Sun-Shaded,74,UD4H,14,1,4,,1,,1,,,,,,,,,,,,1,,,,,1,,,,,,1,,1,1,,,,,,,,,,,,
"3,662",2018 People Staying Counts,BLT4,Weekday2_Evening,Weekday,Evening,20180718,1724,1734,,Sun-Shaded,74,UD4H,15,1,4,1,,,1,,,,,,,,,,,,1,,,,,1,,,,,,1,,1,1,,,,,,,,,,,,
"3,663",2018 People Staying Counts,BLT4,Weekday2_Evening,Weekday,Evening,20180718,1724,1734,,Sun-Shaded,74,UD4H,16,1,5,,1,,1,,,,,,,,,,,1,,,,,,1,,,,,,1,,1,1,,,,,,,,,,,,
"3,664",2018 People Staying Counts,BLT4,Weekday2_Evening,Weekday,Evening,20180718,1724,1734,,Sun-Shaded,74,UD4H,17,1,5,,1,,,1,,,,,,,,,,1,,,,,,1,,,,,,1,,1,1,,,,,,,,,,,,
"3,665",2018 People Staying Counts,BLT4,Weekday2_Evening,Weekday,Evening,20180718,1724,1734,,Sun-Shaded,74,UD4H,18,1,5,,1,,1,,,,,,,,,,,1,,,,,,1,,,,,,1,,1,1,,,,,,,,,,,,
"3,666",2018 People Staying Counts,BLT4,Weekday2_Evening,Weekday,Evening,20180718,1724,1734,,Sun-Shaded,74,UD4H,19,1,5,,1,,1,,,,,,,,,,,1,,,,,,1,,,,,,1,,1,1,,,,,,,,,,,,
"3,667",2018 People Staying Counts,BLT4,Weekday2_Evening,Weekday,Evening,20180718,1724,1734,,Sun-Shaded,74,UD4H,20,1,5,,1,,1,,,,,,,,,,,1,,,,,,1,,,,,,1,,1,1,,,,,,,,,,,,
"3,668",2018 People Staying Counts,BLT4,Weekday2_Evening,Weekday,Evening,20180718,1724,1734,,Sun-Shaded,74,UD4H,21,1,2,,1,,1,,,,,,,,,,,,1,,,,,1,,,,,,1,,1,1,,,,,,,,,,,,
"3,669",2018 People Staying Counts,BLT4,Weekday2_Evening,Weekday,Evening,20180718,1724,1734,,Sun-Shaded,74,UD4H,22,1,2,,1,,1,,,,,,,,,,,1,,,,,,1,,,,,,1,,1,1,,,,,,,,,,,,
"3,670",2018 People Staying Counts,BLT4,Weekday2_Evening,Weekday,Evening,20180718,1724,1734,,Sun-Shaded,74,UD4H,23,1,2,,1,,1,,,,,,,,,,,,1,,,,,1,,,,,,1,,1,1,,,,,,,,,,,,
"3,671",2018 People Staying Counts,BLT4,Weekday2_Evening,Weekday,Evening,20180718,1724,1734,,Sun-Shaded,74,UD4H,24,1,2,,1,,1,,,,,,,,,,,,1,,,,,1,,,,,,1,,1,1,,,,,,,,,,,,
"3,672",2018 People Staying Counts,BLT4,Weekday2_Evening,Weekday,Evening,20180718,1724,1734,,Sun-Shaded,74,UD4H,25,1,2,1,,,1,,,,,,,,,,,1,,,,,,1,,,,,,1,,1,1,,,,,,,,,,,,
"3,673",2018 People Staying Counts,BLT4,Weekday2_Evening,Weekday,Evening,20180718,1724,1734,,Sun-Shaded,74,UD4H,26,1,2,1,,,1,,,,,,,,,,,1,,,,,,1,,,,,,1,,1,1,,,,,,,,,,,,
"3,674",2018 People Staying Counts,BLT4,Weekday2_Evening,Weekday,Evening,20180718,1724,1734,,Sun-Shaded,74,UD4H,27,1,1,1,,,1,,,,,,,,,,,1,,,1,,,,,,,,1,,,,,,,,,,,,,,,,
"3,675",2018 People Staying Counts,BLT4,Weekday2_Evening,Weekday,Evening,20180718,1724,1734,,Sun-Shaded,74,UD4H,28,1,1,,1,,1,,,,,,,,,,,1,,,1,,,,,,,,,,,,1,,,,,1,,,,,,,
"3,676",2018 People Staying Counts,BLT4,Weekday2_Evening,Weekday,Evening,20180718,1724,1734,,Sun-Shaded,74,UD4H,29,1,1,,1,,1,,,,,,,,,,,,1,,,1,,,,,,,,,,,,,1,,,,,1,,,,,
"3,677",2018 People Staying Counts,BLT4,Weekday2_Evening,Weekday,Evening,20180718,1724,1734,,Sun-Shaded,74,UD4H,30,1,2,1,,,1,,,,,,,,,,,1,,,1,,,,,,,,1,,,,,,,,,,,,,,,,
"3,678",2018 People Staying Counts,BLT4,Weekday2_Evening,Weekday,Evening,20180718,1724,1734,,Sun-Shaded,74,UD4H,31,1,2,1,,,1,,,,,,,,,,,1,,,1,,,,,,,,1,,,,,,,,,,,,,,1,,
"3,679",2018 People Staying Counts,CID2,Weekend_Midday,Weekend,Midday,20180714,1345,1355,event:cultural_communal,Sun-Exposed,78,UD4H,1,1,3,1,,,,,,1,,,,,,,1,,,,1,,,,,,,,,,,,1,,1,,,,,,,,,,
"3,680",2018 People Staying Counts,CID2,Weekend_Midday,Weekend,Midday,20180714,1345,1355,event:cultural_communal,Sun-Exposed,78,UD4H,2,1,3,,1,,,,,1,,,,,,,1,,,,1,,,,,,,,,,,,1,,1,,,,,,,,,,
"3,681",2018 People Staying Counts,CID2,Weekend_Midday,Weekend,Midday,20180714,1345,1355,event:cultural_communal,Sun-Exposed,78,UD4H,3,1,3,,1,,,,,1,,,,,,,1,,,,1,,,,,,,,,,,,1,,1,,,,,,,,,,
"3,682",2018 People Staying Counts,CID2,Weekend_Midday,Weekend,Midday,20180714,1345,1355,event:cultural_communal,Sun-Exposed,78,UD4H,4,1,1,,1,,,1,,,,,,,,,,1,,,,1,,,,,,,,,,1,,,,,1,,,,,,,,
"3,683",2018 People Staying Counts,CID2,Weekend_Midday,Weekend,Midday,20180714,1345,1355,event:cultural_communal,Sun-Exposed,78,UD4H,5,1,2,1,,,,,,1,,,,,,,,,,1,,,1,,,,,,,,,,1,,,,,,,,,,,,
"3,684",2018 People Staying Counts,CID2,Weekend_Midday,Weekend,Midday,20180714,1345,1355,event:cultural_communal,Sun-Exposed,78,UD4H,6,1,2,1,,,,,,1,,,,,,,,,,1,,,1,,,,,,,,,,1,,,,,,,,,,,,
"3,685",2018 People Staying Counts,CID2,Weekend_Midday,Weekend,Midday,20180714,1345,1355,event:cultural_communal,Sun-Exposed,78,UD4H,7,1,2,1,,,1,,,,,,,,,,,,1,,1,,,,,,,,,,,,1,,,,,,,,,,,,
"3,686",2018 People Staying Counts,CID2,Weekend_Midday,Weekend,Midday,20180714,1345,1355,event:cultural_communal,Sun-Exposed,78,UD4H,8,1,2,1,,,1,,,,,,,,,,,,1,,1,,,,,,,,,,,,1,,,,,,,,,,,,
"3,687",2018 People Staying Counts,CID2,Weekend_Midday,Weekend,Midday,20180714,1345,1355,event:cultural_communal,Sun-Exposed,78,UD4H,9,1,1,,1,,,,,1,,,,,,,,1,,,1,,,,,,,,,,,,,,1,,,,,,,,,,
"3,688",2018 People Staying Counts,CID2,Weekend_Midday,Weekend,Midday,20180714,1345,1355,event:cultural_communal,Sun-Exposed,78,UD4H,10,1,2,,1,,,,,1,,,,,,,1,,,,,,1,,,,,,,,,1,1,,,,,,,,,,,,
"3,689",2018 People Staying Counts,CID2,Weekend_Midday,Weekend,Midday,20180714,1345,1355,event:cultural_communal,Sun-Exposed,78,UD4H,11,1,2,1,,,1,,,,,,,,,,1,,,,,,1,,,,,,,,,1,1,,,,,,,,,,,,
"3,690",2018 People Staying Counts,CID2,Weekend_Evening,Weekend,Evening,20180714,1723,1733,event:cultural_communal,Sun-Shaded,78,UD4H,1,1,2,1,,,1,,,,,,,,,,,,1,,,,1,,,,,,,,,,1,,,,1,,,,,,,,
"3,691",2018 People Staying Counts,CID2,Weekend_Evening,Weekend,Evening,20180714,1723,1733,event:cultural_communal,Sun-Shaded,78,UD4H,2,1,2,,1,,1,,,,,,,,,,,,1,,,,1,,,,,,,,,,1,,,,1,,,,,,,,
"3,692",2018 People Staying Counts,CID2,Weekend_Evening,Weekend,Evening,20180714,1723,1733,event:cultural_communal,Sun-Shaded,78,UD4H,3,1,2,1,,,1,,,,,,,,,,,1,,,1,,,,,,,,,,,,1,,,,,,,,,,,,
"3,693",2018 People Staying Counts,CID2,Weekend_Evening,Weekend,Evening,20180714,1723,1733,event:cultural_communal,Sun-Shaded,78,UD4H,4,1,2,1,,,,1,,,,,,,,,,1,,,1,,,,,,,,,,,,1,,,,,,,,,,,,
"3,694",2018 People Staying Counts,CID2,Weekend_Evening,Weekend,Evening,20180714,1723,1733,event:cultural_communal,Sun-Shaded,78,UD4H,5,1,1,1,,,1,,,,,,,,,,,1,,,,,1,,,,,,,,,,,,,,1,,,,,,,,
"3,695",2018 People Staying Counts,CID2,Weekend_Evening,Weekend,Evening,20180714,1723,1733,event:cultural_communal,Sun-Shaded,78,UD4H,6,1,1,,1,,1,,,,,,,,,,,,1,,1,,,,,,,,,,,,,,,,1,,,,,,,,
"3,696",2018 People Staying Counts,CID2,Weekend_Evening,Weekend,Evening,20180714,1723,1733,event:cultural_communal,Sun-Shaded,78,UD4H,7,1,1,,1,,1,,,,,,,,,,,,1,,,,1,,,,,,,,,,,,,,1,,,1,,,,,
"3,697",2018 People Staying Counts,CID2,Weekend_Evening,Weekend,Evening,20180714,1723,1733,event:cultural_communal,Sun-Shaded,78,UD4H,8,1,1,,1,,1,,,,,,,,,,,1,,,1,,,,,,,,,,,,,,,,1,,,1,,,,,
"3,698",2018 People Staying Counts,CID2,Weekday1_Morning,Weekday,Morning,20180719,0840,0850,,Heavy Clouds,56,UD4H,1,1,1,1,,,1,,,,,,,,,,,1,,,1,,,,,,,,,,,,,,1,,,,,,,,,,
"3,699",2018 People Staying Counts,CID2,Weekday1_Morning,Weekday,Morning,20180719,0840,0850,,Heavy Clouds,56,UD4H,2,1,1,1,,,1,,,,,,,,,,,,1,,1,,,,,,,,,,,,,,1,,,,,,,,,,
"3,700",2018 People Staying Counts,CID2,Weekday1_Morning,Weekday,Morning,20180719,0840,0850,,Heavy Clouds,56,UD4H,3,1,1,1,,,1,,,,,,,,,,,,1,,,,1,,,,,,,,,,,,1,,,,,,,,,,
"3,701",2018 People Staying Counts,CID2,Weekday1_Morning,Weekday,Morning,20180719,0840,0850,,Heavy Clouds,56,UD4H,4,1,1,1,,,1,,,,,,,,,,,1,,,1,,,,,,,,,,,,,,,,1,,,,,,,,
"3,702",2018 People Staying Counts,CID2,Weekday1_Midday,Weekday,Midday,20180719,1222,1232,,Heavy Clouds,65,UD4H,1,1,2,1,,,1,,,,,,,,,,,1,,,,,1,,,,,,,,,1,1,,,,,,,,,,,,
"3,703",2018 People Staying Counts,CID2,Weekday1_Midday,Weekday,Midday,20180719,1222,1232,,Heavy Clouds,65,UD4H,2,1,2,1,,,1,,,,,,,,,,,1,,,1,,,,,,,,,,,,1,,,,,,,,,,,,
"3,704",2018 People Staying Counts,CID2,Weekday1_Midday,Weekday,Midday,20180719,1222,1232,,Heavy Clouds,65,UD4H,3,1,4,1,,,1,,,,,,,,,,,,1,,1,,,,,,,,,,,,1,,,,1,,,,,,,,
"3,705",2018 People Staying Counts,CID2,Weekday1_Midday,Weekday,Midday,20180719,1222,1232,,Heavy Clouds,65,UD4H,4,1,4,,1,,,,,1,,,,,,,,,1,,1,,,,,,,,,,,,1,,,,1,,,,,,,,
"3,706",2018 People Staying Counts,CID2,Weekday1_Midday,Weekday,Midday,20180719,1222,1232,,Heavy Clouds,65,UD4H,5,1,4,,1,,,,,1,,,,,,,,1,,,1,,,,,,,,,,,,1,,,,1,,,,,,,,
"3,707",2018 People Staying Counts,CID2,Weekday1_Midday,Weekday,Midday,20180719,1222,1232,,Heavy Clouds,65,UD4H,6,1,4,,1,,,,,1,,,,,,,,1,,,1,,,,,,,,,,,,1,,,,1,,,,,,,,
"3,708",2018 People Staying Counts,CID2,Weekday1_Midday,Weekday,Midday,20180719,1222,1232,,Heavy Clouds,65,UD4H,7,1,3,,1,,,,,1,,,,,,,,1,,,1,,,,,,,,,,,,1,,,,1,,,,,,,,
"3,709",2018 People Staying Counts,CID2,Weekday1_Midday,Weekday,Midday,20180719,1222,1232,,Heavy Clouds,65,UD4H,8,1,3,1,,,,,,1,,,,,1,,,,,,1,,,,,,,,,,,,1,,,,1,,,,,,,,
"3,710",2018 People Staying Counts,CID2,Weekday1_Midday,Weekday,Midday,20180719,1222,1232,,Heavy Clouds,65,UD4H,9,1,3,,1,,,,,1,,,,,1,,,,,,,,,,1,,,,,,,,,,,,1,,,,,,,,
"3,711",2018 People Staying Counts,CID2,Weekday1_Midday,Weekday,Midday,20180719,1222,1232,,Heavy Clouds,65,UD4H,10,1,1,1,,,1,,,,,,,,,,,,1,,1,,,,,,,,,,,,1,,1,,,,,,,,,,
"3,712",2018 People Staying Counts,CID2,Weekday1_Midday,Weekday,Midday,20180719,1222,1232,,Heavy Clouds,65,UD4H,11,1,1,1,,,,1,,,,,,,,,,1,,,,,,,1,,,1,,,,,1,,,,1,,,,,,,,
"3,713",2018 People Staying Counts,CID2,Weekday1_Midday,Weekday,Midday,20180719,1222,1232,,Heavy Clouds,65,UD4H,12,1,3,,1,,,,,1,,,,,,,,,,1,1,,,,,,,,,,,,1,,,,,,,,,,,,
"3,714",2018 People Staying Counts,CID2,Weekday1_Midday,Weekday,Midday,20180719,1222,1232,,Heavy Clouds,65,UD4H,13,1,3,,1,,,,,1,,,,,,,,,,1,1,,,,,,,,,,,,1,,,,,,,,,,,,
"3,715",2018 People Staying Counts,CID2,Weekday1_Midday,Weekday,Midday,20180719,1222,1232,,Heavy Clouds,65,UD4H,14,1,3,,1,,,,,1,,,,,,,,,,1,1,,,,,,,,,,,,1,,,,,,,,,,,,
"3,716",2018 People Staying Counts,CID2,Weekday1_Midday,Weekday,Midday,20180719,1222,1232,,Heavy Clouds,65,UD4H,15,1,2,1,,,,,,1,,,,,,,,,1,,1,,,,,,,,,,,,1,,,,1,,,1,,,,,
"3,717",2018 People Staying Counts,CID2,Weekday1_Midday,Weekday,Midday,20180719,1222,1232,,Heavy Clouds,65,UD4H,16,1,2,1,,,,,,1,,,,,,,,,1,,1,,,,,,,,,,,,1,,,,1,,,1,,,,,
"3,718",2018 People Staying Counts,CID2,Weekday1_Evening,Weekday,Evening,20180719,1629,1639,,Heavy Clouds,70,UD4H,1,1,1,1,,,,,,1,,,,,,,,,1,,,,1,,,,,,,,,1,,,1,,1,,,,,,,,
"3,719",2018 People Staying Counts,CID2,Weekday1_Evening,Weekday,Evening,20180719,1629,1639,,Heavy Clouds,70,UD4H,2,1,1,,1,,1,,,,,,,,,,,,1,,,,1,,,,,,,,,1,,,1,,1,,,,,,,,
"3,720",2018 People Staying Counts,CID2,Weekday1_Evening,Weekday,Evening,20180719,1629,1639,,Heavy Clouds,70,UD4H,3,1,1,1,,,,,,1,,,,,,,,,1,,,1,,,,,,,,,,,,,,,1,,,,,,,,
"3,721",2018 People Staying Counts,CID2,Weekday1_Evening,Weekday,Evening,20180719,1629,1639,,Heavy Clouds,70,UD4H,4,1,2,1,,,,,,1,,,,,,,,1,,,,,1,,,,,,,,,,1,,,,,,,,,,,,
"3,722",2018 People Staying Counts,CID2,Weekday1_Evening,Weekday,Evening,20180719,1629,1639,,Heavy Clouds,70,UD4H,5,1,2,1,,,1,,,,,,,,,,,1,,,,,1,,,,,,,,,,1,,,,,,,,,,,,
"3,723",2018 People Staying Counts,CID2,Weekday1_Evening,Weekday,Evening,20180719,1629,1639,,Heavy Clouds,70,UD4H,6,1,1,,1,,1,,,,,,,,,,,,1,,,,1,,,,,,,,,,,,,,1,,,1,,,,,
"3,724",2018 People Staying Counts,CID2,Weekday1_Evening,Weekday,Evening,20180719,1629,1639,,Heavy Clouds,70,UD4H,7,1,1,1,,,1,,,,,,,,,1,,,,,,,1,,,,,,,,,1,,,1,,1,,,,,,,,
"3,725",2018 People Staying Counts,CID2,Weekday1_Evening,Weekday,Evening,20180719,1629,1639,,Heavy Clouds,70,UD4H,8,1,1,1,,,1,,,,,,,,,,,1,,,,,,,,1,,,,,,,,,,,1,,,1,,,,,
"3,726",2018 People Staying Counts,CID2,Weekday2_Morning,Weekday,Morning,20180720,0843,0853,,Heavy Clouds,57,UD4H,1,1,1,1,,,,,,1,,,,,,,,1,,,1,,,,,,,,,,,,,,,,1,,,,,,,,
"3,727",2018 People Staying Counts,CID2,Weekday2_Morning,Weekday,Morning,20180720,0843,0853,,Heavy Clouds,57,UD4H,2,1,1,1,,,,,,1,,,,,,,,,1,,1,,,,,,,,,,,,,,1,,1,,,,,,,,
"3,728",2018 People Staying Counts,CID2,Weekday2_Midday,Weekday,Midday,20180720,1235,1245,,Sun-Shaded,66,UD4H,1,1,2,1,,,1,,,,,,,,,,,,1,,1,,,,,,,,,,,,,,1,,1,,,,,,,,
"3,729",2018 People Staying Counts,CID2,Weekday2_Midday,Weekday,Midday,20180720,1235,1245,,Sun-Shaded,66,UD4H,2,1,2,,1,,,,,1,,,,,,,,,1,,1,,,,,,,,,,,,,,,,1,,,,,,,,
"3,730",2018 People Staying Counts,CID2,Weekday2_Midday,Weekday,Midday,20180720,1235,1245,,Sun-Shaded,66,UD4H,3,1,2,1,,,,,,1,,,,,,,,,,1,1,,,,,,,,,,,,1,,,,,,,,,,,,
"3,731",2018 People Staying Counts,CID2,Weekday2_Midday,Weekday,Midday,20180720,1235,1245,,Sun-Shaded,66,UD4H,4,1,2,,1,,,,,1,,,,,,,,,,1,1,,,,,,,,,,,,1,,,,,,,,,,,,
"3,732",2018 People Staying Counts,CID2,Weekday2_Midday,Weekday,Midday,20180720,1235,1245,,Sun-Shaded,66,UD4H,5,1,1,,1,,,,,1,,,,,,,,,,1,1,,,,,,,,,,,,1,,,,,,,,,,,,
"3,733",2018 People Staying Counts,CID2,Weekday2_Evening,Weekday,Evening,20180720,1634,1644,,Sun-Exposed,73,UD4H,1,1,1,1,,,,,,,,1,,,,,,1,,,,,1,,,,,,,,,1,1,,1,,1,,,,,,,,
"3,734",2018 People Staying Counts,CID2,Weekday2_Evening,Weekday,Evening,20180720,1634,1644,,Sun-Exposed,73,UD4H,2,1,1,1,,,1,,,,,,,,,,,1,,,,,1,,,,,,,,,,,,1,,1,,,1,,,,,
"3,735",2018 People Staying Counts,CID2,Weekday2_Evening,Weekday,Evening,20180720,1634,1644,,Sun-Exposed,73,UD4H,3,1,1,,1,,1,,,,,,,,,,,,1,,,,1,,,,,,,,,,,,,,1,,,,,,,,
"3,736",2018 People Staying Counts,CID2,Weekday2_Evening,Weekday,Evening,20180720,1634,1644,,Sun-Exposed,73,UD4H,4,1,1,1,,,,,,1,,,,,,,,1,,,,1,,,,,,,,,,,,,,,1,,,1,,,,,
"3,737",2018 People Staying Counts,CID2,Weekday2_Evening,Weekday,Evening,20180720,1634,1644,,Sun-Exposed,73,UD4H,5,1,2,,1,,1,,,,,,,,,,,,1,,1,,,,,,,,,,,,1,,,,1,,,,,,,,
"3,738",2018 People Staying Counts,CID2,Weekday2_Evening,Weekday,Evening,20180720,1634,1644,,Sun-Exposed,73,UD4H,6,1,2,1,,,1,,,,,,,,,,,,1,,1,,,,,,,,,,,,1,,1,,1,,,,,,,,
"3,739",2018 People Staying Counts,CID2,Weekday2_Evening,Weekday,Evening,20180720,1634,1644,,Sun-Exposed,73,UD4H,7,1,1,1,,,,,,1,,,,,,,,,1,,1,,,,,,,,,,,,,,,,1,,,1,,,,,
"3,740",2018 People Staying Counts,CID2,Weekday2_Evening,Weekday,Evening,20180720,1634,1644,,Sun-Exposed,73,UD4H,8,1,1,1,,,,,,1,,,,,,,,1,,,,,1,,,,,,,,,1,1,,,,,,,,,,,,
"3,741",2018 People Staying Counts,WAL4,Weekday1_Morning,Weekday,Morning,20180822,0951,1001,,Light Clouds,72,UD4H,1,0,,,,,,,,,,,,,,,,,,,,,,,,,,,,,,,,,,,,,,,,,,,
"3,742",2018 People Staying Counts,WAL4,Weekday1_Midday,Weekday,Midday,20180821,1338,1348,,Sun-Exposed,81,UD4H,1,1,3,,1,,1,,,,,,,,,,,1,,,1,,,,,,,,,,,,1,,,,,,,,,,,,
"3,743",2018 People Staying Counts,WAL4,Weekday1_Midday,Weekday,Midday,20180821,1338,1348,,Sun-Exposed,81,UD4H,2,1,3,,1,,1,,,,,,,,,,,1,,,1,,,,,,,,,,,,1,,,,,,,,,,,,
"3,744",2018 People Staying Counts,WAL4,Weekday1_Midday,Weekday,Midday,20180821,1338,1348,,Sun-Exposed,81,UD4H,3,1,3,,1,,1,,,,,,,,,,,1,,,1,,,,,,,,,,,,1,,,,,,,,,,,,
"3,745",2018 People Staying Counts,WAL4,Weekday1_Midday,Weekday,Midday,20180821,1338,1348,,Sun-Exposed,81,UD4H,4,1,3,1,,,1,,,,,,,,,,,,1,,,1,,,,,,,,,,1,1,,,,,,,,,,,,
"3,746",2018 People Staying Counts,WAL4,Weekday1_Midday,Weekday,Midday,20180821,1338,1348,,Sun-Exposed,81,UD4H,5,1,3,1,,,,,,,,1,,,,,,1,,,,1,,,,,,,,,,1,1,,,,,,,,,,,,
"3,747",2018 People Staying Counts,WAL4,Weekday1_Midday,Weekday,Midday,20180821,1338,1348,,Sun-Exposed,81,UD4H,6,1,3,,1,,1,,,,,,,,,,,,1,,,,1,,,,,,,,,1,1,,,,,,,,,,,,
"3,748",2018 People Staying Counts,WAL4,Weekday1_Midday,Weekday,Midday,20180821,1338,1348,,Sun-Exposed,81,UD4H,7,1,1,1,,,1,,,,,,,,,,,,1,,,,,,,1,,,,,,,,,1,1,,,,,,,,,
"3,749",2018 People Staying Counts,WAL4,Weekday1_Midday,Weekday,Midday,20180821,1338,1348,,Sun-Exposed,81,UD4H,8,1,4,1,,,1,,,,,,,,,,,1,,,1,,,,,,,,,,,1,,,,,,,,,,,,,
"3,750",2018 People Staying Counts,WAL4,Weekday1_Midday,Weekday,Midday,20180821,1338,1348,,Sun-Exposed,81,UD4H,9,1,4,1,,,1,,,,,,,,,,1,,,,1,,,,,,,,,,,1,1,,,,,,,,,,,,
"3,751",2018 People Staying Counts,WAL4,Weekday1_Midday,Weekday,Midday,20180821,1338,1348,,Sun-Exposed,81,UD4H,10,1,4,,1,,1,,,,,,,,,1,,,,,1,,,,,,,,,,,1,1,,,,,,,,,,,,
"3,752",2018 People Staying Counts,WAL4,Weekday1_Midday,Weekday,Midday,20180821,1338,1348,,Sun-Exposed,81,UD4H,11,1,4,1,,,1,,,,,,,,,,,,1,,1,,,,,,,,,,,1,1,,,,,,,,,,,,
"3,753",2018 People Staying Counts,WAL4,Weekday1_Midday,Weekday,Midday,20180821,1338,1348,,Sun-Exposed,81,UD4H,12,1,2,,,1,1,,,,,,,,1,,,,,,,,1,,,,,,,,,,1,,,,,,,,,,,,
"3,754",2018 People Staying Counts,WAL4,Weekday1_Midday,Weekday,Midday,20180821,1338,1348,,Sun-Exposed,81,UD4H,13,1,2,1,,,,,,,,,,1,,,,1,,,,,1,,,,,,,,,,1,,,,,,,,,,,,
"3,755",2018 People Staying Counts,WAL4,Weekday1_Midday,Weekday,Midday,20180821,1338,1348,,Sun-Exposed,81,UD4H,14,1,1,1,,,1,,,,,,,,,,,,1,,1,,,,,,,,,,,,,,,,1,,,,,,,,
"3,756",2018 People Staying Counts,WAL4,Weekday1_Evening,Weekday,Evening,20180821,1741,1751,,Light Clouds,86,UD4H,1,1,1,1,,,1,,,,,,,,,,,1,,,,,1,,,,,,,,,,,,1,,,,,,,,,,
"3,757",2018 People Staying Counts,WAL4,Weekday1_Evening,Weekday,Evening,20180821,1741,1751,,Light Clouds,86,UD4H,2,1,1,1,,,,,,1,,,,,,,,1,,,1,,,,,,,,,,,,,,,1,,,,,,,,,
"3,758",2018 People Staying Counts,WAL4,Weekday2_Morning,Weekday,Morning,20180823,1008,1018,,Heavy Clouds,59,UD4H,1,1,2,1,,,1,,,,,,,,,,,1,,,1,,,,,,,,,,1,,1,,,,,,,,,,,,
"3,759",2018 People Staying Counts,WAL4,Weekday2_Morning,Weekday,Morning,20180823,1008,1018,,Heavy Clouds,59,UD4H,2,1,2,1,,,1,,,,,,,,,,,1,,,1,,,,,,,,,,1,,1,,,,,,,,,,,,
"3,760",2018 People Staying Counts,WAL4,Weekday2_Midday,Weekday,Midday,20180823,1405,1415,,Light Clouds,68,UD4H,1,1,2,1,,,,,,,,1,,,,,,1,,,1,,,,,,,,1,,,,1,,,,,,,,,,,,
"3,761",2018 People Staying Counts,WAL4,Weekday2_Midday,Weekday,Midday,20180823,1405,1415,,Light Clouds,68,UD4H,2,1,2,1,,,,,,,,1,,,,,,1,,,1,,,,,,,,1,,,,1,,,,,,,,,,,,
"3,762",2018 People Staying Counts,WAL4,Weekday2_Midday,Weekday,Midday,20180823,1405,1415,,Light Clouds,68,UD4H,3,1,1,1,,,,,,1,,,,,,,,1,,,1,,,,,,,,1,,,,,,,,,,,,,,,,
"3,763",2018 People Staying Counts,WAL4,Weekday2_Midday,Weekday,Midday,20180823,1405,1415,,Light Clouds,68,UD4H,4,1,2,1,,,1,,,,,,,,1,,,,,,,,1,,,,,,,,,,1,,,,,,,,,,,,
"3,764",2018 People Staying Counts,WAL4,Weekday2_Midday,Weekday,Midday,20180823,1405,1415,,Light Clouds,68,UD4H,5,1,2,,1,,1,,,,,,,,,,,1,,,1,,,,,,,,,,,,1,,1,,,,,,,,,,
"3,765",2018 People Staying Counts,WAL4,Weekday2_Evening,Weekday,Evening,20180823,1740,1750,,Sun-Shaded,71,UD4H,1,1,2,,1,,,,,1,,,,,1,,,,,,,,1,,,,,,,,,,1,,,,,,,,,,,,
"3,766",2018 People Staying Counts,WAL4,Weekday2_Evening,Weekday,Evening,20180823,1740,1750,,Sun-Shaded,71,UD4H,2,1,2,,1,,,,,,,,,1,,,,,1,,1,,,,,,,,,,,,1,,,,,,,,,,,,
"3,767",2018 People Staying Counts,WAL4,Weekday2_Evening,Weekday,Evening,20180823,1740,1750,,Sun-Shaded,71,UD4H,3,1,3,,1,,1,,,,,,,,,,1,,,,1,,,,,,,,,,,,1,,,,,,,,,,,,
"3,768",2018 People Staying Counts,WAL4,Weekday2_Evening,Weekday,Evening,20180823,1740,1750,,Sun-Shaded,71,UD4H,4,1,3,1,,,,1,,,,,,,,,1,,,,1,,,,,,,,,,,,1,,,,,,,,,,,,
"3,769",2018 People Staying Counts,WAL4,Weekday2_Evening,Weekday,Evening,20180823,1740,1750,,Sun-Shaded,71,UD4H,5,1,3,1,,,,,,1,,,,,,,1,,,,1,,,,,,,,,,,,1,,,,,,,,,,,,
"3,770",2018 People Staying Counts,WAL4,Weekday2_Evening,Weekday,Evening,20180823,1740,1750,,Sun-Shaded,71,UD4H,6,1,2,,1,,,,,1,,,,,,,,1,,,1,,,,,,,,,,1,,1,,,,,,,,,,,,
"3,771",2018 People Staying Counts,WAL4,Weekday2_Evening,Weekday,Evening,20180823,1740,1750,,Sun-Shaded,71,UD4H,7,1,2,1,,,,,,1,,,,,,,1,,,,1,,,,,,,,,,1,,1,,1,,,,,,,,,,
"3,772",2018 People Staying Counts,WAL4,Weekday2_Evening,Weekday,Evening,20180823,1740,1750,,Sun-Shaded,71,UD4H,8,1,1,,1,,,,,1,,,,,,,,,1,,1,,,,,,,,,,,,,,1,,,,,,,,,,
"3,773",2018 People Staying Counts,WAL4,Weekday2_Evening,Weekday,Evening,20180823,1740,1750,,Sun-Shaded,71,UD4H,9,1,1,1,,,1,,,,,,,,,,,,,1,1,,,,,,,,,,,,,,1,1,,,,,,,,,
"3,774",2018 People Staying Counts,WAL4,Weekend_Midday,Weekend,Midday,20180825,1348,1358,,Heavy Clouds,62,UD4H,1,1,2,,1,,,,,1,,,,,,,1,,,,,,1,,,,,,,,,1,1,,1,,,,,,,,,,
"3,775",2018 People Staying Counts,WAL4,Weekend_Midday,Weekend,Midday,20180825,1348,1358,,Heavy Clouds,62,UD4H,2,1,2,,1,,,,,1,,,,,,,1,,,,,,1,,,,,,,,,1,1,,1,,,,,,,,,,
"3,776",2018 People Staying Counts,WAL4,Weekend_Midday,Weekend,Midday,20180825,1348,1358,,Heavy Clouds,62,UD4H,3,1,2,,1,,,,,1,,,,,,,,1,,,1,,,,,,,,,,1,,1,,,,,,,,,,,,
"3,777",2018 People Staying Counts,WAL4,Weekend_Midday,Weekend,Midday,20180825,1348,1358,,Heavy Clouds,62,UD4H,4,1,2,1,,,,,,1,,,,,,,,1,,,1,,,,,,,,,,1,,1,,,,,,,,,,,,
"3,778",2018 People Staying Counts,WAL4,Weekend_Midday,Weekend,Midday,20180825,1348,1358,,Heavy Clouds,62,UD4H,5,1,1,,1,,1,,,,,,,,,,,1,,,1,,,,,,,,,,,1,,,1,,,,,,,,,,
"3,779",2018 People Staying Counts,WAL4,Weekend_Evening,Weekend,Evening,20180825,1740,1750,,Heavy Clouds,62,UD4H,1,1,1,1,,,,,,,,,,1,,,,,1,,1,,,,,,,,,,,1,,,,,1,,,,,,,,
"3,780",2018 People Staying Counts,WAL4,Weekend_Evening,Weekend,Evening,20180825,1740,1750,,Heavy Clouds,62,UD4H,2,1,1,1,,,1,,,,,,,,,,,1,,,,1,,,,,,,,,,,,,1,,,,,,,,,,
"3,781",2018 People Staying Counts,WAL4,Weekend_Evening,Weekend,Evening,20180825,1740,1750,,Heavy Clouds,62,UD4H,3,1,5,,1,,1,,,,,,,,,,,1,,,1,,,,,,,,,,,1,1,,,,,,,,,,,,
"3,782",2018 People Staying Counts,WAL4,Weekend_Evening,Weekend,Evening,20180825,1740,1750,,Heavy Clouds,62,UD4H,4,1,5,,1,,1,,,,,,,,,1,,,,,,,1,,,,,,,,,1,1,,,,,,,,,,,,
"3,783",2018 People Staying Counts,WAL4,Weekend_Evening,Weekend,Evening,20180825,1740,1750,,Heavy Clouds,62,UD4H,5,1,5,,1,,1,,,,,,,,,1,,,,,,,1,,,,,,,,,1,1,,,,,,,,,,,,
"3,784",2018 People Staying Counts,WAL4,Weekend_Evening,Weekend,Evening,20180825,1740,1750,,Heavy Clouds,62,UD4H,6,1,5,1,,,1,,,,,,,,,,,,1,,,1,,,,,,,,,,1,1,,,,,,,,,,,,
"3,785",2018 People Staying Counts,WAL4,Weekend_Evening,Weekend,Evening,20180825,1740,1750,,Heavy Clouds,62,UD4H,7,1,5,1,,,1,,,,,,,,,,,,1,,1,,,,,,,,,,,1,1,,,,,,,,,,,,
"3,786",2018 People Staying Counts,DEN2,Weekend_Midday,Weekend,Midday,20180721,1354,1404,,Sun-Exposed,71,UD4H,1,1,1,1,,,,,,,,1,,,,,,1,,,1,,,,,,,,,,,,,,1,,,,,1,,,,,
"3,787",2018 People Staying Counts,DEN2,Weekend_Midday,Weekend,Midday,20180721,1354,1404,,Sun-Exposed,71,UD4H,2,1,1,1,,,1,,,,,,,,,,,,1,,,,1,,,,,,,,,,,,1,,,,,,,,,,
"3,788",2018 People Staying Counts,DEN2,Weekend_Midday,Weekend,Midday,20180721,1354,1404,,Sun-Exposed,71,UD4H,3,1,2,1,,,1,,,,,,,,,,,,1,,,,1,,,,,,,,,1,1,,,,,,,,,,,,
"3,789",2018 People Staying Counts,DEN2,Weekend_Midday,Weekend,Midday,20180721,1354,1404,,Sun-Exposed,71,UD4H,4,1,2,,1,,,,,1,,,,,,,,,1,,,,1,,,,,,,,,1,1,,,,,,,,,,,,
"3,790",2018 People Staying Counts,DEN2,Weekend_Midday,Weekend,Midday,20180721,1354,1404,,Sun-Exposed,71,UD4H,5,1,1,,1,,,,,,,,,1,,,,1,,,,,1,,,,,,,,,,,,1,,,,,,,,,,
"3,791",2018 People Staying Counts,DEN2,Weekend_Midday,Weekend,Midday,20180721,1354,1404,,Sun-Exposed,71,UD4H,6,1,1,1,,,,,,1,,,,,,,1,,,,,,1,,,,,,,,,,,,1,,,,,1,,,,,
"3,792",2018 People Staying Counts,DEN2,Weekend_Midday,Weekend,Midday,20180721,1354,1404,,Sun-Exposed,71,UD4H,7,1,1,1,,,,,,1,,,,,,,,1,,,,,1,,,,,,,,,1,,,1,,,,,,,,,,
"3,793",2018 People Staying Counts,DEN2,Weekend_Evening,Weekend,Evening,20180721,1738,1748,,Sun-Shaded,73,UD4H,1,1,1,1,,,1,,,,,,,,,,,,1,,,,1,,,,,,,,,,,1,1,,,,,,,,,,
"3,794",2018 People Staying Counts,DEN2,Weekend_Evening,Weekend,Evening,20180721,1738,1748,,Sun-Shaded,73,UD4H,2,1,1,,1,,,1,,,,,,,,,,1,,,1,,,,,,,,,,,,1,,1,,,,,,,,,,
"3,795",2018 People Staying Counts,DEN2,Weekend_Evening,Weekend,Evening,20180721,1738,1748,,Sun-Shaded,73,UD4H,3,1,1,1,,,1,,,,,,,,,,,1,,,,,1,,,,,,,,,,,,1,,,,,,,,,,
"3,796",2018 People Staying Counts,DEN2,Weekday1_Morning,Weekday,Morning,20180723,0954,1004,,Sun-Shaded,70,UD4H,1,1,3,1,,,,,,1,,,,,,,,1,,,1,,,,,,,,,,,,1,,,,,,,1,,,,,
"3,797",2018 People Staying Counts,DEN2,Weekday1_Morning,Weekday,Morning,20180723,0954,1004,,Sun-Shaded,70,UD4H,2,1,3,1,,,,,,1,,,,,,,,1,,,1,,,,,,,,,,,,1,,,,,,,1,,,,,
"3,798",2018 People Staying Counts,DEN2,Weekday1_Morning,Weekday,Morning,20180723,0954,1004,,Sun-Shaded,70,UD4H,3,1,3,1,,,,,,1,,,,,,,,1,,,1,,,,,,,,,,,,1,,,,,,,1,,,,,
"3,799",2018 People Staying Counts,DEN2,Weekday1_Morning,Weekday,Morning,20180723,0954,1004,,Sun-Shaded,70,UD4H,4,1,1,1,,,1,,,,,,,,,,,1,,,,,1,,,,,,1,,,,,,1,,,,,,,,,,
"3,800",2018 People Staying Counts,DEN2,Weekday1_Morning,Weekday,Morning,20180723,0954,1004,,Sun-Shaded,70,UD4H,5,1,1,1,,,,,,1,,,,,,,,1,,,,,1,,,,,,,,,,,,1,,,,,,,,,,
"3,801",2018 People Staying Counts,DEN2,Weekday1_Morning,Weekday,Morning,20180723,0954,1004,,Sun-Shaded,70,UD4H,6,1,1,1,,,1,,,,,,,,,,,1,,,1,,,,,,,,,,,1,,,,,,,,,,,,,
"3,802",2018 People Staying Counts,DEN2,Weekday1_Morning,Weekday,Morning,20180723,0954,1004,,Sun-Shaded,70,UD4H,7,1,1,1,,,,1,,,,,,,,,,,1,,,,1,,,,,,,,,,,,,,1,,,,,,,,
"3,803",2018 People Staying Counts,DEN2,Weekday1_Morning,Weekday,Morning,20180723,0954,1004,,Sun-Shaded,70,UD4H,8,1,1,1,,,1,,,,,,,,,,,1,,,1,,,,,,,,,,,,,,1,,,,,,,,,,
"3,804",2018 People Staying Counts,DEN2,Weekday1_Morning,Weekday,Morning,20180723,0954,1004,,Sun-Shaded,70,UD4H,9,1,1,1,,,1,,,,,,,,,,,1,,,,,1,,,,,,,,,,,,1,,,,,,,,,,
"3,805",2018 People Staying Counts,DEN2,Weekday1_Morning,Weekday,Morning,20180723,0954,1004,,Sun-Shaded,70,UD4H,10,1,1,1,,,,,,,,1,,,,,,1,,,1,,,,,,,,,,,,,,,,,,,1,,,,,
"3,806",2018 People Staying Counts,DEN2,Weekday1_Morning,Weekday,Morning,20180723,0954,1004,,Sun-Shaded,70,UD4H,11,1,2,1,,,1,,,,,,,,,,,1,,,,,1,,,,,,,,,,1,,1,,,,,,,,,,
"3,807",2018 People Staying Counts,DEN2,Weekday1_Morning,Weekday,Morning,20180723,0954,1004,,Sun-Shaded,70,UD4H,12,1,2,1,,,1,,,,,,,,,,,1,,,,,1,,,,,,,,,1,,,,,,,,1,,,,,
"3,808",2018 People Staying Counts,DEN2,Weekday1_Morning,Weekday,Morning,20180723,0954,1004,,Sun-Shaded,70,UD4H,13,1,1,1,,,,,,1,,,,,,,,1,,,1,,,,,,,,,,,,,,1,,,,,1,,,,,
"3,809",2018 People Staying Counts,DEN2,Weekday1_Morning,Weekday,Morning,20180723,0954,1004,,Sun-Shaded,70,UD4H,14,1,1,1,,,,,,1,,,,,,,,1,,,1,,,,,,,,,,,,,,,,,,,1,,,,,
"3,810",2018 People Staying Counts,DEN2,Weekday1_Midday,Weekday,Midday,20180723,1332,1342,,Sun-Shaded,79,UD4H,1,1,1,1,,,1,,,,,,,,,,,1,,,,,1,,,,,,,,,,,,1,,,,,1,,,,,
"3,811",2018 People Staying Counts,DEN2,Weekday1_Midday,Weekday,Midday,20180723,1332,1342,,Sun-Shaded,79,UD4H,2,1,1,1,,,1,,,,,,,,,,,,1,,,1,,,,,,,,,,,,,1,,,,,,,,,,
"3,812",2018 People Staying Counts,DEN2,Weekday1_Midday,Weekday,Midday,20180723,1332,1342,,Sun-Shaded,79,UD4H,3,1,1,1,,,1,,,,,,,,,,,1,,,,,1,,,,,,,,,,,,1,,,,,1,,,,,
"3,813",2018 People Staying Counts,DEN2,Weekday1_Midday,Weekday,Midday,20180723,1332,1342,,Sun-Shaded,79,UD4H,4,1,2,1,,,1,,,,,,,,,,,1,,,1,,,,,,,,,,,,1,,,,,,,1,,,,,
"3,814",2018 People Staying Counts,DEN2,Weekday1_Midday,Weekday,Midday,20180723,1332,1342,,Sun-Shaded,79,UD4H,5,1,2,1,,,1,,,,,,,,,,,1,,,1,,,,,,,,,,1,,1,,,,,,,,,,,,
"3,815",2018 People Staying Counts,DEN2,Weekday1_Midday,Weekday,Midday,20180723,1332,1342,,Sun-Shaded,79,UD4H,6,1,1,1,,,,1,,,,,,,,,,,1,,,,1,,,,,,,,,,,,1,,,,,1,,,,,
"3,816",2018 People Staying Counts,DEN2,Weekday1_Midday,Weekday,Midday,20180723,1332,1342,,Sun-Shaded,79,UD4H,7,1,1,1,,,1,,,,,,,,,,,,,1,,,1,,,,,,,,,,,,1,,,,,,,,,,
"3,817",2018 People Staying Counts,DEN2,Weekday1_Midday,Weekday,Midday,20180723,1332,1342,,Sun-Shaded,79,UD4H,8,1,1,1,,,,,,1,,,,,,,,1,,,1,,,,,,,,,,,,,,1,,,,,1,,,,,
"3,818",2018 People Staying Counts,DEN2,Weekday1_Midday,Weekday,Midday,20180723,1332,1342,,Sun-Shaded,79,UD4H,9,1,2,,1,,,1,,,,,,,,,,1,,,,,1,,,,,,,,,,1,,,,,,,1,,,,,
"3,819",2018 People Staying Counts,DEN2,Weekday1_Midday,Weekday,Midday,20180723,1332,1342,,Sun-Shaded,79,UD4H,10,1,2,1,,,1,,,,,,,,,,,1,,,,,1,,,,,,,,,,1,,1,,,,,1,,,,,
"3,820",2018 People Staying Counts,DEN2,Weekday1_Midday,Weekday,Midday,20180723,1332,1342,,Sun-Shaded,79,UD4H,11,1,1,1,,,,1,,,,,,,,,,1,,,,1,,,,,,,,,,,,,1,,,,,,,,,,
"3,821",2018 People Staying Counts,DEN2,Weekday1_Midday,Weekday,Midday,20180723,1332,1342,,Sun-Shaded,79,UD4H,12,1,2,1,,,,,,1,,,,,,,,1,,,,,1,,,,,,,,,,,,1,,,,,1,,,,,
"3,822",2018 People Staying Counts,DEN2,Weekday1_Midday,Weekday,Midday,20180723,1332,1342,,Sun-Shaded,79,UD4H,13,1,2,1,,,,,,1,,,,,,,,1,,,,,1,,,,,,,,,,,,1,,,,,1,,,,,
"3,823",2018 People Staying Counts,DEN2,Weekday1_Midday,Weekday,Midday,20180723,1332,1342,,Sun-Shaded,79,UD4H,14,1,1,1,,,1,,,,,,,,,,,1,,,1,,,,,,,,,,,,,,,,,,,1,,,,,
"3,824",2018 People Staying Counts,DEN2,Weekday1_Midday,Weekday,Midday,20180723,1332,1342,,Sun-Shaded,79,UD4H,15,1,1,1,,,1,,,,,,,,,,,,1,,1,,,,,,,,,,,,,,1,,,,,1,,,,,
"3,825",2018 People Staying Counts,DEN2,Weekday1_Midday,Weekday,Midday,20180723,1332,1342,,Sun-Shaded,79,UD4H,16,1,1,1,,,,,,1,,,,,,,1,,,,1,,,,,,,,,,,,,,1,,,,,,,,,,
"3,826",2018 People Staying Counts,DEN2,Weekday1_Midday,Weekday,Midday,20180723,1332,1342,,Sun-Shaded,79,UD4H,17,1,1,1,,,1,,,,,,,,,,,1,,,1,,,,,,,,,,,1,,,,,,,,1,,,,,
"3,827",2018 People Staying Counts,DEN2,Weekday1_Midday,Weekday,Midday,20180723,1332,1342,,Sun-Shaded,79,UD4H,18,1,1,1,,,,,,,,1,,,,,,1,,,1,,,,,,,,,,,,,,,,,,,1,,,,,
"3,828",2018 People Staying Counts,DEN2,Weekday1_Midday,Weekday,Midday,20180723,1332,1342,,Sun-Shaded,79,UD4H,19,1,1,1,,,1,,,,,,,,,,,,1,,,,1,,,,,,,,,,,,1,,,,,1,,,,,
"3,829",2018 People Staying Counts,DEN2,Weekday1_Midday,Weekday,Midday,20180723,1332,1342,,Sun-Shaded,79,UD4H,20,1,1,1,,,,,,1,,,,,,,,1,,,1,,,,,,,,,,,,,,1,,,,,1,,,,,
"3,830",2018 People Staying Counts,DEN2,Weekday1_Evening,Weekday,Evening,20180723,1626,1636,,Sun-Shaded,85,UD4H,1,1,1,1,,,1,,,,,,,,,,,1,,,1,,,,,,,,,,,,,,1,,,,,1,,,,,
"3,831",2018 People Staying Counts,DEN2,Weekday1_Evening,Weekday,Evening,20180723,1626,1636,,Sun-Shaded,85,UD4H,2,1,1,1,,,1,,,,,,,,,,,1,,,1,,,,,,,,,,,,,,,,,,,1,,,,,
"3,832",2018 People Staying Counts,DEN2,Weekday1_Evening,Weekday,Evening,20180723,1626,1636,,Sun-Shaded,85,UD4H,3,1,1,1,,,1,,,,,,,,,,,1,,,1,,,,,,,,,,1,,,,1,,,,,1,,,,,
"3,833",2018 People Staying Counts,DEN2,Weekday1_Evening,Weekday,Evening,20180723,1626,1636,,Sun-Shaded,85,UD4H,4,1,1,,1,,1,,,,,,,,,,,1,,,1,,,,,,,,,,,,,,,,,,1,,,,,,
"3,834",2018 People Staying Counts,DEN2,Weekday1_Evening,Weekday,Evening,20180723,1626,1636,,Sun-Shaded,85,UD4H,5,1,1,1,,,1,,,,,,,,,,,1,,,,,1,,,,,,,,,,,,1,,,,,1,,,,,
"3,835",2018 People Staying Counts,DEN2,Weekday1_Evening,Weekday,Evening,20180723,1626,1636,,Sun-Shaded,85,UD4H,6,1,2,1,,,,,,1,,,,,,,,1,,,1,,,,,,,,,,,,1,,,,,,,1,,,,,
"3,836",2018 People Staying Counts,DEN2,Weekday1_Evening,Weekday,Evening,20180723,1626,1636,,Sun-Shaded,85,UD4H,7,1,2,1,,,,,,1,,,,,,,,1,,,1,,,,,,,,,,,,1,,,,,,,1,,,,,
"3,837",2018 People Staying Counts,DEN2,Weekday1_Evening,Weekday,Evening,20180723,1626,1636,,Sun-Shaded,85,UD4H,8,1,1,1,,,1,,,,,,,,,,,1,,,1,,,,,,,,,,,1,,,1,,,,,1,,,,,
"3,838",2018 People Staying Counts,DEN2,Weekday1_Evening,Weekday,Evening,20180723,1626,1636,,Sun-Shaded,85,UD4H,9,1,1,1,,,,,,1,,,,,,,,1,,,1,,,,,,,,,,,,,,,,,,,1,,,,,
"3,839",2018 People Staying Counts,DEN2,Weekday2_Morning,Weekday,Morning,20180905,0841,0851,,Sun-Shaded,83,UD4H,1,1,1,1,,,1,,,,,,,,,,,,1,,,1,,,,,,,,,,,,,1,,,,,,,,,,
"3,840",2018 People Staying Counts,DEN2,Weekday2_Morning,Weekday,Morning,20180905,0841,0851,,Sun-Shaded,83,UD4H,2,1,2,,1,,,1,,,,,,,,,,1,,,,,1,,,,,,,,,,1,,,,,,,1,,,,,
"3,841",2018 People Staying Counts,DEN2,Weekday2_Morning,Weekday,Morning,20180905,0841,0851,,Sun-Shaded,83,UD4H,3,1,2,1,,,,,,,,,,1,,,,1,,,,,1,,,,,,,,,,1,,,,,,,1,,,,,
"3,842",2018 People Staying Counts,DEN2,Weekday2_Morning,Weekday,Morning,20180905,0841,0851,,Sun-Shaded,83,UD4H,4,1,4,1,,,1,,,,,,,,,,,,1,,1,,,,,,,,,,,,1,,,,,,,,,,,,
"3,843",2018 People Staying Counts,DEN2,Weekday2_Morning,Weekday,Morning,20180905,0841,0851,,Sun-Shaded,83,UD4H,5,1,4,1,,,1,,,,,,,,,,,,1,,1,,,,,,,,,,,,1,,,,,,,,,,,,
"3,844",2018 People Staying Counts,DEN2,Weekday2_Morning,Weekday,Morning,20180905,0841,0851,,Sun-Shaded,83,UD4H,6,1,4,1,,,1,,,,,,,,,,,1,,,1,,,,,,,,,,,,1,,,,,,,,,,,,
"3,845",2018 People Staying Counts,DEN2,Weekday2_Morning,Weekday,Morning,20180905,0841,0851,,Sun-Shaded,83,UD4H,7,1,4,1,,,1,,,,,,,,,,,1,,,1,,,,,,,,,,,,1,,,,,,,,,,,,
"3,846",2018 People Staying Counts,DEN2,Weekday2_Morning,Weekday,Morning,20180905,0841,0851,,Sun-Shaded,83,UD4H,8,1,1,1,,,,,,1,,,,,,,,1,,,,,1,,,,,,,,,,,,1,,,,,1,,,,,
"3,847",2018 People Staying Counts,DEN2,Weekday2_Morning,Weekday,Morning,20180905,0841,0851,,Sun-Shaded,83,UD4H,9,1,1,1,,,1,,,,,,,,,,,,1,,,1,,,,,,,,,,,,,,,,,1,,,,,,
"3,848",2018 People Staying Counts,DEN2,Weekday2_Morning,Weekday,Morning,20180905,0841,0851,,Sun-Shaded,83,UD4H,10,1,1,1,,,1,,,,,,,,,,,1,,,,,1,,,,,,,,,1,,,1,,,,,1,,,,,
"3,849",2018 People Staying Counts,DEN2,Weekday2_Morning,Weekday,Morning,20180905,0841,0851,,Sun-Shaded,83,UD4H,11,1,1,1,,,1,,,,,,,,,,,1,,,1,,,,,,,,,,,,,,,,,,,1,,,,,
"3,850",2018 People Staying Counts,DEN2,Weekday2_Morning,Weekday,Morning,20180905,0841,0851,,Sun-Shaded,83,UD4H,12,1,1,1,,,,,,1,,,,,,,,1,,,,,1,,,,,,,,,1,,,1,,,,,1,,,,,
"3,851",2018 People Staying Counts,DEN2,Weekday2_Morning,Weekday,Morning,20180905,0841,0851,,Sun-Shaded,83,UD4H,13,1,1,1,,,1,,,,,,,,,,,,1,,1,,,,,,,,,,,,,,,,,,1,,,,,,
"3,852",2018 People Staying Counts,DEN2,Weekday2_Morning,Weekday,Morning,20180905,0841,0851,,Sun-Shaded,83,UD4H,14,1,1,1,,,,,,,,,,1,,,,1,,,1,,,,,,,,,,,,,,1,,,,,1,,,,,
"3,853",2018 People Staying Counts,DEN2,Weekday2_Morning,Weekday,Morning,20180905,0841,0851,,Sun-Shaded,83,UD4H,15,1,1,1,,,1,,,,,,,,,,,,1,,,,1,,,,,,,,,,,,1,,,,,1,,,,,
"3,854",2018 People Staying Counts,DEN2,Weekday2_Midday,Weekday,Midday,20180724,1340,1350,,Sun-Shaded,66,UD4H,1,1,2,1,,,1,,,,,,,,,,,1,,,,,1,,,,,,,,,,1,,,,,,,1,,,,,
"3,855",2018 People Staying Counts,DEN2,Weekday2_Midday,Weekday,Midday,20180724,1340,1350,,Sun-Shaded,66,UD4H,2,1,2,1,,,,,,1,,,,,,,,,1,,,,1,,,,,,,,,,1,,,,,,,1,,,,,
"3,856",2018 People Staying Counts,DEN2,Weekday2_Midday,Weekday,Midday,20180724,1340,1350,,Sun-Shaded,66,UD4H,3,1,1,1,,,,,,,,,,1,,,,1,,,,1,,,,,,,,,,,,,1,,,,,1,,,,,
"3,857",2018 People Staying Counts,DEN2,Weekday2_Midday,Weekday,Midday,20180724,1340,1350,,Sun-Shaded,66,UD4H,4,1,1,,1,,,,,,,,,1,,,1,,,,,,1,,,,,,,,,,,,1,,,,,,,,,,
"3,858",2018 People Staying Counts,DEN2,Weekday2_Midday,Weekday,Midday,20180724,1340,1350,,Sun-Shaded,66,UD4H,5,1,2,,1,,1,,,,,,,,,,,1,,,1,,,,,,,,,,,,1,,,,,,,,,,,,
"3,859",2018 People Staying Counts,DEN2,Weekday2_Midday,Weekday,Midday,20180724,1340,1350,,Sun-Shaded,66,UD4H,6,1,2,1,,,1,,,,,,,,,,,1,,,1,,,,,,,,,,,,1,,,,,,,,,,,,
"3,860",2018 People Staying Counts,DEN2,Weekday2_Midday,Weekday,Midday,20180724,1340,1350,,Sun-Shaded,66,UD4H,7,1,1,1,,,1,,,,,,,,,,,,1,,,,1,,,,,,,,,,,,1,,,,,,,,,,
"3,861",2018 People Staying Counts,DEN2,Weekday2_Midday,Weekday,Midday,20180724,1340,1350,,Sun-Shaded,66,UD4H,8,1,1,1,,,1,,,,,,,,,,,1,,,,,1,,,,,,,,,,,,1,,,,,1,,,,,
"3,862",2018 People Staying Counts,DEN2,Weekday2_Midday,Weekday,Midday,20180724,1340,1350,,Sun-Shaded,66,UD4H,9,1,1,1,,,,,,,,1,,,,,,1,,,1,,,,,,,,,,,,,,,,,,,1,,,,,
"3,863",2018 People Staying Counts,DEN2,Weekday2_Midday,Weekday,Midday,20180724,1340,1350,,Sun-Shaded,66,UD4H,10,1,1,1,,,,,,,,,1,,,,1,,,,1,,,,,,,,,,,,,,,,,,,1,,,,,
"3,864",2018 People Staying Counts,DEN2,Weekday2_Midday,Weekday,Midday,20180724,1340,1350,,Sun-Shaded,66,UD4H,11,1,1,,1,,1,,,,,,,,,,,1,,,1,,,,,,,,,,,,,,1,,,,,1,,,,,
"3,865",2018 People Staying Counts,DEN2,Weekday2_Midday,Weekday,Midday,20180724,1340,1350,,Sun-Shaded,66,UD4H,12,1,1,,1,,1,,,,,,,,,,,1,,,1,,,,,,,,,,,,,,1,,,,,1,,,,,
"3,866",2018 People Staying Counts,DEN2,Weekday2_Midday,Weekday,Midday,20180724,1340,1350,,Sun-Shaded,66,UD4H,13,1,1,1,,,,,,,,,,1,,,,1,,,1,,,,,,,,,,,1,,,1,,,,,1,,,,,
"3,867",2018 People Staying Counts,DEN2,Weekday2_Midday,Weekday,Midday,20180724,1340,1350,,Sun-Shaded,66,UD4H,14,1,1,1,,,1,,,,,,,,,,,,1,,1,,,,,,,,,,,,,,1,,,,,1,,,,,
"3,868",2018 People Staying Counts,DEN2,Weekday2_Midday,Weekday,Midday,20180724,1340,1350,,Sun-Shaded,66,UD4H,15,1,1,1,,,,,,1,,,,,,,,1,,,1,,,,,,,,,,,,,,1,,,,,1,,,,,
"3,869",2018 People Staying Counts,DEN2,Weekday2_Evening,Weekday,Evening,20180724,1734,1744,,Sun-Shaded,78,UD4H,1,1,1,1,,,,,,1,,,,,,,,1,,,1,,,,,,,,,,,,,1,,,,,,1,,,,,
"3,870",2018 People Staying Counts,DEN2,Weekday2_Evening,Weekday,Evening,20180724,1734,1744,,Sun-Shaded,78,UD4H,2,1,1,1,,,,,,1,,,,,,,,,1,,,,1,,,,,,,,,,,,,,,,,1,,,,,
"3,871",2018 People Staying Counts,DEN2,Weekday2_Evening,Weekday,Evening,20180724,1734,1744,,Sun-Shaded,78,UD4H,3,1,1,1,,,1,,,,,,,,,,,,1,,1,,,,,,,,,,,,,,,,,,1,,,,,,
"3,872",2018 People Staying Counts,DEN2,Weekday2_Evening,Weekday,Evening,20180724,1734,1744,,Sun-Shaded,78,UD4H,4,1,1,1,,,,,,,,,,1,,,,1,,,1,,,,,,,,,,,,,,1,,,,,,,,,,
"3,873",2018 People Staying Counts,DEN2,Weekday2_Evening,Weekday,Evening,20180724,1734,1744,,Sun-Shaded,78,UD4H,5,1,1,1,,,1,,,,,,,,,,,,1,,1,,,,,,,,,,,,,,,,,,,1,,,,,
"3,874",2018 People Staying Counts,DEN2,Weekday2_Evening,Weekday,Evening,20180724,1734,1744,,Sun-Shaded,78,UD4H,6,1,1,1,,,,,,1,,,,,,,,1,,,,,1,,,,,,,,,,,,1,,,,,1,,,,,
"3,875",2018 People Staying Counts,DEN2,Weekday2_Evening,Weekday,Evening,20180724,1734,1744,,Sun-Shaded,78,UD4H,7,1,1,1,,,,,,1,,,,,,,,1,,,1,,,,,,,,,,,,,,,,,,,1,,,,,
"3,876",2018 People Staying Counts,DEN2,Weekday2_Evening,Weekday,Evening,20180724,1734,1744,,Sun-Shaded,78,UD4H,8,1,1,1,,,,,,,,,,1,,,,1,,,,,,,,1,,,,,,,,,1,,,,,,,,,,
"3,877",2018 People Staying Counts,COM4,Weekday1_Morning,Weekday,Morning,20180719,0843,0853,,Heavy Clouds,61,UD4H,1,1,1,1,,,,1,,,,,,,,,,1,,,1,,,,,,,,,,,,,,,,1,,,,,,,,
"3,878",2018 People Staying Counts,COM4,Weekday1_Morning,Weekday,Morning,20180719,0843,0853,,Heavy Clouds,61,UD4H,2,1,1,1,,,1,,,,,,,,,,,1,,,,,,,,,1,,,,,,,,,,,,,,,,1,,
"3,879",2018 People Staying Counts,COM4,Weekday1_Morning,Weekday,Morning,20180719,0843,0853,,Heavy Clouds,61,UD4H,3,1,1,,1,,,,,1,,,,,,,,1,,,1,,,,,,,,,,,,,,1,,,1,,,,,,,
"3,880",2018 People Staying Counts,COM4,Weekday1_Morning,Weekday,Morning,20180719,0843,0853,,Heavy Clouds,61,UD4H,4,1,1,1,,,,,,1,,,,,,,,1,,,1,,,,,,,,,,,,,,1,,,1,,,,,,,
"3,881",2018 People Staying Counts,COM4,Weekday1_Morning,Weekday,Morning,20180719,0843,0853,,Heavy Clouds,61,UD4H,5,1,2,1,,,1,,,,,,,,,,,,1,,1,,,,,,,,,,,,1,,1,,,,,,,,,,
"3,882",2018 People Staying Counts,COM4,Weekday1_Morning,Weekday,Morning,20180719,0843,0853,,Heavy Clouds,61,UD4H,6,1,2,,1,,1,,,,,,,,,,,,1,,1,,,,,,,,,,,,1,,,,,,,,,,,,
"3,883",2018 People Staying Counts,COM4,Weekday1_Morning,Weekday,Morning,20180719,0843,0853,,Heavy Clouds,61,UD4H,7,1,1,1,,,1,,,,,,,,,,,,1,,,1,,,,,,,,,,,,,1,,,,,,,,,,
"3,884",2018 People Staying Counts,COM4,Weekday1_Morning,Weekday,Morning,20180719,0843,0853,,Heavy Clouds,61,UD4H,8,1,2,1,,,1,,,,,,,,,,,,1,,1,,,,,,,,,1,,1,1,,,,,,,,,,,,
"3,885",2018 People Staying Counts,COM4,Weekday1_Morning,Weekday,Morning,20180719,0843,0853,,Heavy Clouds,61,UD4H,9,1,1,,1,,1,,,,,,,,,,,1,,,1,,,,,,,,,,,,1,,,,,,,,,,,,
"3,886",2018 People Staying Counts,COM4,Weekday1_Morning,Weekday,Morning,20180719,0843,0853,,Heavy Clouds,61,UD4H,10,1,3,1,,,1,,,,,,,,,,,1,,,1,,,,,,,,,1,,,1,,,,,,,,,,,,
"3,887",2018 People Staying Counts,COM4,Weekday1_Morning,Weekday,Morning,20180719,0843,0853,,Heavy Clouds,61,UD4H,11,1,3,1,,,1,,,,,,,,,,,1,,,1,,,,,,,,,1,,,1,,,,,,,,,,,,
"3,888",2018 People Staying Counts,COM4,Weekday1_Morning,Weekday,Morning,20180719,0843,0853,,Heavy Clouds,61,UD4H,12,1,3,,1,,1,,,,,,,,,,,1,,,1,,,,,,,,,1,,,1,,,,,,,,,,,,
"3,889",2018 People Staying Counts,COM4,Weekday1_Morning,Weekday,Morning,20180719,0843,0853,,Heavy Clouds,61,UD4H,13,1,1,1,,,1,,,,,,,,,,,,1,,1,,,,,,,,,,,,,,,,1,,,1,,,,,
"3,890",2018 People Staying Counts,COM4,Weekday1_Morning,Weekday,Morning,20180719,0843,0853,,Heavy Clouds,61,UD4H,14,1,1,1,,,1,,,,,,,,,,,1,,,,,,1,,,,,,1,,1,,,1,,,,,,,,,,
"3,891",2018 People Staying Counts,COM4,Weekday1_Morning,Weekday,Morning,20180719,0843,0853,,Heavy Clouds,61,UD4H,15,1,3,,1,,1,,,,,,,,,,,1,,,1,,,,,,,,,,,,1,,,,,,,,,,,,
"3,892",2018 People Staying Counts,COM4,Weekday1_Morning,Weekday,Morning,20180719,0843,0853,,Heavy Clouds,61,UD4H,16,1,3,,1,,1,,,,,,,,,,,,1,,1,,,,,,,,,,,,1,,,,,,,,,,,,
"3,893",2018 People Staying Counts,COM4,Weekday1_Morning,Weekday,Morning,20180719,0843,0853,,Heavy Clouds,61,UD4H,17,1,3,1,,,1,,,,,,,,,,,1,,,1,,,,,,,,,,,,1,,,,,,,,,,,,
"3,894",2018 People Staying Counts,COM4,Weekday1_Morning,Weekday,Morning,20180719,0843,0853,,Heavy Clouds,61,UD4H,18,1,1,1,,,1,,,,,,,,,,,1,,,1,,,,,,,,,,,,,,1,,,,,,,,,,
"3,895",2018 People Staying Counts,COM4,Weekday1_Midday,Weekday,Midday,20180719,1231,1241,,Heavy Clouds,62,UD4H,1,1,1,1,,,1,,,,,,,,,,,,1,,,,,,,1,,,,1,,1,,,,,1,,,,,,,,
"3,896",2018 People Staying Counts,COM4,Weekday1_Midday,Weekday,Midday,20180719,1231,1241,,Heavy Clouds,62,UD4H,2,1,1,1,,,1,,,,,,,,,,,1,,,,,,,,,1,,,,,,,,,,1,,,,,,1,,
"3,897",2018 People Staying Counts,COM4,Weekday1_Midday,Weekday,Midday,20180719,1231,1241,,Heavy Clouds,62,UD4H,3,1,2,,1,,1,,,,,,,,,,,,,1,1,,,,,,,,,,,,1,,,,,,,,,,,,
"3,898",2018 People Staying Counts,COM4,Weekday1_Midday,Weekday,Midday,20180719,1231,1241,,Heavy Clouds,62,UD4H,4,1,2,1,,,1,,,,,,,,,,1,,,,1,,,,,,,,,,,,1,,,,,,,,,,,,
"3,899",2018 People Staying Counts,COM4,Weekday1_Midday,Weekday,Midday,20180719,1231,1241,,Heavy Clouds,62,UD4H,5,1,1,,1,,,,1,,,,,,,,,,1,,1,,,,,,,,,,,,,,,,1,,,,,,,,
"3,900",2018 People Staying Counts,COM4,Weekday1_Midday,Weekday,Midday,20180719,1231,1241,,Heavy Clouds,62,UD4H,6,1,1,,1,,,1,,,,,,,,,,1,,,1,,,,,,,,,,,,,,1,,,,,,,,,,
"3,901",2018 People Staying Counts,COM4,Weekday1_Midday,Weekday,Midday,20180719,1231,1241,,Heavy Clouds,62,UD4H,7,1,2,,1,,1,,,,,,,,,,,,1,,1,,,,,,,,,,,,1,,1,,,,,,,,,,
"3,902",2018 People Staying Counts,COM4,Weekday1_Midday,Weekday,Midday,20180719,1231,1241,,Heavy Clouds,62,UD4H,8,1,2,,1,,1,,,,,,,,,,,,,1,1,,,,,,,,,,,,1,,,,,,,,,,,,
"3,903",2018 People Staying Counts,COM4,Weekday1_Midday,Weekday,Midday,20180719,1231,1241,,Heavy Clouds,62,UD4H,9,1,1,1,,,,,,1,,,,,,,,1,,,1,,,,,,,,,,,,,,1,,,,,,,,,,
"3,904",2018 People Staying Counts,COM4,Weekday1_Midday,Weekday,Midday,20180719,1231,1241,,Heavy Clouds,62,UD4H,10,1,1,1,,,1,,,,,,,,,,,,1,,1,,,,,,,,,,,,,,,,1,,,,,,,,
"3,905",2018 People Staying Counts,COM4,Weekday1_Evening,Weekday,Evening,20180719,1632,1642,,Heavy Clouds,68,UD4H,1,1,2,1,,,1,,,,,,,,,,,1,,,,,,1,,,,,,1,,1,1,,,,,,,,,,,,
"3,906",2018 People Staying Counts,COM4,Weekday1_Evening,Weekday,Evening,20180719,1632,1642,,Heavy Clouds,68,UD4H,2,1,2,1,,,1,,,,,,,,,,,1,,,,,,1,,,,,,1,,1,1,,,,,,,,,,,,
"3,907",2018 People Staying Counts,COM4,Weekday1_Evening,Weekday,Evening,20180719,1632,1642,,Heavy Clouds,68,UD4H,3,1,2,1,,,1,,,,,,,,,,1,,,,,,,,,,1,,,,,1,,,,,,,,,,,1,,
"3,908",2018 People Staying Counts,COM4,Weekday1_Evening,Weekday,Evening,20180719,1632,1642,,Heavy Clouds,68,UD4H,4,1,1,1,,,,,,1,,,,,,,,1,,,1,,,,,,,,,1,,1,,,,,1,,,1,,,,,
"3,909",2018 People Staying Counts,COM4,Weekday1_Evening,Weekday,Evening,20180719,1632,1642,,Heavy Clouds,68,UD4H,5,1,1,1,,,1,,,,,,,,,,,1,,,1,,,,,,,,,,,,,,,,,,,,,,,1,
"3,910",2018 People Staying Counts,COM4,Weekday1_Evening,Weekday,Evening,20180719,1632,1642,,Heavy Clouds,68,UD4H,6,1,2,1,,,1,,,,,,,,,,1,,,,,,,,,,1,,,,,,,,,,,,,,,,1,,
"3,911",2018 People Staying Counts,COM4,Weekday1_Evening,Weekday,Evening,20180719,1632,1642,,Heavy Clouds,68,UD4H,7,1,1,1,,,,,,1,,,,,,,,1,,,1,,,,,,,,,,,,,,1,,,,,,,,,,
"3,912",2018 People Staying Counts,COM4,Weekday1_Evening,Weekday,Evening,20180719,1632,1642,,Heavy Clouds,68,UD4H,8,1,1,1,,,,,1,,,,,,,,,1,,,,,,,,,1,,,1,,1,,,,,,,,,,,,,
"3,913",2018 People Staying Counts,COM4,Weekday1_Evening,Weekday,Evening,20180719,1632,1642,,Heavy Clouds,68,UD4H,9,1,1,1,,,,,,1,,,,,,,,1,,,1,,,,,,,,,,,,,,1,,,,,,,,,,
"3,914",2018 People Staying Counts,COM4,Weekday1_Evening,Weekday,Evening,20180719,1632,1642,,Heavy Clouds,68,UD4H,10,1,2,,1,,,,,1,,,,,,,,,1,,1,,,,,,,,,,,,1,,,,,,,,,,,,
"3,915",2018 People Staying Counts,COM4,Weekday1_Evening,Weekday,Evening,20180719,1632,1642,,Heavy Clouds,68,UD4H,11,1,2,,1,,,,,1,,,,,,,,,1,,1,,,,,,,,,,,,1,,,,,,,,,,,,
"3,916",2018 People Staying Counts,COM4,Weekday2_Morning,Weekday,Morning,20180720,0839,0849,,Heavy Clouds,59,UD4H,1,1,1,1,,,1,,,,,,,,,,1,,,,,,,,,,1,,,,,,,,1,,,,,1,,,1,,
"3,917",2018 People Staying Counts,COM4,Weekday2_Morning,Weekday,Morning,20180720,0839,0849,,Heavy Clouds,59,UD4H,2,1,1,1,,,1,,,,,,,,,,,1,,,1,,,,,,,,,1,,1,,,,,,,,,,,,,
"3,918",2018 People Staying Counts,COM4,Weekday2_Morning,Weekday,Morning,20180720,0839,0849,,Heavy Clouds,59,UD4H,3,1,3,1,,,,,,1,,,,,,,,,1,,1,,,,,,,,,1,,1,1,,1,,,,,,,,,,
"3,919",2018 People Staying Counts,COM4,Weekday2_Morning,Weekday,Morning,20180720,0839,0849,,Heavy Clouds,59,UD4H,4,1,1,,1,,,,,1,,,,,,,,1,,,1,,,,,,,,,,,,1,,1,,,,,,,,,,
"3,920",2018 People Staying Counts,COM4,Weekday2_Morning,Weekday,Morning,20180720,0839,0849,,Heavy Clouds,59,UD4H,5,1,3,1,,,,,,1,,,,,,,1,,,,1,,,,,,,,,,,,1,,,,,,,,,,,,
"3,921",2018 People Staying Counts,COM4,Weekday2_Midday,Weekday,Midday,20180720,1228,1238,,Sun-Shaded,65,UD4H,1,1,1,,1,,1,,,,,,,,,,,1,,,,,,1,,,,,,1,,1,,,1,,,,,,,,,,
"3,922",2018 People Staying Counts,COM4,Weekday2_Midday,Weekday,Midday,20180720,1228,1238,,Sun-Shaded,65,UD4H,2,1,2,1,,,1,,,,,,,,,,1,,,,1,,,,,,,,,,,,1,,,,1,,,1,,,,,
"3,923",2018 People Staying Counts,COM4,Weekday2_Midday,Weekday,Midday,20180720,1228,1238,,Sun-Shaded,65,UD4H,3,1,2,1,,,1,,,,,,,,,,1,,,,1,,,,,,,,,1,,1,1,,,,1,,,1,,,,,
"3,924",2018 People Staying Counts,COM4,Weekday2_Midday,Weekday,Midday,20180720,1228,1238,,Sun-Shaded,65,UD4H,4,1,1,1,,,1,,,,,,,,,,1,,,,,,,,,,1,,,,,,,,,,,,,,,,1,,
"3,925",2018 People Staying Counts,COM4,Weekday2_Midday,Weekday,Midday,20180720,1228,1238,,Sun-Shaded,65,UD4H,5,1,2,,1,,,,,1,,,,,,,,,1,,1,,,,,,,,,,,,1,,1,,,,1,,,,,,
"3,926",2018 People Staying Counts,COM4,Weekday2_Midday,Weekday,Midday,20180720,1228,1238,,Sun-Shaded,65,UD4H,6,1,2,1,,,,,,1,,,,,,,,,1,,1,,,,,,,,,,,,1,,1,,,,,,,,,,
"3,927",2018 People Staying Counts,COM4,Weekday2_Midday,Weekday,Midday,20180720,1228,1238,,Sun-Shaded,65,UD4H,7,1,2,1,,,,,,1,,,,,,,,,,1,,1,,,,,,,,,,,1,,1,,,,,,,,,,
"3,928",2018 People Staying Counts,COM4,Weekday2_Midday,Weekday,Midday,20180720,1228,1238,,Sun-Shaded,65,UD4H,8,1,2,,1,,,,,,,,,1,,,,,1,,,,,,,1,,,,,,,1,,,,,,,,,,,,
"3,929",2018 People Staying Counts,COM4,Weekday2_Midday,Weekday,Midday,20180720,1228,1238,,Sun-Shaded,65,UD4H,9,1,1,1,,,,,,1,,,,,,,1,,,,1,,,,,,,,,,,,,,1,,,,,,,,,,
"3,930",2018 People Staying Counts,COM4,Weekday2_Midday,Weekday,Midday,20180720,1228,1238,,Sun-Shaded,65,UD4H,10,1,2,1,,,,,,,,1,,,,,,,1,,1,,,,,,,,,,,,,,1,,,,,,,,,,
"3,931",2018 People Staying Counts,COM4,Weekday2_Midday,Weekday,Midday,20180720,1228,1238,,Sun-Shaded,65,UD4H,11,1,1,1,,,1,,,,,,,,,,1,,,,1,,,,,,,,,,,,,,1,,,,,,,,,,
"3,932",2018 People Staying Counts,COM4,Weekday2_Midday,Weekday,Midday,20180720,1228,1238,,Sun-Shaded,65,UD4H,12,1,2,,1,,,,,,,1,,,,,1,,,,1,,,,,,,,,,,,,,1,,,,,,,,,,
"3,933",2018 People Staying Counts,COM4,Weekday2_Midday,Weekday,Midday,20180720,1228,1238,,Sun-Shaded,65,UD4H,13,1,4,1,,,1,,,,,,,,,,,1,,,1,,,,,,,,,,,,1,,1,,,,,,,,,,
"3,934",2018 People Staying Counts,COM4,Weekday2_Midday,Weekday,Midday,20180720,1228,1238,,Sun-Shaded,65,UD4H,14,1,4,,1,,1,,,,,,,,,,,1,,,1,,,,,,,,,,,,1,,,,,,,,,,,,
"3,935",2018 People Staying Counts,COM4,Weekday2_Midday,Weekday,Midday,20180720,1228,1238,,Sun-Shaded,65,UD4H,15,1,4,1,,,1,,,,,,,,,1,,,,,,1,,,,,,,,,,,,,,,1,,,,,,,,
"3,936",2018 People Staying Counts,COM4,Weekday2_Midday,Weekday,Midday,20180720,1228,1238,,Sun-Shaded,65,UD4H,16,1,4,1,,,1,,,,,,,,,1,,,,,,,,,,1,,,,,,,,,,,1,,,,,,,,
"3,937",2018 People Staying Counts,COM4,Weekday2_Midday,Weekday,Midday,20180720,1228,1238,,Sun-Shaded,65,UD4H,17,1,2,,1,,1,,,,,,,,,,,,1,,1,,,,,,,,,,,,1,,1,,,,,,,,,,
"3,938",2018 People Staying Counts,COM4,Weekday2_Midday,Weekday,Midday,20180720,1228,1238,,Sun-Shaded,65,UD4H,18,1,2,,1,,1,,,,,,,,,,,,1,,1,,,,,,,,,,,,1,,1,,,,,,,,,,
"3,939",2018 People Staying Counts,COM4,Weekday2_Evening,Weekday,Evening,20180720,1635,1645,,Sun-Shaded,70,UD4H,1,1,2,,1,,1,,,,,,,,,,,,1,,,,,1,,,,,,1,,1,1,,1,,,,,,,,,,
"3,940",2018 People Staying Counts,COM4,Weekday2_Evening,Weekday,Evening,20180720,1635,1645,,Sun-Shaded,70,UD4H,2,1,2,1,,,1,,,,,,,,,,,1,,,,,,1,,,,,,1,,1,1,,1,,,,,,,,,,
"3,941",2018 People Staying Counts,COM4,Weekday2_Evening,Weekday,Evening,20180720,1635,1645,,Sun-Shaded,70,UD4H,3,1,2,1,,,1,,,,,,,,,,1,,,,,,,,,,1,,,,,,,,,,1,,,,,,1,1,
"3,942",2018 People Staying Counts,COM4,Weekday2_Evening,Weekday,Evening,20180720,1635,1645,,Sun-Shaded,70,UD4H,4,1,2,1,,,1,,,,,,,,,,1,,,,,,,,,,1,,,,,,,,,,,,,,,,1,1,
"3,943",2018 People Staying Counts,COM4,Weekday2_Evening,Weekday,Evening,20180720,1635,1645,,Sun-Shaded,70,UD4H,5,1,4,,1,,1,,,,,,,,,,,,1,,1,,,,,,,,,,,,1,,,,,,,,,,,,
"3,944",2018 People Staying Counts,COM4,Weekday2_Evening,Weekday,Evening,20180720,1635,1645,,Sun-Shaded,70,UD4H,6,1,4,,1,,1,,,,,,,,,,,1,,,,,,,,1,,,,,,,1,,,,,,,,,,,,
"3,945",2018 People Staying Counts,COM4,Weekday2_Evening,Weekday,Evening,20180720,1635,1645,,Sun-Shaded,70,UD4H,7,1,4,,1,,1,,,,,,,,,,,,1,,1,,,,,,,,,,,,1,,,,,,,,,,,,
"3,946",2018 People Staying Counts,COM4,Weekday2_Evening,Weekday,Evening,20180720,1635,1645,,Sun-Shaded,70,UD4H,8,1,4,1,,,1,,,,,,,,,,,1,,,1,,,,,,,,,1,,1,1,,1,,,,,,,,,,
"3,947",2018 People Staying Counts,COM4,Weekday2_Evening,Weekday,Evening,20180720,1635,1645,,Sun-Shaded,70,UD4H,9,1,1,,,1,1,,,,,,,,,,,1,,,,,,,,1,,,,,,,,,,,,,,,,,,1,
"3,948",2018 People Staying Counts,COM4,Weekday2_Evening,Weekday,Evening,20180720,1635,1645,,Sun-Shaded,70,UD4H,10,1,3,1,,,1,,,,,,,,,,1,,,,1,,,,,,,,,,,,1,,1,,,,,,,,,,
"3,949",2018 People Staying Counts,COM4,Weekday2_Evening,Weekday,Evening,20180720,1635,1645,,Sun-Shaded,70,UD4H,11,1,3,,1,,1,,,,,,,,,,1,,,,1,,,,,,,,,,,,1,,1,,,,,,,,,,
"3,950",2018 People Staying Counts,COM4,Weekday2_Evening,Weekday,Evening,20180720,1635,1645,,Sun-Shaded,70,UD4H,12,1,3,,1,,1,,,,,,,,,,,,1,,1,,,,,,,,,,,,1,,1,,,,,,,,,,
"3,951",2018 People Staying Counts,COM4,Weekday2_Evening,Weekday,Evening,20180720,1635,1645,,Sun-Shaded,70,UD4H,13,1,3,1,,,1,,,,,,,,,,,1,,,1,,,,,,,,,,,,1,,,,,,,,,,,,
"3,952",2018 People Staying Counts,COM4,Weekday2_Evening,Weekday,Evening,20180720,1635,1645,,Sun-Shaded,70,UD4H,14,1,3,,1,,1,,,,,,,,,,,,,1,1,,,,,,,,,,,,1,,,,,,,,,,,,
"3,953",2018 People Staying Counts,COM4,Weekday2_Evening,Weekday,Evening,20180720,1635,1645,,Sun-Shaded,70,UD4H,15,1,3,1,,,1,,,,,,,,1,,,,,,,,,,1,,,,,,,,,,,,1,,,,,,,,
"3,954",2018 People Staying Counts,COM4,Weekday2_Evening,Weekday,Evening,20180720,1635,1645,,Sun-Shaded,70,UD4H,16,1,1,,1,,,,,1,,,,,,,,,1,,,,,,,1,,,,,,,,,1,,,,,,,,,,
"3,955",2018 People Staying Counts,COM4,Weekday2_Evening,Weekday,Evening,20180720,1635,1645,,Sun-Shaded,70,UD4H,17,1,1,1,,,1,,,,,,,,,,,,1,,,,,,,1,,,,,,,,,,,1,,,,,,,,
"3,956",2018 People Staying Counts,COM4,Weekday2_Evening,Weekday,Evening,20180720,1635,1645,,Sun-Shaded,70,UD4H,18,1,1,1,,,1,,,,,,,,,,,,1,,,,,,,1,,,,,,,,,1,,,,,,,,,,
"3,957",2018 People Staying Counts,COM4,Weekday2_Evening,Weekday,Evening,20180720,1635,1645,,Sun-Shaded,70,UD4H,19,1,2,1,,,,,,,,,1,,,,,1,,,1,,,,,,,,,,,,1,,,,,,,,,,,,
"3,958",2018 People Staying Counts,COM4,Weekday2_Evening,Weekday,Evening,20180720,1635,1645,,Sun-Shaded,70,UD4H,20,1,2,,1,,,,,,,1,,,,,,1,,,1,,,,,,,,,,,,1,,,,,,,,,,,,
"3,959",2018 People Staying Counts,COM4,Weekday2_Evening,Weekday,Evening,20180720,1635,1645,,Sun-Shaded,70,UD4H,21,1,2,1,,,1,,,,,,,,,,,,1,,,,,1,,,,,,1,,1,1,,,,,,,,,,,,
"3,960",2018 People Staying Counts,COM4,Weekday2_Evening,Weekday,Evening,20180720,1635,1645,,Sun-Shaded,70,UD4H,22,1,2,1,,,,,,,,,,1,,,,1,,,,,,1,,,,,,1,,1,1,,,,,,,,,,,,
"3,961",2018 People Staying Counts,COM4,Weekend_Midday,Weekend,Midday,20180721,1229,1239,,Sun-Shaded,68,UD4H,1,1,1,1,,,1,,,,,,,,,,,1,,,,,,1,,,,,,1,,1,,,1,,,,,,,,,,
"3,962",2018 People Staying Counts,COM4,Weekend_Midday,Weekend,Midday,20180721,1229,1239,,Sun-Shaded,68,UD4H,2,1,1,1,,,1,,,,,,,,,,,1,,,,,,1,,,,,,1,,1,,,,,,,1,,,,,,
"3,963",2018 People Staying Counts,COM4,Weekend_Midday,Weekend,Midday,20180721,1229,1239,,Sun-Shaded,68,UD4H,3,1,2,1,,,1,,,,,,,,,,,1,,,1,,,,,,,,,,,,1,,,,,,,,,,,,
"3,964",2018 People Staying Counts,COM4,Weekend_Midday,Weekend,Midday,20180721,1229,1239,,Sun-Shaded,68,UD4H,4,1,2,,1,,1,,,,,,,,,,,1,,,1,,,,,,,,,,,,1,,,,,,,,,,,,
"3,965",2018 People Staying Counts,COM4,Weekend_Midday,Weekend,Midday,20180721,1229,1239,,Sun-Shaded,68,UD4H,5,1,1,1,,,,,,1,,,,,,,,1,,,,1,,,,,,,,,,,,,1,,,,,,,,,,
"3,966",2018 People Staying Counts,COM4,Weekend_Midday,Weekend,Midday,20180721,1229,1239,,Sun-Shaded,68,UD4H,6,1,1,1,,,1,,,,,,,,,,,,1,,1,,,,,,,,,,,,,,,,1,,,,,,,,
"3,967",2018 People Staying Counts,COM4,Weekend_Midday,Weekend,Midday,20180721,1229,1239,,Sun-Shaded,68,UD4H,7,1,2,,1,,1,,,,,,,,,,,1,,,,,,1,,,,,,1,,1,1,,,,,,,,,,,,
"3,968",2018 People Staying Counts,COM4,Weekend_Midday,Weekend,Midday,20180721,1229,1239,,Sun-Shaded,68,UD4H,8,1,2,,1,,1,,,,,,,,,,,1,,,,,,1,,,,,,1,,1,1,,,,,,,,,,,,
"3,969",2018 People Staying Counts,COM4,Weekend_Midday,Weekend,Midday,20180721,1229,1239,,Sun-Shaded,68,UD4H,9,1,4,,1,,,,,1,,,,,,,,1,,,1,,,,,,,,,,,,1,,,,,,,,,,,,
"3,970",2018 People Staying Counts,COM4,Weekend_Midday,Weekend,Midday,20180721,1229,1239,,Sun-Shaded,68,UD4H,10,1,4,1,,,,,,1,,,,,,,,1,,,1,,,,,,,,,,,,1,,,,,,,,,,,,
"3,971",2018 People Staying Counts,COM4,Weekend_Midday,Weekend,Midday,20180721,1229,1239,,Sun-Shaded,68,UD4H,11,1,4,,1,,,,,1,,,,,1,,,,,,1,,,,,,,,,,,,,,,,1,,,,,,,,
"3,972",2018 People Staying Counts,COM4,Weekend_Midday,Weekend,Midday,20180721,1229,1239,,Sun-Shaded,68,UD4H,12,1,4,,1,,,,,1,,,,,1,,,,,,1,,,,,,,,,,,,,,,,1,,,,,,,,
"3,973",2018 People Staying Counts,COM4,Weekend_Midday,Weekend,Midday,20180721,1229,1239,,Sun-Shaded,68,UD4H,13,1,2,1,,,1,,,,,,,,,,,,1,,1,,,,,,,,,,,,1,,,,1,,,,,,,,
"3,974",2018 People Staying Counts,COM4,Weekend_Midday,Weekend,Midday,20180721,1229,1239,,Sun-Shaded,68,UD4H,14,1,2,,1,,1,,,,,,,,,,,1,,,1,,,,,,,,,,,,1,,,,1,,,,,,,,
"3,975",2018 People Staying Counts,COM4,Weekend_Midday,Weekend,Midday,20180721,1229,1239,,Sun-Shaded,68,UD4H,15,1,4,1,,,,,,,,,1,,,,1,,,,1,,,,,,,,,,,,1,,1,,1,,,,,,,,
"3,976",2018 People Staying Counts,COM4,Weekend_Midday,Weekend,Midday,20180721,1229,1239,,Sun-Shaded,68,UD4H,16,1,4,,1,,,,,1,,,,,,,1,,,,1,,,,,,,,,,,,1,,,,1,,,,,,,,
"3,977",2018 People Staying Counts,COM4,Weekend_Midday,Weekend,Midday,20180721,1229,1239,,Sun-Shaded,68,UD4H,17,1,4,1,,,,,,1,,,,,,,1,,,,1,,,,,,,,,,,,1,,,,,,,,,,,,
"3,978",2018 People Staying Counts,COM4,Weekend_Midday,Weekend,Midday,20180721,1229,1239,,Sun-Shaded,68,UD4H,18,1,4,1,,,,,,1,,,,,,,1,,,,1,,,,,,,,,,,,1,,1,,,,,,,,,,
"3,979",2018 People Staying Counts,COM4,Weekend_Midday,Weekend,Midday,20180721,1229,1239,,Sun-Shaded,68,UD4H,19,1,1,1,,,1,,,,,,,,,,,,1,,,1,,,,,,,,,,,,,,,1,,,,,,,,
"3,980",2018 People Staying Counts,COM4,Weekend_Midday,Weekend,Midday,20180721,1229,1239,,Sun-Shaded,68,UD4H,20,1,1,1,,,,1,,,,,,,,,,1,,,1,,,,,,,,,,,,,,1,,,,,,,,,,
"3,981",2018 People Staying Counts,COM4,Weekend_Midday,Weekend,Midday,20180721,1229,1239,,Sun-Shaded,68,UD4H,21,1,1,1,,,,,,1,,,,,,,,1,,,1,,,,,,,,,,,,,,1,,,,,,,,,,
"3,982",2018 People Staying Counts,COM4,Weekend_Midday,Weekend,Midday,20180721,1229,1239,,Sun-Shaded,68,UD4H,22,1,3,,1,,1,,,,,,,,,,,,1,,1,,,,,,,1,,,,,1,,1,,,,,,,,,,
"3,983",2018 People Staying Counts,COM4,Weekend_Midday,Weekend,Midday,20180721,1229,1239,,Sun-Shaded,68,UD4H,23,1,3,,1,,1,,,,,,,,,,,1,,,1,,,,,,,,,,,,1,,,,,,,,,,,,
"3,984",2018 People Staying Counts,COM4,Weekend_Midday,Weekend,Midday,20180721,1229,1239,,Sun-Shaded,68,UD4H,24,1,3,1,,,1,,,,,,,,,,1,,,,1,,,,,,,,,,,,1,,1,,,,,,,,,,
"3,985",2018 People Staying Counts,COM4,Weekend_Midday,Weekend,Midday,20180721,1229,1239,,Sun-Shaded,68,UD4H,25,1,1,1,,,1,,,,,,,,,,,1,,,,1,,,,,,,,,,,,,,,1,,,,,,,,
"3,986",2018 People Staying Counts,COM4,Weekend_Midday,Weekend,Midday,20180721,1229,1239,,Sun-Shaded,68,UD4H,26,1,2,1,,,1,,,,,,,,,,,1,,,1,,,,,,,,,,,,1,,,,,,,,,,,,
"3,987",2018 People Staying Counts,COM4,Weekend_Midday,Weekend,Midday,20180721,1229,1239,,Sun-Shaded,68,UD4H,27,1,2,,1,,,,,1,,,,,,,,1,,,1,,,,,,,,,,,,1,,,,,,,,,,,,
"3,988",2018 People Staying Counts,COM4,Weekend_Evening,Weekend,Evening,20180721,1632,1642,,Sun-Shaded,73,UD4H,1,1,2,1,,,1,,,,,,,,,,1,,,,,,,,,1,,,,,,,1,,,,,,,1,,,,1,
"3,989",2018 People Staying Counts,COM4,Weekend_Evening,Weekend,Evening,20180721,1632,1642,,Sun-Shaded,73,UD4H,2,1,2,,1,,1,,,,,,,,,,1,,,,,,,,,1,,,,,,,1,,,,,,,1,,,,1,
"3,990",2018 People Staying Counts,COM4,Weekend_Evening,Weekend,Evening,20180721,1632,1642,,Sun-Shaded,73,UD4H,3,1,2,,1,,1,,,,,,,,,,,1,,,,,,1,,,,,,1,,1,1,,,,,,,,,,,,
"3,991",2018 People Staying Counts,COM4,Weekend_Evening,Weekend,Evening,20180721,1632,1642,,Sun-Shaded,73,UD4H,4,1,2,1,,,1,,,,,,,,,,,1,,,,,,1,,,,,,1,,1,1,,,,,,,,,,,,
"3,992",2018 People Staying Counts,COM4,Weekend_Evening,Weekend,Evening,20180721,1632,1642,,Sun-Shaded,73,UD4H,5,1,2,1,,,1,,,,,,,,,,,1,,,,,,1,,,,,,1,,1,1,,,,,,,,,,,,
"3,993",2018 People Staying Counts,COM4,Weekend_Evening,Weekend,Evening,20180721,1632,1642,,Sun-Shaded,73,UD4H,6,1,2,,1,,1,,,,,,,,,,,1,,,,,,1,,,,,,1,,1,1,,1,,,,,,,,,,
"3,994",2018 People Staying Counts,COM4,Weekend_Evening,Weekend,Evening,20180721,1632,1642,,Sun-Shaded,73,UD4H,7,1,3,1,,,,,,1,,,,,,,,1,,,1,,,,,,,,,1,,1,1,,,,,,,,,,,,
"3,995",2018 People Staying Counts,COM4,Weekend_Evening,Weekend,Evening,20180721,1632,1642,,Sun-Shaded,73,UD4H,8,1,3,,1,,,,,1,,,,,,,,1,,,1,,,,,,,,,1,,1,1,,,,,,,,,,,,
"3,996",2018 People Staying Counts,COM4,Weekend_Evening,Weekend,Evening,20180721,1632,1642,,Sun-Shaded,73,UD4H,9,1,3,,1,,,,,1,,,,,,,,1,,,1,,,,,,,,,1,,1,1,,,,,,,,,,,,
"3,997",2018 People Staying Counts,COM4,Weekend_Evening,Weekend,Evening,20180721,1632,1642,,Sun-Shaded,73,UD4H,10,1,1,1,,,1,,,,,,,,,,,1,,,1,,,,,,,,,,,,,,1,,,,,,,,,,
"3,998",2018 People Staying Counts,COM4,Weekend_Evening,Weekend,Evening,20180721,1632,1642,,Sun-Shaded,73,UD4H,11,1,2,1,,,,,,,,1,,,,,,1,,,,,,,,1,,,,,,,1,,1,,,,,,,,,,
"3,999",2018 People Staying Counts,COM4,Weekend_Evening,Weekend,Evening,20180721,1632,1642,,Sun-Shaded,73,UD4H,12,1,2,1,,,,,,,,1,,,,,,1,,,,,,,,1,,,,,,,1,,1,,,,,,,,,,
"4,000",2018 People Staying Counts,COM4,Weekend_Evening,Weekend,Evening,20180721,1632,1642,,Sun-Shaded,73,UD4H,13,1,1,1,,,1,,,,,,,,,,,1,,,1,,,,,,,,,1,,1,,,1,,,,,,,,,,
"4,001",2018 People Staying Counts,COM4,Weekend_Evening,Weekend,Evening,20180721,1632,1642,,Sun-Shaded,73,UD4H,14,1,1,1,,,,,,1,,,,,,,,1,,,1,,,,,,,,,,,,,,1,,,,,,,,,,
"4,002",2018 People Staying Counts,COM4,Weekend_Evening,Weekend,Evening,20180721,1632,1642,,Sun-Shaded,73,UD4H,15,1,3,1,,,1,,,,,,,,,,1,,,,1,,,,,,,,,1,,1,1,,,,,,,,,,,,
"4,003",2018 People Staying Counts,COM4,Weekend_Evening,Weekend,Evening,20180721,1632,1642,,Sun-Shaded,73,UD4H,16,1,3,1,,,1,,,,,,,,,,,1,,,1,,,,,,,,,,,,1,,1,,,,,,,,,,
"4,004",2018 People Staying Counts,COM4,Weekend_Evening,Weekend,Evening,20180721,1632,1642,,Sun-Shaded,73,UD4H,17,1,3,,1,,,,,1,,,,,,,,1,,,1,,,,,,,,,,,,1,,,,,,,,,,,,
"4,005",2018 People Staying Counts,COM4,Weekend_Evening,Weekend,Evening,20180721,1632,1642,,Sun-Shaded,73,UD4H,18,1,1,,1,,,1,,,,,,,,,,1,,,1,,,,,,,,,,,,1,,,,,,,,,,,,
"4,006",2018 People Staying Counts,COM4,Weekend_Evening,Weekend,Evening,20180721,1632,1642,,Sun-Shaded,73,UD4H,19,1,2,,1,,,,,,,1,,,,,,1,,,,,,1,,,,,,1,,1,1,,,,,,,,,,,,
"4,007",2018 People Staying Counts,COM4,Weekend_Evening,Weekend,Evening,20180721,1632,1642,,Sun-Shaded,73,UD4H,20,1,2,,1,,,,,,,1,,,,,,1,,,,,,1,,,,,,1,,1,1,,,,,,,,,,,,
"4,008",2018 People Staying Counts,COl2,Weekend_Midday,Weekend,Midday,20180728,1325,1335,,Sun-Shaded,72,UD4H,1,1,2,1,,,1,,,,,,,,,,,,1,,,,1,,,,,,,1,,1,1,,,,,,,,,,,,
"4,009",2018 People Staying Counts,COl2,Weekend_Midday,Weekend,Midday,20180728,1325,1335,,Sun-Shaded,72,UD4H,2,1,2,,1,,1,,,,,,,,,,,,1,,,,1,,,,,,,1,,1,1,,,,,,,,,,,,
"4,010",2018 People Staying Counts,COl2,Weekend_Midday,Weekend,Midday,20180728,1325,1335,,Sun-Shaded,72,UD4H,3,1,1,1,,,,1,,,,,,,,,1,,,,,,1,,,,,,,,,1,,,1,,,,,,,,,,
"4,011",2018 People Staying Counts,COl2,Weekend_Midday,Weekend,Midday,20180728,1325,1335,,Sun-Shaded,72,UD4H,4,1,1,,1,,,,,1,,,,,,,,1,,,1,,,,,,,,,,,,,,1,,,,,,,,,,
"4,012",2018 People Staying Counts,COl2,Weekend_Midday,Weekend,Midday,20180728,1325,1335,,Sun-Shaded,72,UD4H,5,1,1,,1,,,,,1,,,,,,,1,,,,,,1,,,,,,,,,,,,1,,,,,,,,,,
"4,013",2018 People Staying Counts,COl2,Weekend_Midday,Weekend,Midday,20180728,1325,1335,,Sun-Shaded,72,UD4H,6,1,2,,1,,1,,,,,,,,,,1,,,,,,1,,,,,,,1,,1,1,,,,,,,,,,,,
"4,014",2018 People Staying Counts,COl2,Weekend_Midday,Weekend,Midday,20180728,1325,1335,,Sun-Shaded,72,UD4H,7,1,2,,1,,1,,,,,,,,,,1,,,,,,1,,,,,,,,,1,1,,,,,,,,,,,,
"4,015",2018 People Staying Counts,COl2,Weekend_Midday,Weekend,Midday,20180728,1325,1335,,Sun-Shaded,72,UD4H,8,1,2,1,,,1,,,,,,,,,1,,,,,,1,,,,,,,,,,,1,,1,,,,,,,,,,
"4,016",2018 People Staying Counts,COl2,Weekend_Midday,Weekend,Midday,20180728,1325,1335,,Sun-Shaded,72,UD4H,9,1,2,,1,,1,,,,,,,,,,,1,,,1,,,,,,,,,,,,1,,,,1,,,,,,,,
"4,017",2018 People Staying Counts,COl2,Weekend_Midday,Weekend,Midday,20180728,1325,1335,,Sun-Shaded,72,UD4H,10,1,2,,1,,,,,1,,,,,,,,,1,,1,,,,,,,,,,,,1,,,,1,,,,,,,,
"4,018",2018 People Staying Counts,COl2,Weekend_Midday,Weekend,Midday,20180728,1325,1335,,Sun-Shaded,72,UD4H,11,1,2,1,,,,,,1,,,,,,,,1,,,1,,,,,,,,,,,,1,,,,,,,,,,,,
"4,019",2018 People Staying Counts,COl2,Weekend_Evening,Weekend,Evening,20180728,1709,1719,,Sun-Shaded,84,UD4H,1,0,,,,,,,,,,,,,,,,,,,,,,,,,,,,,,,,,,,,,,,,,,,
"4,020",2018 People Staying Counts,COl2,Weekday1_Morning,Weekday,Morning,20180730,0935,0945,event:roadwork_construction,Sun-Shaded,68,UD4H,1,0,,,,,,,,,,,,,,,,,,,,,,,,,,,,,,,,,,,,,,,,,,,
"4,021",2018 People Staying Counts,COl2,Weekday1_Midday,Weekday,Midday,20180730,1329,1339,,Sun-Shaded,84,UD4H,1,1,1,,1,,,,,1,,,,,,,,1,,,,,1,,,,,,,,,1,,,1,,,,,,,,,,
"4,022",2018 People Staying Counts,COl2,Weekday1_Midday,Weekday,Midday,20180730,1329,1339,,Sun-Shaded,84,UD4H,2,1,2,1,,,1,,,,,,,,,,,1,,,,,1,,,,,,,,,1,1,,,,,,,,,,,,
"4,023",2018 People Staying Counts,COl2,Weekday1_Midday,Weekday,Midday,20180730,1329,1339,,Sun-Shaded,84,UD4H,3,1,2,,1,,1,,,,,,,,,,,1,,,,,1,,,,,,,,,1,1,,,,,,,,,,,,
"4,024",2018 People Staying Counts,COl2,Weekday1_Midday,Weekday,Midday,20180730,1329,1339,,Sun-Shaded,84,UD4H,4,1,1,,1,,,1,,,,,,,,,1,,,,1,,,,,,,,,,,,,,1,,,,,,,,,,
"4,025",2018 People Staying Counts,COl2,Weekday1_Evening,Weekday,Evening,20180730,1645,1655,,Sun-Shaded,86,UD4H,1,1,2,,1,,,1,,,,,,,,,,1,,,1,,,,,,,,,,1,,1,,,,,,,,,,,,
"4,026",2018 People Staying Counts,COl2,Weekday1_Evening,Weekday,Evening,20180730,1645,1655,,Sun-Shaded,86,UD4H,2,1,2,,1,,,1,,,,,,,,,,1,,,1,,,,,,,,,,1,,1,,,,,,,,,,,,
"4,027",2018 People Staying Counts,COl2,Weekday1_Evening,Weekday,Evening,20180730,1645,1655,,Sun-Shaded,86,UD4H,3,1,2,,1,,1,,,,,,,,,,,1,,,1,,,,,,,,,,,,1,,1,,,,,,,,,,
"4,028",2018 People Staying Counts,COl2,Weekday1_Evening,Weekday,Evening,20180730,1645,1655,,Sun-Shaded,86,UD4H,4,1,2,1,,,1,,,,,,,,,,,1,,,1,,,,,,,,,,,,1,,1,,,,,,,,,,
"4,029",2018 People Staying Counts,COl2,Weekday2_Morning,Weekday,Morning,20180801,0932,0942,"event:commercial_event, event:roadwork_construction",Heavy Clouds,61,UD4H,1,1,2,1,,,1,,,,,,,,,,,1,,,1,,,,,,,,,,,,1,,,,,1,1,,,,,,
"4,030",2018 People Staying Counts,COl2,Weekday2_Morning,Weekday,Morning,20180801,0932,0942,"event:commercial_event, event:roadwork_construction",Heavy Clouds,61,UD4H,2,1,2,1,,,1,,,,,,,,,,,1,,,1,,,,,,,,,,,1,1,,,,,,1,,,,,,
"4,031",2018 People Staying Counts,COl2,Weekday2_Morning,Weekday,Morning,20180801,0932,0942,"event:commercial_event, event:roadwork_construction",Heavy Clouds,61,UD4H,3,1,1,1,,,1,,,,,,,,,,,1,,,1,,,,,,,,,,,,1,,,,,,1,,,,,,
"4,032",2018 People Staying Counts,COl2,Weekday2_Morning,Weekday,Morning,20180801,0932,0942,"event:commercial_event, event:roadwork_construction",Heavy Clouds,61,UD4H,4,1,1,1,,,1,,,,,,,,,,1,,,,1,,,,,,,,,,,,1,,,,,,1,,,,,,
"4,033",2018 People Staying Counts,COl2,Weekday2_Midday,Weekday,Midday,20180801,1309,1319,event:roadwork_construction,Light Clouds,66,UD4H,1,1,1,,1,,1,,,,,,,,,,,1,,,1,,,,,,,,,,,,1,,1,,,,,,,,,,
"4,034",2018 People Staying Counts,COl2,Weekday2_Midday,Weekday,Midday,20180801,1309,1319,event:roadwork_construction,Light Clouds,66,UD4H,2,1,2,1,,,1,,,,,,,,,,1,,,,,,1,,,,,,,,,,1,,,,,,,,,,,,
"4,035",2018 People Staying Counts,COl2,Weekday2_Midday,Weekday,Midday,20180801,1309,1319,event:roadwork_construction,Light Clouds,66,UD4H,3,1,2,,1,,1,,,,,,,,,,,1,,,,,1,,,,,,,,,,1,,,,,,,,,,,,
"4,036",2018 People Staying Counts,COl2,Weekday2_Midday,Weekday,Midday,20180801,1309,1319,event:roadwork_construction,Light Clouds,66,UD4H,4,1,3,,1,,,1,,,,,,,,,1,,,,,,1,,,,,,,,,,1,,,,,,,,,,,,
"4,037",2018 People Staying Counts,COl2,Weekday2_Midday,Weekday,Midday,20180801,1309,1319,event:roadwork_construction,Light Clouds,66,UD4H,5,1,3,,1,,,1,,,,,,,,,,1,,,,,1,,,,,,,,,1,1,,1,,,,,,,,,,
"4,038",2018 People Staying Counts,COl2,Weekday2_Midday,Weekday,Midday,20180801,1309,1319,event:roadwork_construction,Light Clouds,66,UD4H,6,1,3,1,,,,1,,,,,,,,1,,,,,1,,,,,,,,,,,,,,,1,,,,,,,,,
"4,039",2018 People Staying Counts,COl2,Weekday2_Midday,Weekday,Midday,20180801,1309,1319,event:roadwork_construction,Light Clouds,66,UD4H,7,1,1,1,,,1,,,,,,,,,,,1,,,1,,,,,,,,,,,,1,,,,,,,,,,,,
"4,040",2018 People Staying Counts,COl2,Weekday2_Midday,Weekday,Midday,20180801,1309,1319,event:roadwork_construction,Light Clouds,66,UD4H,8,1,1,1,,,1,,,,,,,,,,,1,,,1,,,,,,,,,,,,1,,,,,,,,,,,,
"4,041",2018 People Staying Counts,COl2,Weekday2_Midday,Weekday,Midday,20180801,1309,1319,event:roadwork_construction,Light Clouds,66,UD4H,9,1,1,,1,,,1,,,,,,,,,,1,,,1,,,,,,,,,,,,1,,,,,,,,,,,,
"4,042",2018 People Staying Counts,COl2,Weekday2_Evening,Weekday,Evening,20180801,1704,1714,,Sun-Shaded,72,UD4H,1,1,1,1,,,1,,,,,,,,,,,1,,,1,,,,,,,,,,,,,,,,1,,,,,,,,
"4,043",2018 People Staying Counts,MTB1,Weekday1_Morning,Weekday,Morning,20180726,0953,1003,,Sun-Shaded,72,UD4H,1,1,2,,1,,,,,,,,1,,,,,1,,,1,,,,,,,,,,,,1,,,,,,,,,,,,
"4,044",2018 People Staying Counts,MTB1,Weekday1_Morning,Weekday,Morning,20180726,0953,1003,,Sun-Shaded,72,UD4H,2,1,2,1,,,,,,,,,1,,,1,,,,,1,,,,,,,,,,,,1,,,,,,,,,,,,
"4,045",2018 People Staying Counts,MTB1,Weekday1_Morning,Weekday,Morning,20180726,0953,1003,,Sun-Shaded,72,UD4H,3,1,1,,1,,1,,,,,,,,,,,,,1,1,,,,,,,,,,,,,,,,1,,,,,,,,
"4,046",2018 People Staying Counts,MTB1,Weekday1_Morning,Weekday,Morning,20180726,0953,1003,,Sun-Shaded,72,UD4H,4,1,1,1,,,,1,,,,,,,,,,,,1,,,,,,1,,,,,,,,,,,1,,,,,,,,
"4,047",2018 People Staying Counts,MTB1,Weekday1_Morning,Weekday,Morning,20180726,0953,1003,,Sun-Shaded,72,UD4H,5,1,1,1,,,,1,,,,,,,,,,,,1,1,,,,,,,,,,1,,,,,,,,,,,,,,
"4,048",2018 People Staying Counts,MTB1,Weekday1_Morning,Weekday,Morning,20180726,0953,1003,,Sun-Shaded,72,UD4H,6,1,1,1,,,,,,1,,,,,,,1,,,,1,,,,,,,,,,,,,,1,,,,,,,,,,
"4,049",2018 People Staying Counts,MTB1,Weekday1_Morning,Weekday,Morning,20180726,0953,1003,,Sun-Shaded,72,UD4H,7,1,1,1,,,,1,,,,,,,,,,1,,,1,,,,,,,,,,,,,,,,1,,,,,,,,
"4,050",2018 People Staying Counts,MTB1,Weekday1_Morning,Weekday,Morning,20180726,0953,1003,,Sun-Shaded,72,UD4H,8,1,1,,1,,,,,1,,,,,,,,1,,,1,,,,,,,,,,,,,,1,,,,,,,,,,
"4,051",2018 People Staying Counts,MTB1,Weekday1_Morning,Weekday,Morning,20180726,0953,1003,,Sun-Shaded,72,UD4H,9,1,1,,1,,,1,,,,,,,,,,,,1,1,,,,,,,,,,,,,,,,1,,,,,,,,
"4,052",2018 People Staying Counts,MTB1,Weekday1_Midday,Weekday,Midday,20180726,1341,1351,,Sun-Shaded,83,UD4H,1,1,1,1,,,,,,1,,,,,,,,,1,,1,,,,,,,,,,,,,,,,1,1,,,,,,,
"4,053",2018 People Staying Counts,MTB1,Weekday1_Midday,Weekday,Midday,20180726,1341,1351,,Sun-Shaded,83,UD4H,2,1,1,,1,,1,,,,,,,,,,,1,,,1,,,,,,,,,,,1,,,,,1,,,,,,,,
"4,054",2018 People Staying Counts,MTB1,Weekday1_Midday,Weekday,Midday,20180726,1341,1351,,Sun-Shaded,83,UD4H,3,1,1,1,,,,,,,,1,,,,,,1,,,1,,,,,,,,,1,,,,,,,,,1,,,,,,
"4,055",2018 People Staying Counts,MTB1,Weekday1_Evening,Weekday,Evening,20180726,1734,1744,,Sun-Shaded,91,UD4H,1,1,1,,1,,1,,,,,,,,,,,,1,,1,,,,,,,,,,,,,,1,,,,,,,,,,
"4,056",2018 People Staying Counts,MTB1,Weekday1_Evening,Weekday,Evening,20180726,1734,1744,,Sun-Shaded,91,UD4H,2,1,1,1,,,,1,,,,,,,,,,1,,,1,,,,,,,,,,,,,,1,,,,,1,,,,,
"4,057",2018 People Staying Counts,MTB1,Weekday1_Evening,Weekday,Evening,20180726,1734,1744,,Sun-Shaded,91,UD4H,3,1,1,,1,,,1,,,,,,,,,,1,,,1,,,,,,,,,,,,,,1,,,,,,,,,,
"4,058",2018 People Staying Counts,MTB1,Weekday1_Evening,Weekday,Evening,20180726,1734,1744,,Sun-Shaded,91,UD4H,4,1,1,1,,,,,,,,1,,,,,,1,,,1,,,,,,,,,,,1,,,1,,,,,,,,,,
"4,059",2018 People Staying Counts,MTB1,Weekday1_Evening,Weekday,Evening,20180726,1734,1744,,Sun-Shaded,91,UD4H,5,1,2,1,,,,1,,,,,,,,,,1,,,1,,,,,,,,,,,,1,,,,,,,,,,,,
"4,060",2018 People Staying Counts,MTB1,Weekday1_Evening,Weekday,Evening,20180726,1734,1744,,Sun-Shaded,91,UD4H,6,1,2,1,,,,1,,,,,,,1,,,,,,1,,,,,,,,,,,,,,,,1,,,,,,,,
"4,061",2018 People Staying Counts,MTB1,Weekday1_Evening,Weekday,Evening,20180726,1734,1744,,Sun-Shaded,91,UD4H,7,1,1,,1,,,1,,,,,,,,,,1,,,1,,,,,,,,,,,,,,,,,,1,,,,,,
"4,062",2018 People Staying Counts,MTB1,Weekday2_Morning,Weekday,Morning,20180727,0821,0831,,Sun-Shaded,61,UD4H,1,1,1,1,,,,1,,,,,,,,,,,,1,1,,,,,,,,,,,,,,,1,,,,,,,,,
"4,063",2018 People Staying Counts,MTB1,Weekday2_Morning,Weekday,Morning,20180727,0821,0831,,Sun-Shaded,61,UD4H,2,1,1,,1,,,,,1,,,,,,,,1,,,1,,,,,,,,,,1,,,,1,,,,,,,,,,
"4,064",2018 People Staying Counts,MTB1,Weekday2_Morning,Weekday,Morning,20180727,0821,0831,,Sun-Shaded,61,UD4H,3,1,1,,1,,,,,1,,,,,,,,,1,,1,,,,,,,,,,,,,,,,1,,,,,,,,
"4,065",2018 People Staying Counts,MTB1,Weekday2_Midday,Weekday,Midday,20180727,1227,1237,,Sun-Shaded,75,UD4H,1,1,1,1,,,,1,,,,,,,,,,,,1,1,,,,,,,,,,1,,,,,,1,,,,,,,,
"4,066",2018 People Staying Counts,MTB1,Weekday2_Midday,Weekday,Midday,20180727,1227,1237,,Sun-Shaded,75,UD4H,2,1,1,1,,,,1,,,,,,,,,,,1,,,1,,,,,,,,,,,,,,,,,1,,,,,,
"4,067",2018 People Staying Counts,MTB1,Weekday2_Midday,Weekday,Midday,20180727,1227,1237,,Sun-Shaded,75,UD4H,3,1,1,1,,,,1,,,,,,,,,,1,,,1,,,,,,,,,,,,,,1,,,,,,,,,,
"4,068",2018 People Staying Counts,MTB1,Weekday2_Midday,Weekday,Midday,20180727,1227,1237,,Sun-Shaded,75,UD4H,4,1,1,1,,,,1,,,,,,,,,,1,,,1,,,,,,,,,,,1,,,1,,,,,,,,,,
"4,069",2018 People Staying Counts,MTB1,Weekday2_Midday,Weekday,Midday,20180727,1227,1237,,Sun-Shaded,75,UD4H,5,1,1,,1,,1,,,,,,,,,,,1,,,1,,,,,,,,,,,,1,,,,,,,,,,,,
"4,070",2018 People Staying Counts,MTB1,Weekday2_Midday,Weekday,Midday,20180727,1227,1237,,Sun-Shaded,75,UD4H,6,1,1,,1,,1,,,,,,,,,,,,1,,1,,,,,,,,,,,,,,,,1,,,,,,,,
"4,071",2018 People Staying Counts,MTB1,Weekday2_Midday,Weekday,Midday,20180727,1227,1237,,Sun-Shaded,75,UD4H,7,1,1,1,,,,,,1,,,,,,,,1,,,1,,,,,,,,,,,,,,,,,,1,,,,,,
"4,072",2018 People Staying Counts,MTB1,Weekday2_Evening,Weekday,Evening,20180727,1621,1631,,Sun-Shaded,85,UD4H,1,1,1,1,,,,1,,,,,,,,,,1,,,1,,,,,,,,,,,,,,1,,,,,,,,,,
"4,073",2018 People Staying Counts,MTB1,Weekday2_Evening,Weekday,Evening,20180727,1621,1631,,Sun-Shaded,85,UD4H,2,1,2,1,,,,1,,,,,,,,,,1,,,1,,,,,,,,,,,,1,,,,,,,1,,,,,
"4,074",2018 People Staying Counts,MTB1,Weekday2_Evening,Weekday,Evening,20180727,1621,1631,,Sun-Shaded,85,UD4H,3,1,2,1,,,,1,,,,,,,,,,1,,,1,,,,,,,,,,,,1,,,,,,,,,,,,
"4,075",2018 People Staying Counts,MTB1,Weekday2_Evening,Weekday,Evening,20180727,1621,1631,,Sun-Shaded,85,UD4H,4,1,1,,1,,,1,,,,,,,,,,1,,,1,,,,,,,,,,,,,,1,,,,,,,,,,
"4,076",2018 People Staying Counts,MTB1,Weekday2_Evening,Weekday,Evening,20180727,1621,1631,,Sun-Shaded,85,UD4H,5,1,1,,1,,,1,,,,,,,,,,,1,,1,,,,,,,,,,,,,,,,1,,,,,,,,
"4,077",2018 People Staying Counts,MTB1,Weekday2_Evening,Weekday,Evening,20180727,1621,1631,,Sun-Shaded,85,UD4H,6,1,1,,1,,,1,,,,,,,,,,1,,,,,,,,1,,,,,,,,,,,1,,,1,,,,,
"4,078",2018 People Staying Counts,MTB1,Weekday2_Evening,Weekday,Evening,20180727,1621,1631,,Sun-Shaded,85,UD4H,7,1,2,,1,,,1,,,,,,,,,,1,,,,,,,,1,,,,,,1,1,,,,,,,,,,,,
"4,079",2018 People Staying Counts,MTB1,Weekday2_Evening,Weekday,Evening,20180727,1621,1631,,Sun-Shaded,85,UD4H,8,1,2,1,,,,1,,,,,,,,,,1,,,1,,,,,,,,,,,,1,,,,,,,,,,,,
"4,080",2018 People Staying Counts,MTB1,Weekend_Midday,Weekend,Midday,20180728,1222,1232,,Sun-Shaded,72,UD4H,1,1,1,1,,,,1,,,,,,,,,,,1,,1,,,,,,,,,,,,,,,,,,,1,,,,,
"4,081",2018 People Staying Counts,MTB1,Weekend_Midday,Weekend,Midday,20180728,1222,1232,,Sun-Shaded,72,UD4H,2,1,1,,1,,,,,,,1,,,,,,,1,,1,,,,,,,,,,,,,,1,,,,,,,,,,
"4,082",2018 People Staying Counts,MTB1,Weekend_Midday,Weekend,Midday,20180728,1222,1232,,Sun-Shaded,72,UD4H,3,1,1,1,,,,1,,,,,,,,,,1,,,1,,,,,,,,,,,,,,1,,,,,,,,,,
"4,083",2018 People Staying Counts,MTB1,Weekend_Midday,Weekend,Midday,20180728,1222,1232,,Sun-Shaded,72,UD4H,4,1,1,1,,,,,,1,,,,,,,,1,,,1,,,,,,,,,,,,,,,,,,1,,,,,,
"4,084",2018 People Staying Counts,MTB1,Weekend_Midday,Weekend,Midday,20180728,1222,1232,,Sun-Shaded,72,UD4H,5,1,1,,1,,1,,,,,,,,,,1,,,,1,,,,,,,,,,,,,,1,,,,,,,,,,
"4,085",2018 People Staying Counts,MTB1,Weekend_Midday,Weekend,Midday,20180728,1222,1232,,Sun-Shaded,72,UD4H,6,1,1,,1,,1,,,,,,,,,,,,1,,1,,,,,,,,,,,,,,,,1,,,,,,,,
"4,086",2018 People Staying Counts,MTB1,Weekend_Midday,Weekend,Midday,20180728,1222,1232,,Sun-Shaded,72,UD4H,7,1,1,1,,,,1,,,,,,,,,,,1,,1,,,,,,,,,,,,,,1,,,,,,,,,,
"4,087",2018 People Staying Counts,MTB1,Weekend_Evening,Weekend,Evening,20180728,1621,1631,,Sun-Shaded,84,UD4H,1,1,1,,1,,,1,,,,,,,,,,,1,,,,,,,1,,,,,,1,,,,,1,,,,,,,,
"4,088",2018 People Staying Counts,MTB1,Weekend_Evening,Weekend,Evening,20180728,1621,1631,,Sun-Shaded,84,UD4H,2,1,1,1,,,,1,,,,,,,,,,1,,,,,,,,1,,,,,,,1,,,,,,,,,,,,
"4,089",2018 People Staying Counts,MTB1,Weekend_Evening,Weekend,Evening,20180728,1621,1631,,Sun-Shaded,84,UD4H,3,1,1,1,,,,1,,,,,,,,,,,1,,,,,,,1,,,,,,,,,1,,1,,,,,,,,
"4,090",2018 People Staying Counts,MTB1,Weekend_Evening,Weekend,Evening,20180728,1621,1631,,Sun-Shaded,84,UD4H,4,1,1,1,,,1,,,,,,,,,,,1,,,1,,,,,,,,,,,,1,,,,,,,,,,,,
"4,091",2018 People Staying Counts,GPR3,Weekday1_Morning,Weekday,Morning,20180906,0909,0919,,Sun-Shaded,63,UD4H,1,0,,,,,,,,,,,,,,,,,,,,,,,,,,,,,,,,,,,,,,,,,,,
"4,092",2018 People Staying Counts,GPR3,Weekday1_Midday,Weekday,Midday,20180906,1250,1300,,Sun-Shaded,73,UD4H,1,1,1,,1,,1,,,,,,,,,,,,1,,1,,,,,,,,,,1,,,,,,1,,,,,,,,
"4,093",2018 People Staying Counts,GPR3,Weekday1_Midday,Weekday,Midday,20180906,1250,1300,,Sun-Shaded,73,UD4H,2,1,1,1,,,1,,,,,,,,,,,1,,,1,,,,,,,,1,,,,,,,,,,,,,,,,
"4,094",2018 People Staying Counts,GPR3,Weekday1_Midday,Weekday,Midday,20180906,1250,1300,,Sun-Shaded,73,UD4H,3,1,1,1,,,1,,,,,,,,,,,,,1,1,,,,,,,,,,,1,,,,,,,,,,,,,
"4,095",2018 People Staying Counts,GPR3,Weekday1_Evening,Weekday,Evening,20180906,1654,1704,,Sun-Shaded,81,UD4H,1,0,,,,,,,,,,,,,,,,,,,,,,,,,,,,,,,,,,,,,,,,,,,
"4,096",2018 People Staying Counts,GPR3,Weekday2_Morning,Weekday,Morning,20180907,0916,0926,,Light Clouds,61,UD4H,1,1,1,,1,,1,,,,,,,,,,,,1,,,,,,,1,,,,,1,,,,1,,,,,,,,,,
"4,097",2018 People Staying Counts,GPR3,Weekday2_Morning,Weekday,Morning,20180907,0916,0926,,Light Clouds,61,UD4H,2,1,1,,1,,1,,,,,,,,,,,1,,,,,,,,1,,,1,,,,,1,,,,,,,,,,,
"4,098",2018 People Staying Counts,GPR3,Weekday2_Midday,Weekday,Midday,20180907,1242,1252,,Sun-Shaded,63,UD4H,1,1,1,,1,,1,,,,,,,,,,,1,,,1,,,,,,,,,,,,,,,1,,,,,,,,,
"4,099",2018 People Staying Counts,GPR3,Weekday2_Midday,Weekday,Midday,20180907,1242,1252,,Sun-Shaded,63,UD4H,2,1,1,,1,,1,,,,,,,,,,,,1,,,1,,,,,,,,,,,,,1,,,,,,,,,,
"4,100",2018 People Staying Counts,GPR3,Weekday2_Midday,Weekday,Midday,20180907,1242,1252,,Sun-Shaded,63,UD4H,3,1,1,1,,,1,,,,,,,,,,,1,,,1,,,,,,,,,,,,,,,1,,,,,,,,,
"4,101",2018 People Staying Counts,GPR3,Weekday2_Evening,Weekday,Evening,20180907,1629,1639,,Light Clouds,72,UD4H,1,1,1,,1,,1,,,,,,,,,,1,,,,1,,,,,,,,,,,,,,,1,,,,,,,,,
"4,102",2018 People Staying Counts,GPR3,Weekend_Midday,Weekend,Midday,20180908,1310,1320,,Heavy Clouds,66,UD4H,1,1,2,1,,,1,,,,,,,,,,,1,,,1,,,,,,,,,,,,1,,,,,,,1,,,,,
"4,103",2018 People Staying Counts,GPR3,Weekend_Midday,Weekend,Midday,20180908,1310,1320,,Heavy Clouds,66,UD4H,2,1,2,,1,,1,,,,,,,,,,,1,,,1,,,,,,,,,,,,1,,,,,,,,,,,,
"4,104",2018 People Staying Counts,GPR3,Weekend_Midday,Weekend,Midday,20180908,1310,1320,,Heavy Clouds,66,UD4H,3,1,2,1,,,1,,,,,,,,,,,,1,,1,,,,,,,,,,,,1,1,1,,,,,,,,,,
"4,105",2018 People Staying Counts,GPR3,Weekend_Midday,Weekend,Midday,20180908,1310,1320,,Heavy Clouds,66,UD4H,4,1,2,,1,,1,,,,,,,,,,,1,,,,1,,,,,,,,,,,1,,,,,,,,,,,,
"4,106",2018 People Staying Counts,GPR3,Weekend_Evening,Weekend,Evening,20180908,1648,1658,,Light Clouds,69,UD4H,1,1,3,,1,,1,,,,,,,,,,,,1,,1,,,,,,,,,,1,,1,,,,,,,,,,,,
"4,107",2018 People Staying Counts,GPR3,Weekend_Evening,Weekend,Evening,20180908,1648,1658,,Light Clouds,69,UD4H,2,1,3,1,,,1,,,,,,,,,,,,1,,1,,,,,,,,,,1,,1,,,,,,,,,,,,
"4,108",2018 People Staying Counts,GPR3,Weekend_Evening,Weekend,Evening,20180908,1648,1658,,Light Clouds,69,UD4H,3,1,3,,1,,1,,,,,,,,,,,,1,,1,,,,,,,,,,1,,1,,,,,,,,,,,,
"4,109",2018 People Staying Counts,PIO4,Weekend_Midday,Weekend,Midday,20180714,1319,1329,,Sun-Exposed,70,UD4H,1,1,3,,1,,1,,,,,,,,,,1,,,,,,,1,,,,,,1,,1,1,,1,,,,,,,,,,
"4,110",2018 People Staying Counts,PIO4,Weekend_Midday,Weekend,Midday,20180714,1319,1329,,Sun-Exposed,70,UD4H,2,1,3,,1,,1,,,,,,,,,,1,,,,,,,1,,,,,,1,,1,1,,1,,,,,,,,,,
"4,111",2018 People Staying Counts,PIO4,Weekend_Midday,Weekend,Midday,20180714,1319,1329,,Sun-Exposed,70,UD4H,3,1,3,,1,,1,,,,,,,,,,1,,,,,,,1,,,,,,1,,1,1,,1,,,,,,,,,,
"4,112",2018 People Staying Counts,PIO4,Weekend_Midday,Weekend,Midday,20180714,1319,1329,,Sun-Exposed,70,UD4H,4,1,3,,1,,1,,,,,,,,,,,1,,,1,,,,,,,,,,,,1,,1,,,,,,,,,,
"4,113",2018 People Staying Counts,PIO4,Weekend_Midday,Weekend,Midday,20180714,1319,1329,,Sun-Exposed,70,UD4H,5,1,3,1,,,1,,,,,,,,,,,1,,,1,,,,,,,,,,,,1,,,,,,,,,,,,
"4,114",2018 People Staying Counts,PIO4,Weekend_Midday,Weekend,Midday,20180714,1319,1329,,Sun-Exposed,70,UD4H,6,1,3,,1,,1,,,,,,,,,1,,,,,1,,,,,,,,,,,,1,,,,,,,,,,,,
"4,115",2018 People Staying Counts,PIO4,Weekend_Evening,Weekend,Evening,20180714,1725,1735,,Sun-Exposed,79,UD4H,1,1,1,,1,,1,,,,,,,,,,,,1,,,,,1,,,,,,,,1,,,1,,,,,,,,,,
"4,116",2018 People Staying Counts,PIO4,Weekend_Evening,Weekend,Evening,20180714,1725,1735,,Sun-Exposed,79,UD4H,2,1,1,,1,,1,,,,,,,,,,,1,,,1,,,,,,,,,,,,,,1,,,,,,,,,,
"4,117",2018 People Staying Counts,PIO4,Weekend_Evening,Weekend,Evening,20180714,1725,1735,,Sun-Exposed,79,UD4H,3,1,1,,1,,1,,,,,,,,,,,1,,,1,,,,,,,,,,,,,,1,,,,,1,,,,,
"4,118",2018 People Staying Counts,PIO4,Weekend_Evening,Weekend,Evening,20180714,1725,1735,,Sun-Exposed,79,UD4H,4,1,1,1,,,1,,,,,,,,,,,,1,,1,,,,,,,1,,,,,1,,,,,,,,1,1,,,
"4,119",2018 People Staying Counts,PIO4,Weekend_Evening,Weekend,Evening,20180714,1725,1735,,Sun-Exposed,79,UD4H,5,1,1,1,,,1,,,,,,,,,,,1,,,1,,,,,,,,,,,,,,,,1,,,,,,,,
"4,120",2018 People Staying Counts,PIO4,Weekend_Evening,Weekend,Evening,20180714,1725,1735,,Sun-Exposed,79,UD4H,6,1,1,1,,,1,,,,,,,,,,,,1,,1,,,,,,,,,,,,,,1,,,,,,,,,,
"4,121",2018 People Staying Counts,PIO4,Weekend_Evening,Weekend,Evening,20180714,1725,1735,,Sun-Exposed,79,UD4H,7,1,1,1,,,,,,1,,,,,,,,1,,,,1,,,,,,,,,,,,,1,,,,,1,,,,,
"4,122",2018 People Staying Counts,PIO4,Weekday1_Morning,Weekday,Morning,20180716,0931,0941,,Sun-Shaded,66,UD4H,1,1,1,1,,,1,,,,,,,,,,,1,,,,,,1,,,,,,,,,,,,,,,,1,,,,,
"4,123",2018 People Staying Counts,PIO4,Weekday1_Morning,Weekday,Morning,20180716,0931,0941,,Sun-Shaded,66,UD4H,2,1,2,1,,,1,,,,,,,,,,,1,,,1,,,,,,,,,,,,1,,,,,,,,,,,,
"4,124",2018 People Staying Counts,PIO4,Weekday1_Morning,Weekday,Morning,20180716,0931,0941,,Sun-Shaded,66,UD4H,3,1,2,1,,,1,,,,,,,,,,,1,,,1,,,,,,,,,,,,1,,,,,,,,,,,,
"4,125",2018 People Staying Counts,PIO4,Weekday1_Morning,Weekday,Morning,20180716,0931,0941,,Sun-Shaded,66,UD4H,4,1,1,1,,,1,,,,,,,,,,,1,,,1,,,,,,,,,,,,,,,,1,,,,,,,,
"4,126",2018 People Staying Counts,PIO4,Weekday1_Morning,Weekday,Morning,20180716,0931,0941,,Sun-Shaded,66,UD4H,5,1,1,,1,,1,,,,,,,,,,,,1,,,,,1,,,,,,,,,,,1,,,,,,,,,,
"4,127",2018 People Staying Counts,PIO4,Weekday1_Morning,Weekday,Morning,20180716,0931,0941,,Sun-Shaded,66,UD4H,6,1,2,1,,,1,,,,,,,,,,,1,,,1,,,,,,,,,,,,,,,,,,1,,,,,,
"4,128",2018 People Staying Counts,PIO4,Weekday1_Morning,Weekday,Morning,20180716,0931,0941,,Sun-Shaded,66,UD4H,7,1,2,1,,,1,,,,,,,,,,,1,,,1,,,,,,,,,,,,1,,,,,,,,,,,,
"4,129",2018 People Staying Counts,PIO4,Weekday1_Morning,Weekday,Morning,20180716,0931,0941,,Sun-Shaded,66,UD4H,8,1,1,1,,,1,,,,,,,,,,,,1,,1,,,,,,,,,,,,1,,,,,,,,,,,,
"4,130",2018 People Staying Counts,PIO4,Weekday1_Morning,Weekday,Morning,20180716,0931,0941,,Sun-Shaded,66,UD4H,9,1,1,1,,,1,,,,,,,,,,,1,,,1,,,,,,,,,,,,1,,,,,,,,,,,,
"4,131",2018 People Staying Counts,PIO4,Weekday1_Midday,Weekday,Midday,20180716,1324,1334,,Sun-Exposed,78,UD4H,1,1,2,,1,,1,,,,,,,,,,,1,,,,,,1,,,,,,1,,1,1,,,,,,,,,,,,
"4,132",2018 People Staying Counts,PIO4,Weekday1_Midday,Weekday,Midday,20180716,1324,1334,,Sun-Exposed,78,UD4H,2,1,2,1,,,1,,,,,,,,,,,,,1,,,,1,,,,,,1,,1,1,,,,,,,,,,,,
"4,133",2018 People Staying Counts,PIO4,Weekday1_Midday,Weekday,Midday,20180716,1324,1334,,Sun-Exposed,78,UD4H,3,1,1,1,,,1,,,,,,,,,,,1,,,1,,,,,,,,,,,,,,1,,,,,,,,,,
"4,134",2018 People Staying Counts,PIO4,Weekday1_Midday,Weekday,Midday,20180716,1324,1334,,Sun-Exposed,78,UD4H,4,1,2,1,,,1,,,,,,,,,,,1,,,1,,,,,,,,,,,,1,,,,,,,,,,,,
"4,135",2018 People Staying Counts,PIO4,Weekday1_Midday,Weekday,Midday,20180716,1324,1334,,Sun-Exposed,78,UD4H,5,1,2,1,,,1,,,,,,,,,,,,1,,1,,,,,,,,,,,,1,,,,,,,,,,,,
"4,136",2018 People Staying Counts,PIO4,Weekday1_Midday,Weekday,Midday,20180716,1324,1334,,Sun-Exposed,78,UD4H,6,1,1,1,,,1,,,,,,,,,,,1,,,,,,1,,,,,,1,,,,,1,,,,,,,,,,
"4,137",2018 People Staying Counts,PIO4,Weekday1_Midday,Weekday,Midday,20180716,1324,1334,,Sun-Exposed,78,UD4H,7,1,1,1,,,,1,,,,,,,,,,1,,,1,,,,,,,,,,,,,,1,,,,,,,,,,
"4,138",2018 People Staying Counts,PIO4,Weekday1_Midday,Weekday,Midday,20180716,1324,1334,,Sun-Exposed,78,UD4H,8,1,1,,1,,1,,,,,,,,,,1,,,,1,,,,,,,,,,,,,,1,,,,,,,,,,
"4,139",2018 People Staying Counts,PIO4,Weekday1_Midday,Weekday,Midday,20180716,1324,1334,,Sun-Exposed,78,UD4H,9,1,1,1,,,1,,,,,,,,,,,1,,,,,,1,,,,,,1,,1,,,1,,,,,,,,,,
"4,140",2018 People Staying Counts,PIO4,Weekday1_Midday,Weekday,Midday,20180716,1324,1334,,Sun-Exposed,78,UD4H,10,1,1,,1,,1,,,,,,,,,,,1,,,,,,1,,,,,,1,,1,1,,,,,,,,,,,,
"4,141",2018 People Staying Counts,PIO4,Weekday1_Midday,Weekday,Midday,20180716,1324,1334,,Sun-Exposed,78,UD4H,11,1,1,,1,,,,,1,,,,,,,,1,,,,,,1,,,,,,1,,1,,,1,,,,,,,,,,
"4,142",2018 People Staying Counts,PIO4,Weekday1_Evening,Weekday,Evening,20180716,1723,1733,,Sun-Exposed,87,UD4H,1,1,2,1,,,1,,,,,,,,,,,1,,,,,,1,,,,,,1,,1,1,,,,,,,,,,,,
"4,143",2018 People Staying Counts,PIO4,Weekday1_Evening,Weekday,Evening,20180716,1723,1733,,Sun-Exposed,87,UD4H,2,1,2,1,,,1,,,,,,,,,,,1,,,,,,1,,,,,,1,,1,1,,,,,,,,,,,,
"4,144",2018 People Staying Counts,PIO4,Weekday1_Evening,Weekday,Evening,20180716,1723,1733,,Sun-Exposed,87,UD4H,3,1,1,1,,,,,,,,1,,,,,,1,,,1,,,,,,,,,,,,,,1,,,,,,,,,,
"4,145",2018 People Staying Counts,PIO4,Weekday1_Evening,Weekday,Evening,20180716,1723,1733,,Sun-Exposed,87,UD4H,4,1,1,,1,,1,,,,,,,,,,1,,,,,1,,,,,,,,,,,,,1,,,,,,,,,,
"4,146",2018 People Staying Counts,PIO4,Weekday1_Evening,Weekday,Evening,20180716,1723,1733,,Sun-Exposed,87,UD4H,5,1,3,1,,,,,,,,1,,,,,,,1,,1,,,,,,,,,,,,1,,,,,,,,,,,,
"4,147",2018 People Staying Counts,PIO4,Weekday1_Evening,Weekday,Evening,20180716,1723,1733,,Sun-Exposed,87,UD4H,6,1,3,1,,,,,,,,1,,,,1,,,,,1,,,,,,,,,,,,1,,1,,,,,,,,,,
"4,148",2018 People Staying Counts,PIO4,Weekday1_Evening,Weekday,Evening,20180716,1723,1733,,Sun-Exposed,87,UD4H,7,1,3,,1,,1,,,,,,,,,,,,1,,1,,,,,,,,,,,,1,,,,,,,,,,,,
"4,149",2018 People Staying Counts,PIO4,Weekday1_Evening,Weekday,Evening,20180716,1723,1733,,Sun-Exposed,87,UD4H,8,1,2,,1,,,1,,,,,,,,,,1,,,1,,,,,,,,,,,,1,,1,,,,,,,,,,
"4,150",2018 People Staying Counts,PIO4,Weekday1_Evening,Weekday,Evening,20180716,1723,1733,,Sun-Exposed,87,UD4H,9,1,2,,1,,,1,,,,,,,,,1,,,,1,,,,,,,,,,,,1,,,,,,,,,,,,
"4,151",2018 People Staying Counts,PIO4,Weekday2_Morning,Weekday,Morning,20180717,0903,0913,,Sun-Shaded,66,UD4H,1,1,1,,1,,1,,,,,,,,,,,,1,,1,,,,,,,,,,,,,,1,,,,,,,,,,
"4,152",2018 People Staying Counts,PIO4,Weekday2_Morning,Weekday,Morning,20180717,0903,0913,,Sun-Shaded,66,UD4H,2,1,1,1,,,,,,1,,,,,,,,1,,,1,,,,,,,,,,,,,,1,,,,,,,1,,,
"4,153",2018 People Staying Counts,PIO4,Weekday2_Morning,Weekday,Morning,20180717,0903,0913,,Sun-Shaded,66,UD4H,3,1,1,1,,,1,,,,,,,,,,,1,,,,,,1,,,,,,,,,,,,,,,,1,,,,,
"4,154",2018 People Staying Counts,PIO4,Weekday2_Morning,Weekday,Morning,20180717,0903,0913,,Sun-Shaded,66,UD4H,4,1,1,1,,,1,,,,,,,,,,,1,,,1,,,,,,,,,,,,,,1,,,,,,,,,,
"4,155",2018 People Staying Counts,PIO4,Weekday2_Morning,Weekday,Morning,20180717,0903,0913,,Sun-Shaded,66,UD4H,5,1,1,,1,,,,,,,1,,,,,,1,,,1,,,,,,,,,,,,,,,,,,1,,,,,,
"4,156",2018 People Staying Counts,PIO4,Weekday2_Morning,Weekday,Morning,20180717,0903,0913,,Sun-Shaded,66,UD4H,6,1,1,,1,,,,,1,,,,,,,,1,,,1,,,,,,,,,,,,,,,,1,,,,,,,,
"4,157",2018 People Staying Counts,PIO4,Weekday2_Morning,Weekday,Morning,20180717,0903,0913,,Sun-Shaded,66,UD4H,7,1,1,1,,,,,,,,1,,,,,,1,,,1,,,,,,,,,,,,,,,,,,1,,,,,,
"4,158",2018 People Staying Counts,PIO4,Weekday2_Morning,Weekday,Morning,20180717,0903,0913,,Sun-Shaded,66,UD4H,8,1,1,1,,,,,,1,,,,,,,,,1,,1,,,,,,,,,,,,1,,,,,,,,,,,,
"4,159",2018 People Staying Counts,PIO4,Weekday2_Morning,Weekday,Morning,20180717,0903,0913,,Sun-Shaded,66,UD4H,9,1,1,1,,,1,,,,,,,,,,,1,,,1,,,,,,,,,,,,,,,,1,,,,,,,,
"4,160",2018 People Staying Counts,PIO4,Weekday2_Midday,Weekday,Midday,20180717,1314,1324,,Sun-Exposed,77,UD4H,1,1,2,,1,,1,,,,,,,,,,,1,,,,,,1,,,,,,1,,1,1,,,,,,,,,,,,
"4,161",2018 People Staying Counts,PIO4,Weekday2_Midday,Weekday,Midday,20180717,1314,1324,,Sun-Exposed,77,UD4H,2,1,2,1,,,1,,,,,,,,,,,1,,,,,,1,,,,,,1,,1,1,,,,,,,,,,,,
"4,162",2018 People Staying Counts,PIO4,Weekday2_Midday,Weekday,Midday,20180717,1314,1324,,Sun-Exposed,77,UD4H,3,1,2,,1,,1,,,,,,,,,,,1,,,,,,1,,,,,,1,,1,1,,,,,,,,,,,,
"4,163",2018 People Staying Counts,PIO4,Weekday2_Midday,Weekday,Midday,20180717,1314,1324,,Sun-Exposed,77,UD4H,4,1,2,1,,,,1,,,,,,,,,,1,,,,,,1,,,,,,1,,1,1,,,,,,,,,,,,
"4,164",2018 People Staying Counts,PIO4,Weekday2_Midday,Weekday,Midday,20180717,1314,1324,,Sun-Exposed,77,UD4H,5,1,2,,1,,1,,,,,,,,,,,,1,,,,,1,,,,,,1,,1,1,,,,,,,,,,,,
"4,165",2018 People Staying Counts,PIO4,Weekday2_Midday,Weekday,Midday,20180717,1314,1324,,Sun-Exposed,77,UD4H,6,1,2,1,,,1,,,,,,,,,,,,1,,,,,1,,,,,,1,,1,,,,,,,,,,,,,
"4,166",2018 People Staying Counts,PIO4,Weekday2_Midday,Weekday,Midday,20180717,1314,1324,,Sun-Exposed,77,UD4H,7,1,2,,1,,,,,1,,,,,,,,1,,,,,,1,,,,,,1,,1,1,,,,,,,,,,,,
"4,167",2018 People Staying Counts,PIO4,Weekday2_Midday,Weekday,Midday,20180717,1314,1324,,Sun-Exposed,77,UD4H,8,1,2,,1,,1,,,,,,,,,,,,1,,,,,1,,,,,1,1,,1,1,,,,,,,,,,,,
"4,168",2018 People Staying Counts,PIO4,Weekday2_Midday,Weekday,Midday,20180717,1314,1324,,Sun-Exposed,77,UD4H,9,1,1,,1,,1,,,,,,,,,,,1,,,,,,1,,,,,,1,,1,,,1,,,,,,,,,,
"4,169",2018 People Staying Counts,PIO4,Weekday2_Midday,Weekday,Midday,20180717,1314,1324,,Sun-Exposed,77,UD4H,10,1,1,,1,,1,,,,,,,,,,,1,,,,,,1,,,,,,1,,1,,,,,,,,,,,,,
"4,170",2018 People Staying Counts,PIO4,Weekday2_Midday,Weekday,Midday,20180717,1314,1324,,Sun-Exposed,77,UD4H,11,1,2,1,,,1,,,,,,,,,,,1,,,,,,1,,,,,,1,,1,1,,,,,,,,,,,,
"4,171",2018 People Staying Counts,PIO4,Weekday2_Midday,Weekday,Midday,20180717,1314,1324,,Sun-Exposed,77,UD4H,12,1,2,1,,,1,,,,,,,,,,,1,,,,,,1,,,,,,1,,1,1,,,,,,,,,,,,
"4,172",2018 People Staying Counts,PIO4,Weekday2_Midday,Weekday,Midday,20180717,1314,1324,,Sun-Exposed,77,UD4H,13,1,1,1,,,1,,,,,,,,,,,1,,,1,,,,,,,,,,,,1,,,,,,,,,,,,
"4,173",2018 People Staying Counts,PIO4,Weekday2_Midday,Weekday,Midday,20180717,1314,1324,,Sun-Exposed,77,UD4H,14,1,1,,1,,1,,,,,,,,,,,,1,,1,,,,,,,,,,,,,,1,,,,,,,,,,
"4,174",2018 People Staying Counts,PIO4,Weekday2_Midday,Weekday,Midday,20180717,1314,1324,,Sun-Exposed,77,UD4H,15,1,1,,1,,,,,,,1,,,,,,1,,,1,,,,,,,,,,,,,,,,1,,,,,,,,
"4,175",2018 People Staying Counts,PIO4,Weekday2_Midday,Weekday,Midday,20180717,1314,1324,,Sun-Exposed,77,UD4H,16,1,1,,1,,,1,,,,,,,,,,,1,,1,,,,,,,,,,,,,,1,,,,,,,,,,
"4,176",2018 People Staying Counts,PIO4,Weekday2_Evening,Weekday,Evening,20180717,1714,1724,,Sun-Exposed,78,UD4H,1,1,4,1,,,1,,,,,,,,,,,1,,,,,,1,,,,,,1,,1,1,,,,,,,,,,,,
"4,177",2018 People Staying Counts,PIO4,Weekday2_Evening,Weekday,Evening,20180717,1714,1724,,Sun-Exposed,78,UD4H,2,1,4,1,,,1,,,,,,,,,,1,,,,,,,1,,,,,,1,,1,1,,,,,,,,,,,,
"4,178",2018 People Staying Counts,PIO4,Weekday2_Evening,Weekday,Evening,20180717,1714,1724,,Sun-Exposed,78,UD4H,3,1,4,1,,,1,,,,,,,,,,,1,,,,,,1,,,,,,1,,1,1,,,,,,,,,,,,
"4,179",2018 People Staying Counts,PIO4,Weekday2_Evening,Weekday,Evening,20180717,1714,1724,,Sun-Exposed,78,UD4H,4,1,4,,1,,1,,,,,,,,,,,1,,,,,,1,,,,,,1,,1,1,,,,,,,,,,,,
"4,180",2018 People Staying Counts,PIO4,Weekday2_Evening,Weekday,Evening,20180717,1714,1724,,Sun-Exposed,78,UD4H,5,1,1,1,,,1,,,,,,,,,,,1,,,,,,1,,,,,,,,,,,1,,,,,,,,,,
"4,181",2018 People Staying Counts,PIO4,Weekday2_Evening,Weekday,Evening,20180717,1714,1724,,Sun-Exposed,78,UD4H,6,1,1,,1,,1,,,,,,,,,,,1,,,,1,,,,,,,,,,,,,1,,,,,,,,,,
"4,182",2018 People Staying Counts,PIO4,Weekday2_Evening,Weekday,Evening,20180717,1714,1724,,Sun-Exposed,78,UD4H,7,1,3,1,,,1,,,,,,,,,,,1,,,,,,1,,,,,,1,,,1,,,,,,,,,,,,
"4,183",2018 People Staying Counts,PIO4,Weekday2_Evening,Weekday,Evening,20180717,1714,1724,,Sun-Exposed,78,UD4H,8,1,3,1,,,1,,,,,,,,,,,1,,,,,,1,,,,,,1,,,1,,,,,,,,,,,,
"4,184",2018 People Staying Counts,PIO4,Weekday2_Evening,Weekday,Evening,20180717,1714,1724,,Sun-Exposed,78,UD4H,9,1,3,1,,,1,,,,,,,,,,,1,,,,,,1,,,,,,1,,,1,,1,,,,,,,,,,
"4,185",2018 People Staying Counts,PIO4,Weekday2_Evening,Weekday,Evening,20180717,1714,1724,,Sun-Exposed,78,UD4H,10,1,1,1,,,,1,,,,,,,,,,,1,,1,,,,,,,,,,,,,,,,1,,,,,,,,
"4,186",2018 People Staying Counts,PIO4,Weekday2_Evening,Weekday,Evening,20180717,1714,1724,,Sun-Exposed,78,UD4H,11,1,1,,1,,1,,,,,,,,,,1,,,,1,,,,,,,,,,,,,,1,,,,,,,,,,
"4,187",2018 People Staying Counts,PIO4,Weekday2_Evening,Weekday,Evening,20180717,1714,1724,,Sun-Exposed,78,UD4H,12,1,1,,1,,1,,,,,,,,,,,1,,,1,,,,,,,,,,,,,,,,1,,,,,,,,
"4,188",2018 People Staying Counts,PIO4,Weekday2_Evening,Weekday,Evening,20180717,1714,1724,,Sun-Exposed,78,UD4H,13,1,1,,1,,1,,,,,,,,,,,1,,,1,,,,,,,,,,,,,,1,,,,,,,,,,
"4,189",2018 People Staying Counts,PIO4,Weekday2_Evening,Weekday,Evening,20180717,1714,1724,,Sun-Exposed,78,UD4H,14,1,1,1,,,1,,,,,,,,,,,1,,,,,,1,,,,,,1,,,,,1,,,,,,,,,,
"4,190",2018 People Staying Counts,PIO4,Weekday2_Evening,Weekday,Evening,20180717,1714,1724,,Sun-Exposed,78,UD4H,15,1,1,1,,,1,,,,,,,,,,,1,,,1,,,,,,,,,,,,,,1,1,,,,,,,,,
"4,191",2018 People Staying Counts,PIO4,Weekday2_Evening,Weekday,Evening,20180717,1714,1724,,Sun-Exposed,78,UD4H,16,1,1,1,,,1,,,,,,,,,,,1,,,1,,,,,,,,,,,,,,,,1,,,,,,,,
"4,192",2018 People Staying Counts,COM2,Weekend_Midday,Weekend,Midday,20180714,1332,1342,event:cultural_communal,Sun-Shaded,79,UD4H,1,1,2,,1,,,,,1,,,,,,,,,1,,,,,,,1,,,,,,,,,,,1,,,,,,,,
"4,193",2018 People Staying Counts,COM2,Weekend_Midday,Weekend,Midday,20180714,1332,1342,event:cultural_communal,Sun-Shaded,79,UD4H,2,1,2,1,,,,,,1,,,,,,,,,,1,,,,,,1,,,,,,,,,,,1,,,,,,,,
"4,194",2018 People Staying Counts,COM2,Weekend_Midday,Weekend,Midday,20180714,1332,1342,event:cultural_communal,Sun-Shaded,79,UD4H,3,1,4,,1,,1,,,,,,,,,,,,,1,,,,1,,,,,,,,,1,,,,,,,,,,,,
"4,195",2018 People Staying Counts,COM2,Weekend_Midday,Weekend,Midday,20180714,1332,1342,event:cultural_communal,Sun-Shaded,79,UD4H,4,1,4,1,,,1,,,,,,,,,,,,,1,,,,1,,,,,,,,1,1,,,,,,,,,,,,
"4,196",2018 People Staying Counts,COM2,Weekend_Midday,Weekend,Midday,20180714,1332,1342,event:cultural_communal,Sun-Shaded,79,UD4H,5,1,4,,1,,1,,,,,,,,,,,1,,,,,,1,,,,,,,,,,,,,1,,,,,,,,
"4,197",2018 People Staying Counts,COM2,Weekend_Midday,Weekend,Midday,20180714,1332,1342,event:cultural_communal,Sun-Shaded,79,UD4H,6,1,4,,1,,1,,,,,,,,,,,1,,,,,,1,,,,,,,,,1,,,,,,,,,,,,
"4,198",2018 People Staying Counts,COM2,Weekend_Midday,Weekend,Midday,20180714,1332,1342,event:cultural_communal,Sun-Shaded,79,UD4H,7,1,1,1,,,,1,,,,,,,,,,,,1,,,,,1,,,,,,,,,1,,,,,,,,,,,
"4,199",2018 People Staying Counts,COM2,Weekend_Midday,Weekend,Midday,20180714,1332,1342,event:cultural_communal,Sun-Shaded,79,UD4H,8,1,1,,1,,1,,,,,,,,,,,,1,,,1,,,,,,,,,,,,,,,,,,1,,,,,
"4,200",2018 People Staying Counts,COM2,Weekend_Midday,Weekend,Midday,20180714,1332,1342,event:cultural_communal,Sun-Shaded,79,UD4H,9,1,1,,1,,1,,,,,,,,,,,,,1,1,,,,,,,,,,,,,,,,1,,,,,,,,
"4,201",2018 People Staying Counts,COM2,Weekend_Midday,Weekend,Midday,20180714,1332,1342,event:cultural_communal,Sun-Shaded,79,UD4H,10,1,4,1,,,1,,,,,,,,,,,,1,,1,,,,,,,,,,,,1,,,,,,,,,,,,
"4,202",2018 People Staying Counts,COM2,Weekend_Midday,Weekend,Midday,20180714,1332,1342,event:cultural_communal,Sun-Shaded,79,UD4H,11,1,4,1,,,1,,,,,,,,,,,,,1,1,,,,,,,,,,,,1,,,,,,,,,,,,
"4,203",2018 People Staying Counts,COM2,Weekend_Midday,Weekend,Midday,20180714,1332,1342,event:cultural_communal,Sun-Shaded,79,UD4H,12,1,4,,1,,1,,,,,,,,,,,,1,,1,,,,,,,,,,,,,,,,1,,,,,,,,
"4,204",2018 People Staying Counts,COM2,Weekend_Midday,Weekend,Midday,20180714,1332,1342,event:cultural_communal,Sun-Shaded,79,UD4H,13,1,4,,1,,1,,,,,,,,,,,,1,,1,,,,,,,,,,,,1,,,,,,,,,,,,
"4,205",2018 People Staying Counts,COM2,Weekend_Midday,Weekend,Midday,20180714,1332,1342,event:cultural_communal,Sun-Shaded,79,UD4H,14,1,3,1,,,,,,1,,,,,,,,,1,,,,,1,,,,,,,,,1,,,,,,,,,,,,
"4,206",2018 People Staying Counts,COM2,Weekend_Midday,Weekend,Midday,20180714,1332,1342,event:cultural_communal,Sun-Shaded,79,UD4H,15,1,3,,1,,,,,1,,,,,,,,1,,,,,,1,,,,,,,,,,,1,,,,,,,,,,
"4,207",2018 People Staying Counts,COM2,Weekend_Midday,Weekend,Midday,20180714,1332,1342,event:cultural_communal,Sun-Shaded,79,UD4H,16,1,3,,1,,,,,1,,,,,,,,1,,,,,,1,,,,,,,,,1,,,,,,,,,,,,
"4,208",2018 People Staying Counts,COM2,Weekend_Midday,Weekend,Midday,20180714,1332,1342,event:cultural_communal,Sun-Shaded,79,UD4H,17,1,2,1,,,1,,,,,,,,,,,,,1,1,,,,,,,1,,,,,1,,,,,,,,,,,,
"4,209",2018 People Staying Counts,COM2,Weekend_Midday,Weekend,Midday,20180714,1332,1342,event:cultural_communal,Sun-Shaded,79,UD4H,18,1,2,1,,,1,,,,,,,,,,,,1,,1,,,,,,,,,,,,1,,,,,,,,,,,,
"4,210",2018 People Staying Counts,COM2,Weekend_Midday,Weekend,Midday,20180714,1332,1342,event:cultural_communal,Sun-Shaded,79,UD4H,19,1,1,,1,,1,,,,,,,,,,,,1,,,1,,,,,,,,,,,,,,,1,,,,,,,,
"4,211",2018 People Staying Counts,COM2,Weekend_Midday,Weekend,Midday,20180714,1332,1342,event:cultural_communal,Sun-Shaded,79,UD4H,20,1,2,1,,,1,,,,,,,,,,,,1,,1,,,,,,,,,,,,,,,,1,,,,,,,,
"4,212",2018 People Staying Counts,COM2,Weekend_Midday,Weekend,Midday,20180714,1332,1342,event:cultural_communal,Sun-Shaded,79,UD4H,21,1,2,,1,,1,,,,,,,,,,,,1,,1,,,,,,,,,,,,1,,,,,,,,,,,,
"4,213",2018 People Staying Counts,COM2,Weekend_Midday,Weekend,Midday,20180714,1332,1342,event:cultural_communal,Sun-Shaded,79,UD4H,22,1,1,1,,,1,,,,,,,,,,,1,,,1,,,,,,,,,,,,,1,,,,,,,,,,,
"4,214",2018 People Staying Counts,COM2,Weekend_Midday,Weekend,Midday,20180714,1332,1342,event:cultural_communal,Sun-Shaded,79,UD4H,23,1,2,,1,,1,,,,,,,,,,,,,1,1,,,,,,,,,,1,,,,,,,,,,,,,,
"4,215",2018 People Staying Counts,COM2,Weekend_Midday,Weekend,Midday,20180714,1332,1342,event:cultural_communal,Sun-Shaded,79,UD4H,24,1,2,1,,,1,,,,,,,,,,,,,1,1,,,,,,,,,,1,,,,,,,,,,,,,,
"4,216",2018 People Staying Counts,COM2,Weekend_Midday,Weekend,Midday,20180714,1332,1342,event:cultural_communal,Sun-Shaded,79,UD4H,25,1,1,,1,,1,,,,,,,,,,,,1,,1,,,,,,,,,,,1,,,,,,,,,,,,,
"4,217",2018 People Staying Counts,COM2,Weekend_Midday,Weekend,Midday,20180714,1332,1342,event:cultural_communal,Sun-Shaded,79,UD4H,26,1,1,1,,,1,,,,,,,,,,,,1,,1,,,,,,,,,,,,1,,,,,,,,,,,,
"4,218",2018 People Staying Counts,COM2,Weekend_Evening,Weekend,Evening,20180714,1835,1845,,Sun-Shaded,84,UD4H,1,1,1,,1,,,1,,,,,,,,,,,1,,1,,,,,,,,,,,,,1,,,,1,,,,,,,
"4,219",2018 People Staying Counts,COM2,Weekend_Evening,Weekend,Evening,20180714,1835,1845,,Sun-Shaded,84,UD4H,2,1,4,,1,,1,,,,,,,,,,,1,,,1,,,,,,,,,,,,1,,,,,,,,,,,,
"4,220",2018 People Staying Counts,COM2,Weekend_Evening,Weekend,Evening,20180714,1835,1845,,Sun-Shaded,84,UD4H,3,1,4,1,,,1,,,,,,,,,,,,1,,1,,,,,,,,,,,,1,,,,,,,,,,,1,
"4,221",2018 People Staying Counts,COM2,Weekend_Evening,Weekend,Evening,20180714,1835,1845,,Sun-Shaded,84,UD4H,4,1,4,1,,,,1,,,,,,,,,,,1,,1,,,,,,,,,,,,1,,,,,,,,,,,1,
"4,222",2018 People Staying Counts,COM2,Weekend_Evening,Weekend,Evening,20180714,1835,1845,,Sun-Shaded,84,UD4H,5,1,4,,1,,,,,1,,,,,,,,1,,,1,,,,,,,,,,,,1,,,,,,,,,,,,
"4,223",2018 People Staying Counts,COM2,Weekend_Evening,Weekend,Evening,20180714,1835,1845,,Sun-Shaded,84,UD4H,6,1,1,1,,,1,,,,,,,,,,,1,,,,1,,,,,,,,,,,,,1,,,,,,,,,,
"4,224",2018 People Staying Counts,COM2,Weekend_Evening,Weekend,Evening,20180714,1835,1845,,Sun-Shaded,84,UD4H,7,1,1,1,,,1,,,,,,,,,,,1,,,1,,,,,,,,,,,,,,,,1,,,,,,,,
"4,225",2018 People Staying Counts,COM2,Weekend_Evening,Weekend,Evening,20180714,1835,1845,,Sun-Shaded,84,UD4H,8,1,2,1,,,,,,1,,,,,,,,1,,,1,,,,,,,,,,,,1,,,,,,,,,,,1,
"4,226",2018 People Staying Counts,COM2,Weekend_Evening,Weekend,Evening,20180714,1835,1845,,Sun-Shaded,84,UD4H,9,1,2,,1,,,,,1,,,,,,,,1,,,1,,,,,,,,,,,,1,,,,,,,,,,,1,
"4,227",2018 People Staying Counts,COM2,Weekend_Evening,Weekend,Evening,20180714,1835,1845,,Sun-Shaded,84,UD4H,10,1,2,1,,,1,,,,,,,,,,,,1,,1,,,,,,,,,,1,,1,,,,,,,,,,,,
"4,228",2018 People Staying Counts,COM2,Weekend_Evening,Weekend,Evening,20180714,1835,1845,,Sun-Shaded,84,UD4H,11,1,2,,1,,1,,,,,,,,,,,,1,,1,,,,,,,,,,1,,1,,,,,,,,,,,,
"4,229",2018 People Staying Counts,COM2,Weekend_Evening,Weekend,Evening,20180714,1835,1845,,Sun-Shaded,84,UD4H,12,1,1,1,,,1,,,,,,,,,,,,,1,1,,,,,,,,,,,,,,,,1,,,,,,,,
"4,230",2018 People Staying Counts,COM2,Weekend_Evening,Weekend,Evening,20180714,1835,1845,,Sun-Shaded,84,UD4H,13,1,4,,1,,,,,1,,,,,,,1,,,,1,,,,,,,,,,,,1,,,,,,,,,,1,,
"4,231",2018 People Staying Counts,COM2,Weekend_Evening,Weekend,Evening,20180714,1835,1845,,Sun-Shaded,84,UD4H,14,1,4,,1,,,,,1,,,,,,,,1,,,1,,,,,,,,,,,,1,,,,,,,,,,,,
"4,232",2018 People Staying Counts,COM2,Weekend_Evening,Weekend,Evening,20180714,1835,1845,,Sun-Shaded,84,UD4H,15,1,4,1,,,,,,1,,,,,,,,1,,,,1,,,,,,,,,,,1,,,,,,,,,,,,
"4,233",2018 People Staying Counts,COM2,Weekend_Evening,Weekend,Evening,20180714,1835,1845,,Sun-Shaded,84,UD4H,16,1,4,1,,,,,,1,,,,,,,,1,,,1,,,,,,,,,,,,1,,,,,,,,,,,,
"4,234",2018 People Staying Counts,COM2,Weekend_Evening,Weekend,Evening,20180714,1835,1845,,Sun-Shaded,84,UD4H,17,1,1,1,,,1,,,,,,,,,,,,1,,1,,,,,,,,,,,,,,,,1,,,,,,,,
"4,235",2018 People Staying Counts,COM2,Weekend_Evening,Weekend,Evening,20180714,1835,1845,,Sun-Shaded,84,UD4H,18,1,1,1,,,1,,,,,,,,,,,1,,,1,,,,,,,,,,,,,,,,1,,,,,,,,
"4,236",2018 People Staying Counts,COM2,Weekend_Evening,Weekend,Evening,20180714,1835,1845,,Sun-Shaded,84,UD4H,19,1,1,1,,,1,,,,,,,,,,,,,1,1,,,,,,,1,,,,,,,,,1,,,,,,,,
"4,237",2018 People Staying Counts,COM2,Weekend_Evening,Weekend,Evening,20180714,1835,1845,,Sun-Shaded,84,UD4H,20,1,1,1,,,1,,,,,,,,,,,1,,,1,,,,,,,,,,,,,,1,,,,,,,,,,
"4,238",2018 People Staying Counts,COM2,Weekday1_Morning,Weekday,Morning,20180717,0936,0946,,Sun-Shaded,69,UD4H,1,1,1,1,,,1,,,,,,,,,,,,,1,1,,,,,,,,,,,,,,,,,,,1,,,,,
"4,239",2018 People Staying Counts,COM2,Weekday1_Morning,Weekday,Morning,20180717,0936,0946,,Sun-Shaded,69,UD4H,2,1,3,,1,,1,,,,,,,,1,,,,,,,,,1,,,,,,,,,1,,,,,,,,,,,,
"4,240",2018 People Staying Counts,COM2,Weekday1_Morning,Weekday,Morning,20180717,0936,0946,,Sun-Shaded,69,UD4H,3,1,3,,1,,1,,,,,,,,,1,,,,,,,,1,,,,,,,,,1,,,,,,,,,,,,
"4,241",2018 People Staying Counts,COM2,Weekday1_Morning,Weekday,Morning,20180717,0936,0946,,Sun-Shaded,69,UD4H,4,1,3,,1,,1,,,,,,,,,,,1,,,,1,,,,,,,,,,,1,,,,,,,,,,,,
"4,242",2018 People Staying Counts,COM2,Weekday1_Morning,Weekday,Morning,20180717,0936,0946,,Sun-Shaded,69,UD4H,5,1,2,1,,,1,,,,,,,,,,,,,1,1,,,,,,,,,,,,1,,,,,,,,,,,1,
"4,243",2018 People Staying Counts,COM2,Weekday1_Morning,Weekday,Morning,20180717,0936,0946,,Sun-Shaded,69,UD4H,6,1,2,,1,,,,,,1,,,,,,,1,,,1,,,,,,,,,,,,1,,,,,,,,,,,1,
"4,244",2018 People Staying Counts,COM2,Weekday1_Morning,Weekday,Morning,20180717,0936,0946,,Sun-Shaded,69,UD4H,7,1,2,,1,,,1,,,,,,,,,,1,,,,,,1,,,,,,,,,,,1,,,,,,,,,,
"4,245",2018 People Staying Counts,COM2,Weekday1_Morning,Weekday,Morning,20180717,0936,0946,,Sun-Shaded,69,UD4H,8,1,2,,1,,1,,,,,,,,,,,1,,,,,,1,,,,,,,,,,,1,,,,,,,,,,
"4,246",2018 People Staying Counts,COM2,Weekday1_Morning,Weekday,Morning,20180717,0936,0946,,Sun-Shaded,69,UD4H,9,1,2,,1,,1,,,,,,,,,,,1,,,,,,,,1,,,,,,,1,,,,,,,,,,1,1,
"4,247",2018 People Staying Counts,COM2,Weekday1_Morning,Weekday,Morning,20180717,0936,0946,,Sun-Shaded,69,UD4H,10,1,2,1,,,1,,,,,,,,,,,1,,,,,,,,1,,,,,,,1,,,,,,,,,,1,1,
"4,248",2018 People Staying Counts,COM2,Weekday1_Morning,Weekday,Morning,20180717,0936,0946,,Sun-Shaded,69,UD4H,11,1,2,,1,,1,,,,,,,,,,,1,,,1,,,,,,,,,,,,1,,,,,,,,,,,1,
"4,249",2018 People Staying Counts,COM2,Weekday1_Morning,Weekday,Morning,20180717,0936,0946,,Sun-Shaded,69,UD4H,12,1,2,1,,,1,,,,,,,,,,,1,,,1,,,,,,,,,,,,1,,,,,,,,,,,1,
"4,250",2018 People Staying Counts,COM2,Weekday1_Morning,Weekday,Morning,20180717,0936,0946,,Sun-Shaded,69,UD4H,13,1,1,1,,,1,,,,,,,,,,,1,,,1,,,,,,,,,,,,,,1,,,,,,,,,,
"4,251",2018 People Staying Counts,COM2,Weekday1_Morning,Weekday,Morning,20180717,0936,0946,,Sun-Shaded,69,UD4H,14,1,1,1,,,1,,,,,,,,,,,1,,,1,,,,,,,,,,,,,,,,,,,1,,,,,
"4,252",2018 People Staying Counts,COM2,Weekday1_Morning,Weekday,Morning,20180717,0936,0946,,Sun-Shaded,69,UD4H,15,1,1,,1,,1,,,,,,,,,,,,1,,1,,,,,,,,,,,,,,,,1,,,,,,,1,
"4,253",2018 People Staying Counts,COM2,Weekday1_Morning,Weekday,Morning,20180717,0936,0946,,Sun-Shaded,69,UD4H,16,1,3,1,,,1,,,,,,,,,,,,1,,1,,,,,,,,,,,,,,,,1,,,,,,,,
"4,254",2018 People Staying Counts,COM2,Weekday1_Morning,Weekday,Morning,20180717,0936,0946,,Sun-Shaded,69,UD4H,17,1,3,,1,,1,,,,,,,,,,,,1,,1,,,,,,,,,,,,1,,,,1,,,,,,,,
"4,255",2018 People Staying Counts,COM2,Weekday1_Morning,Weekday,Morning,20180717,0936,0946,,Sun-Shaded,69,UD4H,18,1,3,,1,,1,,,,,,,,,1,,,,,1,,,,,,,,,,,,1,,,,,,,,,,,,
"4,256",2018 People Staying Counts,COM2,Weekday1_Morning,Weekday,Morning,20180717,0936,0946,,Sun-Shaded,69,UD4H,19,1,1,1,,,1,,,,,,,,,,,,1,,1,,,,,,,,,,,,,,,,1,,,,,,,,
"4,257",2018 People Staying Counts,COM2,Weekday1_Morning,Weekday,Morning,20180717,0936,0946,,Sun-Shaded,69,UD4H,20,1,2,,1,,,1,,,,,,,,,,1,,,1,,,,,,,,,,,,1,,,,,,,,,,,,
"4,258",2018 People Staying Counts,COM2,Weekday1_Morning,Weekday,Morning,20180717,0936,0946,,Sun-Shaded,69,UD4H,21,1,2,1,,,1,,,,,,,,,,,1,,,1,,,,,,,,,,,,1,,,,,,,,,,,,
"4,259",2018 People Staying Counts,COM2,Weekday1_Morning,Weekday,Morning,20180717,0936,0946,,Sun-Shaded,69,UD4H,22,1,1,1,,,,,,,,,1,,,,1,,,,1,,,,,,,,,,,,1,,,,,,,,,,,,
"4,260",2018 People Staying Counts,COM2,Weekday1_Morning,Weekday,Morning,20180717,0936,0946,,Sun-Shaded,69,UD4H,23,1,1,1,,,1,,,,,,,,,,,1,,,1,,,,,,,,,,,,,,,,1,,,1,,,,,
"4,261",2018 People Staying Counts,COM2,Weekday1_Morning,Weekday,Morning,20180717,0936,0946,,Sun-Shaded,69,UD4H,24,1,2,1,,,1,,,,,,,,,,,1,,,1,,,,,,,,,,,,1,,,,,,1,,,,,,
"4,262",2018 People Staying Counts,COM2,Weekday1_Morning,Weekday,Morning,20180717,0936,0946,,Sun-Shaded,69,UD4H,25,1,2,1,,,1,,,,,,,,,,,1,,,1,,,,,,,,,,,,1,,,,,,1,,,,,,
"4,263",2018 People Staying Counts,COM2,Weekday1_Morning,Weekday,Morning,20180717,0936,0946,,Sun-Shaded,69,UD4H,26,1,2,,1,,1,,,,,,,,,,,,1,,1,,,,,,,,,,,,1,,,,,,,,,,,,
"4,264",2018 People Staying Counts,COM2,Weekday1_Morning,Weekday,Morning,20180717,0936,0946,,Sun-Shaded,69,UD4H,27,1,2,1,,,1,,,,,,,,,,,,1,,1,,,,,,,,,,,,1,,,,,,,,,,,,
"4,265",2018 People Staying Counts,COM2,Weekday1_Morning,Weekday,Morning,20180717,0936,0946,,Sun-Shaded,69,UD4H,28,1,1,,1,,1,,,,,,,,,,,,,1,1,,,,,,,1,,,,1,,,,,1,,,,,,,,
"4,266",2018 People Staying Counts,COM2,Weekday1_Midday,Weekday,Midday,20180717,1333,1343,,Sun-Shaded,83,UD4H,1,1,1,1,,,,1,,,,,,,,,,1,,,,1,,,,,,,,,,,,,1,,,,,,,,,,
"4,267",2018 People Staying Counts,COM2,Weekday1_Midday,Weekday,Midday,20180717,1333,1343,,Sun-Shaded,83,UD4H,2,1,1,1,,,,,,1,,,,,,,,1,,,,,,1,,,,,,,,,,,1,,,,,,,,,,
"4,268",2018 People Staying Counts,COM2,Weekday1_Midday,Weekday,Midday,20180717,1333,1343,,Sun-Shaded,83,UD4H,3,1,1,,1,,1,,,,,,,,,,,1,,,,,,1,,,,,,,,,,,1,,,,,,,,,,
"4,269",2018 People Staying Counts,COM2,Weekday1_Midday,Weekday,Midday,20180717,1333,1343,,Sun-Shaded,83,UD4H,4,1,1,1,,,1,,,,,,,,,,,1,,,,1,,,,,,,,,,,,,,,,,,1,,,,,
"4,270",2018 People Staying Counts,COM2,Weekday1_Midday,Weekday,Midday,20180717,1333,1343,,Sun-Shaded,83,UD4H,5,1,1,,1,,,,,1,,,,,,,,1,,,1,,,,,,,,,,,,,,1,,,,,,,,,,
"4,271",2018 People Staying Counts,COM2,Weekday1_Midday,Weekday,Midday,20180717,1333,1343,,Sun-Shaded,83,UD4H,6,1,1,1,,,,1,,,,,,,,,,,1,,,,,,,,1,,,,,,,,,,1,,,,,,1,,
"4,272",2018 People Staying Counts,COM2,Weekday1_Midday,Weekday,Midday,20180717,1333,1343,,Sun-Shaded,83,UD4H,7,1,1,1,,,1,,,,,,,,,,,1,,,1,,,,,,,,,,,,,,1,,,,,,,,,,
"4,273",2018 People Staying Counts,COM2,Weekday1_Midday,Weekday,Midday,20180717,1333,1343,,Sun-Shaded,83,UD4H,8,1,3,,1,,1,,,,,,,,,,,1,,,1,,,,,,,,,,,,,,1,,,,,,,,,,
"4,274",2018 People Staying Counts,COM2,Weekday1_Midday,Weekday,Midday,20180717,1333,1343,,Sun-Shaded,83,UD4H,9,1,3,1,,,1,,,,,,,,,1,,,,,,1,,,,,,,,,,,1,,,,,,,,,,,,
"4,275",2018 People Staying Counts,COM2,Weekday1_Midday,Weekday,Midday,20180717,1333,1343,,Sun-Shaded,83,UD4H,10,1,3,1,,,1,,,,,,,,1,,,,,,1,,,,,,,,,,,,1,,,,,,,,,,,,
"4,276",2018 People Staying Counts,COM2,Weekday1_Midday,Weekday,Midday,20180717,1333,1343,,Sun-Shaded,83,UD4H,11,1,1,,1,,1,,,,,,,,,,1,,,,1,,,,,,,,,,,,,,1,,,,,,,,,,
"4,277",2018 People Staying Counts,COM2,Weekday1_Midday,Weekday,Midday,20180717,1333,1343,,Sun-Shaded,83,UD4H,12,1,2,1,,,1,,,,,,,,,,,,,1,1,,,,,,,,,,,,1,,,,,,,,,,,1,
"4,278",2018 People Staying Counts,COM2,Weekday1_Midday,Weekday,Midday,20180717,1333,1343,,Sun-Shaded,83,UD4H,13,1,2,,1,,1,,,,,,,,,,,,1,,1,,,,,,,,,,,,1,,,,,,,,,,,,
"4,279",2018 People Staying Counts,COM2,Weekday1_Midday,Weekday,Midday,20180717,1333,1343,,Sun-Shaded,83,UD4H,14,1,3,,1,,1,,,,,,,,,,,1,,,,,,1,,,,,,,,,1,,,,,,,,,,,,
"4,280",2018 People Staying Counts,COM2,Weekday1_Midday,Weekday,Midday,20180717,1333,1343,,Sun-Shaded,83,UD4H,15,1,3,1,,,1,,,,,,,,,,,1,,,,,,1,,,,,,,,,1,,,,,,,,,,,,
"4,281",2018 People Staying Counts,COM2,Weekday1_Midday,Weekday,Midday,20180717,1333,1343,,Sun-Shaded,83,UD4H,16,1,3,1,,,1,,,,,,,,,,,,,1,,,,1,,,,,,,,,1,,,,,,,,,,,,
"4,282",2018 People Staying Counts,COM2,Weekday1_Midday,Weekday,Midday,20180717,1333,1343,,Sun-Shaded,83,UD4H,17,1,2,1,,,1,,,,,,,,,,,,,1,,,,,1,,,1,,,,,1,,,,,,,,,,,,
"4,283",2018 People Staying Counts,COM2,Weekday1_Midday,Weekday,Midday,20180717,1333,1343,,Sun-Shaded,83,UD4H,18,1,2,1,,,,,,,,1,,,,,,1,,,1,,,,,,,,,,,,1,,,,,,,,,,,,
"4,284",2018 People Staying Counts,COM2,Weekday1_Midday,Weekday,Midday,20180717,1333,1343,,Sun-Shaded,83,UD4H,19,1,2,1,,,1,,,,,,,,,,,1,,,1,,,,,,,,,,,,1,,,,,,,,,,,,
"4,285",2018 People Staying Counts,COM2,Weekday1_Midday,Weekday,Midday,20180717,1333,1343,,Sun-Shaded,83,UD4H,20,1,2,1,,,1,,,,,,,,,,,1,,,1,,,,,,,,,,,,1,,,,,,,,,,,,
"4,286",2018 People Staying Counts,COM2,Weekday1_Midday,Weekday,Midday,20180717,1333,1343,,Sun-Shaded,83,UD4H,21,1,2,1,,,1,,,,,,,,,,,,,1,1,,,,,,,,,,,,1,,1,,,,,,,,,,
"4,287",2018 People Staying Counts,COM2,Weekday1_Midday,Weekday,Midday,20180717,1333,1343,,Sun-Shaded,83,UD4H,22,1,2,1,,,1,,,,,,,,,,,,,1,1,,,,,,,,,,,,,,1,,,,,,,,,,
"4,288",2018 People Staying Counts,COM2,Weekday1_Midday,Weekday,Midday,20180717,1333,1343,,Sun-Shaded,83,UD4H,23,1,1,1,,,,1,,,,,,,,,,,1,,,1,,,,,,,,,,,,,1,,,,,,,,,,
"4,289",2018 People Staying Counts,COM2,Weekday1_Evening,Weekday,Evening,20180717,1735,1745,,Sun-Exposed,87,UD4H,1,1,1,1,,,1,,,,,,,,,,,1,,,,,,,,1,,,,,,,1,,,,1,,,,,,1,,
"4,290",2018 People Staying Counts,COM2,Weekday1_Evening,Weekday,Evening,20180717,1735,1745,,Sun-Exposed,87,UD4H,2,1,1,1,,,,,,1,,,,,,,,,1,,,,,1,,,,,,,,,,,1,,,,,,,,,,
"4,291",2018 People Staying Counts,COM2,Weekday1_Evening,Weekday,Evening,20180717,1735,1745,,Sun-Exposed,87,UD4H,3,1,1,1,,,1,,,,,,,,,,,1,,,,,,,,,1,,,,,,,,,,1,,,,,,1,,
"4,292",2018 People Staying Counts,COM2,Weekday1_Evening,Weekday,Evening,20180717,1735,1745,,Sun-Exposed,87,UD4H,4,1,2,1,,,1,,,,,,,,,,,,1,,1,,,,,,,,,,,,1,1,,,,,,,,,,,
"4,293",2018 People Staying Counts,COM2,Weekday1_Evening,Weekday,Evening,20180717,1735,1745,,Sun-Exposed,87,UD4H,5,1,2,1,,,1,,,,,,,,,,,1,,,,,,,,1,,,,,,,1,,,,,,,,,,,,
"4,294",2018 People Staying Counts,COM2,Weekday1_Evening,Weekday,Evening,20180717,1735,1745,,Sun-Exposed,87,UD4H,6,1,2,1,,,1,,,,,,,,,,,1,,,1,,,,,,,,,,,,1,,1,,,,,,,,,,
"4,295",2018 People Staying Counts,COM2,Weekday1_Evening,Weekday,Evening,20180717,1735,1745,,Sun-Exposed,87,UD4H,7,1,2,,1,,1,,,,,,,,,,,1,,,1,,,,,,,,,,,,1,,,,,,,,,,,,
"4,296",2018 People Staying Counts,COM2,Weekday1_Evening,Weekday,Evening,20180717,1735,1745,,Sun-Exposed,87,UD4H,8,1,2,,1,,,,,1,,,,,,,,1,,,1,,,,,,,,,,,,1,,,,,,,,,,,1,
"4,297",2018 People Staying Counts,COM2,Weekday1_Evening,Weekday,Evening,20180717,1735,1745,,Sun-Exposed,87,UD4H,9,1,2,,1,,,,,1,,,,,,,,1,,,1,,,,,,,,,,,,1,1,,,,,,,,,,1,
"4,298",2018 People Staying Counts,COM2,Weekday1_Evening,Weekday,Evening,20180717,1735,1745,,Sun-Exposed,87,UD4H,10,1,1,1,,,1,,,,,,,,,,,1,,,1,,,,,,,,,,,,,,,,,,,1,,,,,
"4,299",2018 People Staying Counts,COM2,Weekday1_Evening,Weekday,Evening,20180717,1735,1745,,Sun-Exposed,87,UD4H,11,1,1,,1,,1,,,,,,,,,,1,,,,1,,,,,,,,,,,,,,1,,,,,,,,,,
"4,300",2018 People Staying Counts,COM2,Weekday1_Evening,Weekday,Evening,20180717,1735,1745,,Sun-Exposed,87,UD4H,12,1,1,,1,,1,,,,,,,,,,1,,,,,,,,,1,,,,,,,,,1,,,,,,,,,,
"4,301",2018 People Staying Counts,COM2,Weekday1_Evening,Weekday,Evening,20180717,1735,1745,,Sun-Exposed,87,UD4H,13,1,1,1,,,1,,,,,,,,,,,1,,,1,,,,,,,,,,,,,,,,1,,,,,,,,
"4,302",2018 People Staying Counts,COM2,Weekday1_Evening,Weekday,Evening,20180717,1735,1745,,Sun-Exposed,87,UD4H,14,1,2,1,,,1,,,,,,,,,,,1,,,1,,,,,,,,,,,,1,,,,,,,,,,,1,
"4,303",2018 People Staying Counts,COM2,Weekday1_Evening,Weekday,Evening,20180717,1735,1745,,Sun-Exposed,87,UD4H,15,1,2,,1,,1,,,,,,,,,,,1,,,1,,,,,,,,,,,,,,,,1,,,,,,,1,
"4,304",2018 People Staying Counts,COM2,Weekday1_Evening,Weekday,Evening,20180717,1735,1745,,Sun-Exposed,87,UD4H,16,1,1,1,,,,,,1,,,,,,,,1,,,1,,,,,,,,,,,,,,1,,,,,,,,,,
"4,305",2018 People Staying Counts,COM2,Weekday1_Evening,Weekday,Evening,20180717,1735,1745,,Sun-Exposed,87,UD4H,17,1,2,1,,,1,,,,,,,,,,,,1,,,1,,,,,,,,,,,1,,,,,,,,,,,,
"4,306",2018 People Staying Counts,COM2,Weekday1_Evening,Weekday,Evening,20180717,1735,1745,,Sun-Exposed,87,UD4H,18,1,2,1,,,1,,,,,,,,,,,,1,,1,,,,,,,,,,,,1,,,,,,,,,,,,
"4,307",2018 People Staying Counts,COM2,Weekday1_Evening,Weekday,Evening,20180717,1735,1745,,Sun-Exposed,87,UD4H,19,1,1,,1,,1,,,,,,,,,,,,1,,1,,,,,,,,1,,,,,,1,,,,,,,,,,
"4,308",2018 People Staying Counts,COM2,Weekday1_Evening,Weekday,Evening,20180717,1735,1745,,Sun-Exposed,87,UD4H,20,1,2,1,,,1,,,,,,,,,,,1,,,1,,,,,,,,,,,,1,,,,,,1,,,,,,
"4,309",2018 People Staying Counts,COM2,Weekday1_Evening,Weekday,Evening,20180717,1735,1745,,Sun-Exposed,87,UD4H,21,1,2,1,,,,,,,,1,,,,,,1,,,1,,,,,,,,,,,,1,,,,,,1,,,,,,
"4,310",2018 People Staying Counts,COM2,Weekday1_Evening,Weekday,Evening,20180717,1735,1745,,Sun-Exposed,87,UD4H,22,1,2,1,,,1,,,,,,,,,,,,,1,1,,,,,,,1,,,,,1,,,,,,,,,,,,
"4,311",2018 People Staying Counts,COM2,Weekday1_Evening,Weekday,Evening,20180717,1735,1745,,Sun-Exposed,87,UD4H,23,1,2,1,,,1,,,,,,,,,,,1,,,1,,,,,,,,,,,,1,,,,,,,,,,,,
"4,312",2018 People Staying Counts,COM2,Weekday1_Evening,Weekday,Evening,20180717,1735,1745,,Sun-Exposed,87,UD4H,24,1,1,1,,,,1,,,,,,,,,,1,,,,1,,,,,,,,,,,,,,,,,,1,,,,,
"4,313",2018 People Staying Counts,COM2,Weekday1_Evening,Weekday,Evening,20180717,1735,1745,,Sun-Exposed,87,UD4H,25,1,1,1,,,1,,,,,,,,,,,1,,,1,,,,,,,,,,,,,,,,1,,,,,,1,,
"4,314",2018 People Staying Counts,COM2,Weekday1_Evening,Weekday,Evening,20180717,1735,1745,,Sun-Exposed,87,UD4H,26,1,3,,1,,,,,1,,,,,,,,,1,,1,,,,,,,,,,,,1,,,,,,,,,,,,
"4,315",2018 People Staying Counts,COM2,Weekday1_Evening,Weekday,Evening,20180717,1735,1745,,Sun-Exposed,87,UD4H,27,1,3,,1,,,,,1,,,,,,,1,,,,1,,,,,,,,,,,,1,,,,,,,,,,,,
"4,316",2018 People Staying Counts,COM2,Weekday1_Evening,Weekday,Evening,20180717,1735,1745,,Sun-Exposed,87,UD4H,28,1,3,,1,,,,,1,,,,,,,1,,,,1,,,,,,,,,,,,1,,,,,,,,,,,,
"4,317",2018 People Staying Counts,COM2,Weekday1_Evening,Weekday,Evening,20180717,1735,1745,,Sun-Exposed,87,UD4H,29,1,1,1,,,1,,,,,,,,,,,1,,,1,,,,,,,,,,,,,,1,,,,,,,,,,
"4,318",2018 People Staying Counts,COM2,Weekday2_Morning,Weekday,Morning,20180718,0928,0938,,Heavy Clouds,62,UD4H,1,1,2,,1,,1,,,,,,,,,,,1,,,1,,,,,,,,,,,,,,,,1,,,,,,,1,
"4,319",2018 People Staying Counts,COM2,Weekday2_Morning,Weekday,Morning,20180718,0928,0938,,Heavy Clouds,62,UD4H,2,1,2,1,,,,1,,,,,,,,,,1,,,1,,,,,,,,,,,,,,,,1,,,,,,,1,
"4,320",2018 People Staying Counts,COM2,Weekday2_Morning,Weekday,Morning,20180718,0928,0938,,Heavy Clouds,62,UD4H,3,1,2,,1,,1,,,,,,,,,,,1,,,1,,,,,,,,,,,,1,,,,,,,,,,,,
"4,321",2018 People Staying Counts,COM2,Weekday2_Morning,Weekday,Morning,20180718,0928,0938,,Heavy Clouds,62,UD4H,4,1,2,,1,,1,,,,,,,,,,,1,,,1,,,,,,,,,,,,1,,,,,,,1,,,,,
"4,322",2018 People Staying Counts,COM2,Weekday2_Morning,Weekday,Morning,20180718,0928,0938,,Heavy Clouds,62,UD4H,5,1,1,,1,,,,,1,,,,,,,,,1,,1,,,,,,,,,,,,,,1,,,,,,,,,,
"4,323",2018 People Staying Counts,COM2,Weekday2_Morning,Weekday,Morning,20180718,0928,0938,,Heavy Clouds,62,UD4H,6,1,1,,1,,1,,,,,,,,,,,,,1,1,,,,,,,,,,,1,,,,,,,,,,,,,
"4,324",2018 People Staying Counts,COM2,Weekday2_Morning,Weekday,Morning,20180718,0928,0938,,Heavy Clouds,62,UD4H,7,1,1,1,,,,1,,,,,,,,,,,1,,1,,,,,,,,,,,,,,,,1,,,,,,,,
"4,325",2018 People Staying Counts,COM2,Weekday2_Morning,Weekday,Morning,20180718,0928,0938,,Heavy Clouds,62,UD4H,8,1,2,,1,,1,,,,,,,,,,1,,,,1,,,,,,,,,,,,1,,,,,,,,,,,,
"4,326",2018 People Staying Counts,COM2,Weekday2_Morning,Weekday,Morning,20180718,0928,0938,,Heavy Clouds,62,UD4H,9,1,2,,1,,,,,1,,,,,,,1,,,,,1,,,,,,,,,,,1,,,,,,,,,,,,
"4,327",2018 People Staying Counts,COM2,Weekday2_Morning,Weekday,Morning,20180718,0928,0938,,Heavy Clouds,62,UD4H,10,1,1,1,,,1,,,,,,,,,,,1,,,,,,1,,,,,,,,1,,,1,,,,,,,,,,
"4,328",2018 People Staying Counts,COM2,Weekday2_Morning,Weekday,Morning,20180718,0928,0938,,Heavy Clouds,62,UD4H,11,1,1,,1,,1,,,,,,,,,,,1,,,,,,1,,,,,,,,1,,,,,,,,,,,,,
"4,329",2018 People Staying Counts,COM2,Weekday2_Morning,Weekday,Morning,20180718,0928,0938,,Heavy Clouds,62,UD4H,12,1,1,1,,,1,,,,,,,,,,,,1,,1,,,,,,,,,,,,,,,,1,,,,,,,,
"4,330",2018 People Staying Counts,COM2,Weekday2_Morning,Weekday,Morning,20180718,0928,0938,,Heavy Clouds,62,UD4H,13,1,1,,1,,,,,1,,,,,,,1,,,,1,,,,,,,,,,,,,,1,,,,,,,,,,
"4,331",2018 People Staying Counts,COM2,Weekday2_Morning,Weekday,Morning,20180718,0928,0938,,Heavy Clouds,62,UD4H,14,1,2,1,,,1,,,,,,,,,,,1,,,1,,,,,,,,,,,1,1,,,,,,,,,,,,
"4,332",2018 People Staying Counts,COM2,Weekday2_Morning,Weekday,Morning,20180718,0928,0938,,Heavy Clouds,62,UD4H,15,1,2,1,,,,,,,,,1,,,,,1,,,1,,,,,,,,,,,,1,,,,,,,,,,,,
"4,333",2018 People Staying Counts,COM2,Weekday2_Morning,Weekday,Morning,20180718,0928,0938,,Heavy Clouds,62,UD4H,16,1,1,1,,,,1,,,,,,,,,,1,,,,1,,,,,,,,,,,,,,,1,,,,,,,,
"4,334",2018 People Staying Counts,COM2,Weekday2_Morning,Weekday,Morning,20180718,0928,0938,,Heavy Clouds,62,UD4H,17,1,1,,1,,1,,,,,,,,,,,1,,,1,,,,,,,,,,1,,,,,,,,,,,,,,
"4,335",2018 People Staying Counts,COM2,Weekday2_Morning,Weekday,Morning,20180718,0928,0938,,Heavy Clouds,62,UD4H,18,1,1,1,,,,,,,,,1,,,,1,,,,1,,,,,,,,,,,,,,,,1,,,,,,,,
"4,336",2018 People Staying Counts,COM2,Weekday2_Morning,Weekday,Morning,20180718,0928,0938,,Heavy Clouds,62,UD4H,19,1,1,1,,,1,,,,,,,,,,,1,,,1,,,,,,,,,,,,,,1,,1,,,,,,,,
"4,337",2018 People Staying Counts,COM2,Weekday2_Midday,Weekday,Midday,20180718,1326,1336,event:cultural_communal,Sun-Shaded,72,UD4H,1,1,2,1,,,1,,,,,,,,,,,1,,,,,,1,,,,,,,,1,1,,,,,,,,,,,,
"4,338",2018 People Staying Counts,COM2,Weekday2_Midday,Weekday,Midday,20180718,1326,1336,event:cultural_communal,Sun-Shaded,72,UD4H,2,1,2,,1,,1,,,,,,,,,,,1,,,,,,1,,,,,,,,1,1,,,,,,,,,,,,
"4,339",2018 People Staying Counts,COM2,Weekday2_Midday,Weekday,Midday,20180718,1326,1336,event:cultural_communal,Sun-Shaded,72,UD4H,3,1,1,1,,,1,,,,,,,,,,,1,,,1,,,,,,,,,,,,,,,,,,,,,,1,1,
"4,340",2018 People Staying Counts,COM2,Weekday2_Midday,Weekday,Midday,20180718,1326,1336,event:cultural_communal,Sun-Shaded,72,UD4H,4,1,2,,1,,1,,,,,,,,,,,,,1,1,,,,,,,,,,,,1,,,,,,,,,,,,
"4,341",2018 People Staying Counts,COM2,Weekday2_Midday,Weekday,Midday,20180718,1326,1336,event:cultural_communal,Sun-Shaded,72,UD4H,5,1,2,,1,,1,,,,,,,,,,,1,,,1,,,,,,,,,,,,,,,,1,,,,,,,,
"4,342",2018 People Staying Counts,COM2,Weekday2_Midday,Weekday,Midday,20180718,1326,1336,event:cultural_communal,Sun-Shaded,72,UD4H,6,1,4,1,,,1,,,,,,,,,,,,1,,,,,1,,,,,,,,,1,,,,,,,,,,,,
"4,343",2018 People Staying Counts,COM2,Weekday2_Midday,Weekday,Midday,20180718,1326,1336,event:cultural_communal,Sun-Shaded,72,UD4H,7,1,4,,1,,1,,,,,,,,,,,1,,,,,,1,,,,,,,,1,1,,,,,,,,,,,,
"4,344",2018 People Staying Counts,COM2,Weekday2_Midday,Weekday,Midday,20180718,1326,1336,event:cultural_communal,Sun-Shaded,72,UD4H,8,1,4,,1,,1,,,,,,,,,,,1,,,,1,,,,,,,,,,,1,,,,,,,,,,,,
"4,345",2018 People Staying Counts,COM2,Weekday2_Midday,Weekday,Midday,20180718,1326,1336,event:cultural_communal,Sun-Shaded,72,UD4H,9,1,4,1,,,1,,,,,,,,,,,1,,,,,,1,,,,,,,,,1,,,,,,,,,,,,
"4,346",2018 People Staying Counts,COM2,Weekday2_Midday,Weekday,Midday,20180718,1326,1336,event:cultural_communal,Sun-Shaded,72,UD4H,10,1,1,1,,,1,,,,,,,,,,,,1,,1,,,,,,,,,,,,,,,,1,,,,,,,,
"4,347",2018 People Staying Counts,COM2,Weekday2_Midday,Weekday,Midday,20180718,1326,1336,event:cultural_communal,Sun-Shaded,72,UD4H,11,1,1,1,,,1,,,,,,,,,,,1,,,1,,,,,,,,,,,,,,1,,,,,,,,,,
"4,348",2018 People Staying Counts,COM2,Weekday2_Midday,Weekday,Midday,20180718,1326,1336,event:cultural_communal,Sun-Shaded,72,UD4H,12,1,2,1,,,1,,,,,,,,,,,,1,,,1,,,,,,,,,,,,,,,1,,,,,,,,
"4,349",2018 People Staying Counts,COM2,Weekday2_Midday,Weekday,Midday,20180718,1326,1336,event:cultural_communal,Sun-Shaded,72,UD4H,13,1,2,1,,,1,,,,,,,,,,,,1,,,1,,,,,,,,,,,,,,,1,,,,,,,,
"4,350",2018 People Staying Counts,COM2,Weekday2_Midday,Weekday,Midday,20180718,1326,1336,event:cultural_communal,Sun-Shaded,72,UD4H,14,1,1,1,,,1,,,,,,,,,,,,1,,1,,,,,,,,,,,,,,,,1,,,,,,,,
"4,351",2018 People Staying Counts,COM2,Weekday2_Midday,Weekday,Midday,20180718,1326,1336,event:cultural_communal,Sun-Shaded,72,UD4H,15,1,3,,1,,1,,,,,,,,,,,1,,,1,,,,,,,,,,,,1,,,,,,,,,,,,
"4,352",2018 People Staying Counts,COM2,Weekday2_Midday,Weekday,Midday,20180718,1326,1336,event:cultural_communal,Sun-Shaded,72,UD4H,16,1,3,,1,,1,,,,,,,,1,,,,,,,,,1,,,,,,,,,1,,,,,,,,,,,,
"4,353",2018 People Staying Counts,COM2,Weekday2_Midday,Weekday,Midday,20180718,1326,1336,event:cultural_communal,Sun-Shaded,72,UD4H,17,1,3,,1,,1,,,,,,,,1,,,,,,,,,1,,,,,,,,,,,,,1,,,,,,,,
"4,354",2018 People Staying Counts,COM2,Weekday2_Midday,Weekday,Midday,20180718,1326,1336,event:cultural_communal,Sun-Shaded,72,UD4H,18,1,1,,1,,1,,,,,,,,,,,,,1,,,,,1,,,,,,,,,,,,1,,,,,,1,1,
"4,355",2018 People Staying Counts,COM2,Weekday2_Midday,Weekday,Midday,20180718,1326,1336,event:cultural_communal,Sun-Shaded,72,UD4H,19,1,1,1,,,1,,,,,,,,,,,,1,,1,,,,,,,,,,,,,,1,,,,,,,,,,
"4,356",2018 People Staying Counts,COM2,Weekday2_Midday,Weekday,Midday,20180718,1326,1336,event:cultural_communal,Sun-Shaded,72,UD4H,20,1,3,1,,,1,,,,,,,,,,,,,1,1,,,,,,,,,,,,,,,,1,,,,,,,1,
"4,357",2018 People Staying Counts,COM2,Weekday2_Midday,Weekday,Midday,20180718,1326,1336,event:cultural_communal,Sun-Shaded,72,UD4H,21,1,2,,1,,1,,,,,,,,,,,1,,,1,,,,,,,,,,,,,,,,1,,,,,,,1,
"4,358",2018 People Staying Counts,COM2,Weekday2_Midday,Weekday,Midday,20180718,1326,1336,event:cultural_communal,Sun-Shaded,72,UD4H,22,1,1,,1,,1,,,,,,,,,,,1,,,,1,,,,,,,,,,,,,1,,,,,,,,,,
"4,359",2018 People Staying Counts,COM2,Weekday2_Midday,Weekday,Midday,20180718,1326,1336,event:cultural_communal,Sun-Shaded,72,UD4H,23,1,2,,1,,1,,,,,,,,,,,1,,,1,,,,,,,,,,,,1,,1,,,,,,,,,,
"4,360",2018 People Staying Counts,COM2,Weekday2_Midday,Weekday,Midday,20180718,1326,1336,event:cultural_communal,Sun-Shaded,72,UD4H,24,1,2,,1,,1,,,,,,,,,,,1,,,1,,,,,,,,,,,,1,,,,1,,,,,,,,
"4,361",2018 People Staying Counts,COM2,Weekday2_Evening,Weekday,Evening,20180718,1733,1743,event:cultural_communal,Sun-Shaded,78,UD4H,1,1,1,1,,,1,,,,,,,,,,,1,,,1,,,,,,,,,,,,,,,,,,,1,,,,,
"4,362",2018 People Staying Counts,COM2,Weekday2_Evening,Weekday,Evening,20180718,1733,1743,event:cultural_communal,Sun-Shaded,78,UD4H,2,1,2,1,,,,,,,,,1,,,,1,,,,1,,,,,,,,,,,,,,,,1,,,,,,,1,
"4,363",2018 People Staying Counts,COM2,Weekday2_Evening,Weekday,Evening,20180718,1733,1743,event:cultural_communal,Sun-Shaded,78,UD4H,3,1,2,,1,,1,,,,,,,,,,,1,,,1,,,,,,,,,,,,,,,,1,,,,,,,1,
"4,364",2018 People Staying Counts,COM2,Weekday2_Evening,Weekday,Evening,20180718,1733,1743,event:cultural_communal,Sun-Shaded,78,UD4H,4,1,2,1,,,1,,,,,,,,,,,1,,,1,,,,,,,,,,1,,,,,,,,,,,,,,
"4,365",2018 People Staying Counts,COM2,Weekday2_Evening,Weekday,Evening,20180718,1733,1743,event:cultural_communal,Sun-Shaded,78,UD4H,5,1,2,,1,,1,,,,,,,,,,,1,,,1,,,,,,,,,,1,,1,,,,,,,,,,,,
"4,366",2018 People Staying Counts,COM2,Weekday2_Evening,Weekday,Evening,20180718,1733,1743,event:cultural_communal,Sun-Shaded,78,UD4H,6,1,1,1,,,1,,,,,,,,,,,1,,,1,,,,,,,,,,,,,,1,,,,,,,,,,
"4,367",2018 People Staying Counts,COM2,Weekday2_Evening,Weekday,Evening,20180718,1733,1743,event:cultural_communal,Sun-Shaded,78,UD4H,7,1,1,1,,,1,,,,,,,,,,,,1,,1,,,,,,,,,,,,,,1,,,,,,,,,,
"4,368",2018 People Staying Counts,COM2,Weekday2_Evening,Weekday,Evening,20180718,1733,1743,event:cultural_communal,Sun-Shaded,78,UD4H,8,1,1,1,,,,,,1,,,,,,,1,,,,1,,,,,,,,,,,1,,,,,,,,1,,,,,
"4,369",2018 People Staying Counts,COM2,Weekday2_Evening,Weekday,Evening,20180718,1733,1743,event:cultural_communal,Sun-Shaded,78,UD4H,9,1,1,1,,,1,,,,,,,,,,,1,,,,1,,,,,,,,,,,,,,,1,,,,,,1,,
"4,370",2018 People Staying Counts,COM2,Weekday2_Evening,Weekday,Evening,20180718,1733,1743,event:cultural_communal,Sun-Shaded,78,UD4H,10,1,2,1,,,,,,,,,1,,,,1,,,,,,,,,1,,,,,,1,1,,,,,,,,,,,,
"4,371",2018 People Staying Counts,COM2,Weekday2_Evening,Weekday,Evening,20180718,1733,1743,event:cultural_communal,Sun-Shaded,78,UD4H,11,1,2,1,,,1,,,,,,,,,,,1,,,,,,,,1,,,,,,,1,,,,,,,1,,,,,
"4,372",2018 People Staying Counts,COM2,Weekday2_Evening,Weekday,Evening,20180718,1733,1743,event:cultural_communal,Sun-Shaded,78,UD4H,12,1,1,1,,,,,,1,,,,,,,,1,,,1,,,,,,,,,,,,,,1,,,,,,,,,,
"4,373",2018 People Staying Counts,COM2,Weekday2_Evening,Weekday,Evening,20180718,1733,1743,event:cultural_communal,Sun-Shaded,78,UD4H,13,1,1,,1,,1,,,,,,,,,,1,,,,1,,,,,,,,,,,,,,,,1,,,,,,,,
"4,374",2018 People Staying Counts,COM2,Weekday2_Evening,Weekday,Evening,20180718,1733,1743,event:cultural_communal,Sun-Shaded,78,UD4H,14,1,1,,1,,1,,,,,,,,,,,1,,,1,,,,,,,,,,,,,,,,1,,,,,,,,
"4,375",2018 People Staying Counts,COM2,Weekday2_Evening,Weekday,Evening,20180718,1733,1743,event:cultural_communal,Sun-Shaded,78,UD4H,15,1,5,,1,,,,,1,,,,,,,,,,1,,,,,1,,,1,,,,,,,,,1,,,,,,,,
"4,376",2018 People Staying Counts,COM2,Weekday2_Evening,Weekday,Evening,20180718,1733,1743,event:cultural_communal,Sun-Shaded,78,UD4H,16,1,5,1,,,,,,1,,,,,,,,,1,,1,,,,,,,,,,,,,,,,1,,,,,,1,,
"4,377",2018 People Staying Counts,COM2,Weekday2_Evening,Weekday,Evening,20180718,1733,1743,event:cultural_communal,Sun-Shaded,78,UD4H,17,1,5,,1,,,,,1,,,,,,,,,1,,1,,,,,,,,,,,,1,,,,,,,,,,,,
"4,378",2018 People Staying Counts,COM2,Weekday2_Evening,Weekday,Evening,20180718,1733,1743,event:cultural_communal,Sun-Shaded,78,UD4H,18,1,5,,1,,,,,1,,,,,,,,,1,,1,,,,,,,,,,,,,,,,1,,,,,,,,
"4,379",2018 People Staying Counts,COM2,Weekday2_Evening,Weekday,Evening,20180718,1733,1743,event:cultural_communal,Sun-Shaded,78,UD4H,19,1,5,1,,,,,,1,,,,,,,,,1,,1,,,,,,,,,,,,,,,,1,,,,,,,,
"4,380",2018 People Staying Counts,COM2,Weekday2_Evening,Weekday,Evening,20180718,1733,1743,event:cultural_communal,Sun-Shaded,78,UD4H,20,1,1,,1,,1,,,,,,,,,,,1,,,1,,,,,,,,,,,,,,,,1,,,,,,,,
"4,381",2018 People Staying Counts,COM2,Weekday2_Evening,Weekday,Evening,20180718,1733,1743,event:cultural_communal,Sun-Shaded,78,UD4H,21,1,2,,1,,1,,,,,,,,,,,,1,,1,,,,,,,,,,,,,,,,1,,,,,,,1,
"4,382",2018 People Staying Counts,COM2,Weekday2_Evening,Weekday,Evening,20180718,1733,1743,event:cultural_communal,Sun-Shaded,78,UD4H,22,1,2,1,,,1,,,,,,,,,,,,,1,1,,,,,,,,,,,,,,,,1,,,,,,,1,
"4,383",2018 People Staying Counts,GPR1,Weekday1_Morning,Weekday,Morning,20180823,0825,0835,,Light Rain,56,UD4H,1,1,3,1,,,1,,,,,,,,,,,,,1,1,,,,,,,,,,,,1,1,,,,,,1,,,,,
"4,384",2018 People Staying Counts,GPR1,Weekday1_Morning,Weekday,Morning,20180823,0825,0835,,Light Rain,56,UD4H,2,1,3,1,,,1,,,,,,,,,,,1,,,1,,,,,,,,,1,,,1,,,,,,,1,,,,,
"4,385",2018 People Staying Counts,GPR1,Weekday1_Morning,Weekday,Morning,20180823,0825,0835,,Light Rain,56,UD4H,3,1,3,1,,,1,,,,,,,,,,,1,,,1,,,,,,,,,1,,,1,,,,,,,1,,,,,
"4,386",2018 People Staying Counts,GPR1,Weekday1_Midday,Weekday,Midday,20180823,1225,1235,,Heavy Clouds,60,UD4H,1,1,1,1,,,1,,,,,,,,,,,,1,,,,,,,1,,,,,,,,,,,,,,1,,,1,,
"4,387",2018 People Staying Counts,GPR1,Weekday1_Midday,Weekday,Midday,20180823,1225,1235,,Heavy Clouds,60,UD4H,2,1,2,,1,,1,,,,,,,,,,,1,,,1,,,,,,,,,1,,1,1,,,,,,,,,,,,
"4,388",2018 People Staying Counts,GPR1,Weekday1_Midday,Weekday,Midday,20180823,1225,1235,,Heavy Clouds,60,UD4H,3,1,2,1,,,1,,,,,,,,,,1,,,,1,,,,,,,,,,,1,1,,,,,,,1,,,,,
"4,389",2018 People Staying Counts,GPR1,Weekday1_Evening,Weekday,Evening,20180823,1620,1630,,Sun-Exposed,68,UD4H,1,1,1,,1,,1,,,,,,,,,,,,1,,1,,,,,,,,,1,,,,,1,,,,,1,,,,,
"4,390",2018 People Staying Counts,GPR1,Weekday1_Evening,Weekday,Evening,20180823,1620,1630,,Sun-Exposed,68,UD4H,2,1,1,1,,,1,,,,,,,,,,,1,,,1,,,,,,,,,,,,,,,1,,,,,,,,,
"4,391",2018 People Staying Counts,GPR1,Weekday2_Morning,Weekday,Morning,20180824,0823,0833,,Light Clouds,58,UD4H,1,1,1,1,,,1,,,,,,,,,,,,,1,1,,,,,,,,,,,,,,,,,,,1,,,,,
"4,392",2018 People Staying Counts,GPR1,Weekday2_Midday,Weekday,Midday,20180824,1230,1240,,Sun-Shaded,62,UD4H,1,1,1,1,,,,,,,,1,,,,,,,1,,,1,,,,,,,,,,,,,1,,1,,,,,,,,
"4,393",2018 People Staying Counts,GPR1,Weekday2_Midday,Weekday,Midday,20180824,1230,1240,,Sun-Shaded,62,UD4H,2,1,1,1,,,1,,,,,,,,,,,,,1,1,,,,,,,,,,,,,,,,1,,,1,,,,,
"4,394",2018 People Staying Counts,GPR1,Weekday2_Evening,Weekday,Evening,20180824,1620,1630,,Sun-Shaded,65,UD4H,1,1,2,1,,,1,,,,,,,,,,,1,,,,,,1,,,,,,1,,1,1,,,,,,,,,,,,
"4,395",2018 People Staying Counts,GPR1,Weekday2_Evening,Weekday,Evening,20180824,1620,1630,,Sun-Shaded,65,UD4H,2,1,2,,1,,1,,,,,,,,,,,1,,,,,,1,,,,,,1,,1,1,,,,,,,,,,,,
"4,396",2018 People Staying Counts,GPR1,Weekday2_Evening,Weekday,Evening,20180824,1620,1630,,Sun-Shaded,65,UD4H,3,1,1,,1,,1,,,,,,,,,,,1,,,1,,,,,,,,1,,,,1,,,,,,,,,,,,
"4,397",2018 People Staying Counts,GPR1,Weekday2_Evening,Weekday,Evening,20180824,1620,1630,,Sun-Shaded,65,UD4H,4,1,1,1,,,1,,,,,,,,,,,,,1,1,,,,,,,,,,,,,,,,1,,,1,,,,,
"4,398",2018 People Staying Counts,GPR1,Weekend_Midday,Weekend,Midday,20180908,1305,1315,,Light Clouds,67,UD4H,1,1,1,1,,,1,,,,,,,,,,,1,,,1,,,,,,,,,,,1,,,,,,1,,,,,,,
"4,399",2018 People Staying Counts,GPR1,Weekend_Midday,Weekend,Midday,20180908,1305,1315,,Light Clouds,67,UD4H,2,1,1,,1,,1,,,,,,,,,,,,1,,,,,,,1,,,,,,,,,,,1,,,,,,1,1,
"4,400",2018 People Staying Counts,GPR1,Weekend_Midday,Weekend,Midday,20180908,1305,1315,,Light Clouds,67,UD4H,3,1,2,1,,,1,,,,,,,,,,1,,,,1,,,,,,,,,,,,1,,1,,,1,,,,,,,
"4,401",2018 People Staying Counts,GPR1,Weekend_Midday,Weekend,Midday,20180908,1305,1315,,Light Clouds,67,UD4H,4,1,2,,1,,1,,,,,,,,,,1,,,,1,,,,,,,,,,,,1,,1,,,1,,,,,,,
"4,402",2018 People Staying Counts,GPR1,Weekend_Evening,Weekend,Evening,20180908,1621,1631,,Light Clouds,65,UD4H,1,1,1,1,,,1,,,,,,,,,,,,1,,1,,,,,,,,,,,,1,,,,,1,,,,,,,
"4,403",2018 People Staying Counts,GPR1,Weekend_Evening,Weekend,Evening,20180908,1621,1631,,Light Clouds,65,UD4H,2,1,2,,1,,1,,,,,,,,,,1,,,,,,,1,,,,,,1,,1,1,,1,,,,,,,,,,
"4,404",2018 People Staying Counts,GPR1,Weekend_Evening,Weekend,Evening,20180908,1621,1631,,Light Clouds,65,UD4H,3,1,2,,1,,1,,,,,,,,,,1,,,,,,,1,,,,,,1,,1,1,,1,,,,,,,,,,
"4,405",2018 People Staying Counts,GPR1,Weekend_Evening,Weekend,Evening,20180908,1621,1631,,Light Clouds,65,UD4H,4,1,1,1,,,,,,,,1,,,,,,1,,,,1,,,,,,,,,,,,,1,,,,,1,,,,,
"4,406",2018 People Staying Counts,SOP2,Weekday1_Morning,Weekday,Morning,20180828,0930,0940,,Sun-Exposed,61,UD4H,1,0,,,,,,,,,,,,,,,,,,,,,,,,,,,,,,,,,,,,,,,,,,,
"4,407",2018 People Staying Counts,SOP2,Weekday1_Midday,Weekday,Midday,20180828,1312,1322,,Sun-Exposed,75,UD4H,1,0,,,,,,,,,,,,,,,,,,,,,,,,,,,,,,,,,,,,,,,,,,,
"4,408",2018 People Staying Counts,SOP2,Weekday1_Evening,Weekday,Evening,20180828,1703,1713,event:commercial_event,Sun-Shaded,85,UD4H,1,0,,,,,,,,,,,,,,,,,,,,,,,,,,,,,,,,,,,,,,,,,,,
"4,409",2018 People Staying Counts,SOP2,Weekday2_Morning,Weekday,Morning,20180905,0913,0923,,Sun-Shaded,62,UD4H,1,0,,,,,,,,,,,,,,,,,,,,,,,,,,,,,,,,,,,,,,,,,,,
"4,410",2018 People Staying Counts,SOP2,Weekday2_Midday,Weekday,Midday,20180905,1308,1318,,Sun-Shaded,68,UD4H,1,1,1,1,,,1,,,,,,,,,,,1,,,1,,,,,,,,,,,,,,1,,,,,,,,,,
"4,411",2018 People Staying Counts,SOP2,Weekday2_Evening,Weekday,Evening,20180905,1702,1712,,Sun-Shaded,76,UD4H,1,0,,,,,,,,,,,,,,,,,,,,,,,,,,,,,,,,,,,,,,,,,,,
"4,412",2018 People Staying Counts,SOP2,Weekend_Midday,Weekend,Midday,20180915,1332,1342,,Heavy Clouds,61,UD4H,1,1,2,1,,,1,,,,,,,,,,,1,,,1,,,,,,,,,,,1,1,,,,,,,,,,,,
"4,413",2018 People Staying Counts,SOP2,Weekend_Midday,Weekend,Midday,20180915,1332,1342,,Heavy Clouds,61,UD4H,2,1,2,,1,,,,,1,,,,,,,,1,,,1,,,,,,,,,,,1,1,,,,,,,,,,,,
"4,414",2018 People Staying Counts,SOP2,Weekend_Midday,Weekend,Midday,20180915,1332,1342,,Heavy Clouds,61,UD4H,3,1,2,1,,,,1,,,,,,,,,,1,,,1,,,,,,,,,,1,,,,,,,,,,,,,,
"4,415",2018 People Staying Counts,SOP2,Weekend_Midday,Weekend,Midday,20180915,1332,1342,,Heavy Clouds,61,UD4H,4,1,2,1,,,,1,,,,,,,,1,,,,,,,,,,1,,,,,,,,,,,1,,,,,,,,
"4,416",2018 People Staying Counts,SOP2,Weekend_Midday,Weekend,Midday,20180915,1332,1342,,Heavy Clouds,61,UD4H,5,1,1,1,,,,,,,,1,,,,,,1,,,1,,,,,,,,,,,,,,1,,,,,,,1,,,
"4,417",2018 People Staying Counts,SOP2,Weekend_Midday,Weekend,Midday,20180915,1332,1342,,Heavy Clouds,61,UD4H,6,1,4,1,,,,,,,,1,,,,,,1,,,1,,,,,,,,,,,,1,,,,,,,1,,,,,
"4,418",2018 People Staying Counts,SOP2,Weekend_Midday,Weekend,Midday,20180915,1332,1342,,Heavy Clouds,61,UD4H,7,1,4,1,,,,,,,,1,,,,,,1,,,1,,,,,,,,,,,,1,,,,,,,1,,,,,
"4,419",2018 People Staying Counts,SOP2,Weekend_Midday,Weekend,Midday,20180915,1332,1342,,Heavy Clouds,61,UD4H,8,1,4,1,,,,,,,,1,,,,,,1,,,1,,,,,,,,,,,,1,,,,,,,1,,,,,
"4,420",2018 People Staying Counts,SOP2,Weekend_Midday,Weekend,Midday,20180915,1332,1342,,Heavy Clouds,61,UD4H,9,1,4,,1,,,,,,,1,,,,,,1,,,1,,,,,,,,,,,,1,,,,,,,,,,,,
"4,421",2018 People Staying Counts,SOP2,Weekend_Midday,Weekend,Midday,20180915,1332,1342,,Heavy Clouds,61,UD4H,10,1,1,1,,,,1,,,,,,,,,,1,,,1,,,,,,,,,,,,,,,,1,,,1,,,,,
"4,422",2018 People Staying Counts,SOP2,Weekend_Midday,Weekend,Midday,20180915,1332,1342,,Heavy Clouds,61,UD4H,11,1,2,1,,,1,,,,,,,,,,,1,,,,,1,,,,,,,,,,1,,,,,,,1,,,,,
"4,423",2018 People Staying Counts,SOP2,Weekend_Midday,Weekend,Midday,20180915,1332,1342,,Heavy Clouds,61,UD4H,12,1,2,1,,,1,,,,,,,,,,,1,,,1,,,,,,,,,,,,1,,,,,,,1,,,,,
"4,424",2018 People Staying Counts,SOP2,Weekend_Evening,Weekend,Evening,20180915,1706,1716,,Light Rain,65,UD4H,1,1,1,1,,,1,,,,,,,,,,,1,,,1,,,,,,,,,,,,,,,,,,,1,,,,,
"4,425",2018 People Staying Counts,FHT4,Weekday1_Midday,Weekday,Midday,20180726,1237,1247,,Sun-Exposed,69,UD4H,1,1,1,1,,,1,,,,,,,,,,1,,,,,1,,,,,,,,,,,,,1,,1,,,,,,,,
"4,426",2018 People Staying Counts,FHT4,Weekday1_Midday,Weekday,Midday,20180726,1237,1247,,Sun-Exposed,69,UD4H,2,1,2,,1,,1,,,,,,,,,,,1,,,1,,,,,,,,,,,,1,,,,,,,,,,,,
"4,427",2018 People Staying Counts,FHT4,Weekday1_Midday,Weekday,Midday,20180726,1237,1247,,Sun-Exposed,69,UD4H,3,1,2,,1,,,,,1,,,,,,,,1,,,1,,,,,,,,,,,,1,,,,,,,,,,,,
"4,428",2018 People Staying Counts,FHT4,Weekday1_Morning,Weekday,Morning,20180726,0835,0845,,Sun-Exposed,77,UD4H,1,1,1,1,,,1,,,,,,,,,,,,1,,,1,,,,,,,,,,,,,,,,,,1,,,,,
"4,429",2018 People Staying Counts,FHT4,Weekday1_Evening,Weekday,Evening,20180726,1630,1640,,Sun-Exposed,87,UD4H,1,0,,,,,,,,,,,,,,,,,,,,,,,,,,,,,,,,,,,,,,,,,,,
"4,430",2018 People Staying Counts,FHT4,Weekday2_Morning,Weekday,Morning,20180727,0840,0850,,Sun-Exposed,65,UD4H,1,1,1,1,,,1,,,,,,,,,,,1,,,1,,,,,,,,,,,,,,1,,1,,,,,,,,
"4,431",2018 People Staying Counts,FHT4,Weekday2_Midday,Weekday,Midday,20180727,1232,1242,,Sun-Exposed,75,UD4H,1,1,1,,1,,1,,,,,,,,,,,1,,,1,,,,,,,,,,,,,,,,1,,,,,,,,
"4,432",2018 People Staying Counts,FHT4,Weekday2_Midday,Weekday,Midday,20180727,1232,1242,,Sun-Exposed,75,UD4H,2,1,3,1,,,1,,,,,,,,,,,,1,,1,,,,,,,,,,,1,1,,,,,,,,,,,,
"4,433",2018 People Staying Counts,FHT4,Weekday2_Midday,Weekday,Midday,20180727,1232,1242,,Sun-Exposed,75,UD4H,3,1,3,1,,,1,,,,,,,,,,,,1,,1,,,,,,,,,,,,1,,,,,,,,,,,,
"4,434",2018 People Staying Counts,FHT4,Weekday2_Midday,Weekday,Midday,20180727,1232,1242,,Sun-Exposed,75,UD4H,4,1,3,1,,,1,,,,,,,,,,,,1,,1,,,,,,,,,,,,1,,,,,,,,,,,,
"4,435",2018 People Staying Counts,FHT4,Weekday2_Evening,Weekday,Evening,20180727,1637,1647,,Sun-Exposed,83,UD4H,1,1,1,1,,,,,,1,,,,,,,,,1,,1,,,,,,,,,,,,,,1,,,,,,,,,,
"4,436",2018 People Staying Counts,FHT4,Weekend_Midday,Weekend,Midday,20180728,1235,1245,,Sun-Exposed,72,UD4H,1,0,,,,,,,,,,,,,,,,,,,,,,,,,,,,,,,,,,,,,,,,,,,
"4,437",2018 People Staying Counts,FHT4,Weekend_Evening,Weekend,Evening,20180728,1642,1652,,Sun-Exposed,81,UD4H,1,1,1,,1,,1,,,,,,,,,,,1,,,,1,,,,,,,,,,,,,1,,,,,,,,,,
"4,438",2018 People Staying Counts,CID1,Weekend_Midday,Weekend,Midday,20180714,1224,1234,event:cultural_communal,Sun-Shaded,68,UD4H,1,1,1,1,,,1,,,,,,,,,,,1,,,1,,,,,,,,,,,,,,,,1,,1,,,,,,
"4,439",2018 People Staying Counts,CID1,Weekend_Midday,Weekend,Midday,20180714,1224,1234,event:cultural_communal,Sun-Shaded,68,UD4H,2,1,1,1,,,,1,,,,,,,,,,,1,,,,,,,1,,,,,,,,,,,1,,,,,,,,
"4,440",2018 People Staying Counts,CID1,Weekend_Midday,Weekend,Midday,20180714,1224,1234,event:cultural_communal,Sun-Shaded,68,UD4H,3,1,1,1,,,,1,,,,,,,,,,1,,,,,,,,1,,,,,,1,,,,,,,,,,,,,
"4,441",2018 People Staying Counts,CID1,Weekend_Midday,Weekend,Midday,20180714,1224,1234,event:cultural_communal,Sun-Shaded,68,UD4H,4,1,1,,1,,,1,,,,,,,,,,1,,,1,,,,,,,,,,,,1,,,,,,,,,,,,
"4,442",2018 People Staying Counts,CID1,Weekend_Midday,Weekend,Midday,20180714,1224,1234,event:cultural_communal,Sun-Shaded,68,UD4H,5,1,1,,1,,,1,,,,,,,,,,1,,,,1,,,,,,,,,,,1,,,,,,,,,,,,
"4,443",2018 People Staying Counts,CID1,Weekend_Midday,Weekend,Midday,20180714,1224,1234,event:cultural_communal,Sun-Shaded,68,UD4H,6,1,1,1,,,,1,,,,,,,,,,1,,,1,,,,,,,,,,,,,,1,,1,,,,,,,,
"4,444",2018 People Staying Counts,CID1,Weekend_Midday,Weekend,Midday,20180714,1224,1234,event:cultural_communal,Sun-Shaded,68,UD4H,7,1,2,1,,,,1,,,,,,,,,,1,,,1,,,,,,,,,,,,1,,,,,,,,,,,,
"4,445",2018 People Staying Counts,CID1,Weekend_Midday,Weekend,Midday,20180714,1224,1234,event:cultural_communal,Sun-Shaded,68,UD4H,8,1,2,1,,,,1,,,,,,,,,,1,,,1,,,,,,,,,,,,1,,,,,,,,,,,,
"4,446",2018 People Staying Counts,CID1,Weekend_Midday,Weekend,Midday,20180714,1224,1234,event:cultural_communal,Sun-Shaded,68,UD4H,9,1,1,1,,,1,,,,,,,,,,,1,,,1,,,,,,,,,1,,,,,1,,,,,,,,,,
"4,447",2018 People Staying Counts,CID1,Weekend_Midday,Weekend,Midday,20180714,1224,1234,event:cultural_communal,Sun-Shaded,68,UD4H,10,1,1,,1,,1,,,,,,,,,,,1,,,1,,,,,,,,,1,,,,,1,,,,,,,,,,
"4,448",2018 People Staying Counts,CID1,Weekend_Midday,Weekend,Midday,20180714,1224,1234,event:cultural_communal,Sun-Shaded,68,UD4H,11,1,1,1,,,,1,,,,,,,,,,1,,,1,,,,,,,,,,,,1,,,,,,,,,,,,
"4,449",2018 People Staying Counts,CID1,Weekend_Midday,Weekend,Midday,20180714,1224,1234,event:cultural_communal,Sun-Shaded,68,UD4H,12,1,1,1,,,,1,,,,,,,,,,1,,,1,,,,,,,,,,,,1,,,,,,,,,,,,
"4,450",2018 People Staying Counts,CID1,Weekend_Evening,Weekend,Evening,20180714,1627,1637,event:cultural_communal,Sun-Shaded,78,UD4H,1,1,1,1,,,1,,,,,,,,,,,1,,,,,,,,,1,,,,,,1,,,,1,,,,,,1,,
"4,451",2018 People Staying Counts,CID1,Weekend_Evening,Weekend,Evening,20180714,1627,1637,event:cultural_communal,Sun-Shaded,78,UD4H,2,1,1,,1,,1,,,,,,,,,,,,1,,1,,,,,,,,,,,,1,,,,,,,,,,1,1,
"4,452",2018 People Staying Counts,CID1,Weekend_Evening,Weekend,Evening,20180714,1627,1637,event:cultural_communal,Sun-Shaded,78,UD4H,3,1,2,1,,,,1,,,,,,,,,,1,,,,,,,1,,,1,,,,,1,,,,1,,,,,,,,
"4,453",2018 People Staying Counts,CID1,Weekend_Evening,Weekend,Evening,20180714,1627,1637,event:cultural_communal,Sun-Shaded,78,UD4H,4,1,2,1,,,,1,,,,,,,,,,1,,,1,,,,,,,,,,,,1,,,,1,,,,,,,,
"4,454",2018 People Staying Counts,CID1,Weekend_Evening,Weekend,Evening,20180714,1627,1637,event:cultural_communal,Sun-Shaded,78,UD4H,5,1,1,1,,,,1,,,,,,,,,,1,,,,,,,,1,,,,,,,1,,,,,,,,,,,,
"4,455",2018 People Staying Counts,CID1,Weekend_Evening,Weekend,Evening,20180714,1627,1637,event:cultural_communal,Sun-Shaded,78,UD4H,6,1,1,1,,,,1,,,,,,,,,,,1,,,,,,1,,,1,,,,,,,,,1,,,,,,,,
"4,456",2018 People Staying Counts,CID1,Weekday1_Morning,Weekday,Morning,20180719,0933,0943,,Heavy Clouds,56,UD4H,1,1,1,1,,,,,,1,,,,,,,,,1,,1,,,,,,,,,,,,,,,,1,,,1,,,,,
"4,457",2018 People Staying Counts,CID1,Weekday1_Morning,Weekday,Morning,20180719,0933,0943,,Heavy Clouds,56,UD4H,2,1,1,1,,,1,,,,,,,,,,,,1,,1,,,,,,,1,,,,,,,1,,,,,,,,,,
"4,458",2018 People Staying Counts,CID1,Weekday1_Morning,Weekday,Morning,20180719,0933,0943,,Heavy Clouds,56,UD4H,3,1,1,,1,,,,,1,,,,,,,,1,,,1,,,,,,,,,,,,,,1,,,,,,,,,,
"4,459",2018 People Staying Counts,CID1,Weekday1_Morning,Weekday,Morning,20180719,0933,0943,,Heavy Clouds,56,UD4H,4,1,1,1,,,1,,,,,,,,,,,1,,,1,,,,,,,,,,,,,,,,1,,,,,,,,
"4,460",2018 People Staying Counts,CID1,Weekday1_Morning,Weekday,Morning,20180719,0933,0943,,Heavy Clouds,56,UD4H,5,1,1,1,,,1,,,,,,,,,,,1,,,1,,,,,,,,,,,,,,1,,1,,,,,1,,,
"4,461",2018 People Staying Counts,CID1,Weekday1_Morning,Weekday,Morning,20180719,0933,0943,,Heavy Clouds,56,UD4H,6,1,1,1,,,,,,1,,,,,,,,,,1,1,,,,,,,,,,,,,,,,1,,,,,,,,
"4,462",2018 People Staying Counts,CID1,Weekday1_Morning,Weekday,Morning,20180719,0933,0943,,Heavy Clouds,56,UD4H,7,1,1,1,,,,,,1,,,,,,,,,,1,1,,,,,,,,,,,,,,,,1,,,1,,,,,
"4,463",2018 People Staying Counts,CID1,Weekday1_Morning,Weekday,Morning,20180719,0933,0943,,Heavy Clouds,56,UD4H,8,1,1,1,,,,1,,,,,,,,,,,1,,1,,,,,,,1,,,,,,,,,1,,,,,,,,
"4,464",2018 People Staying Counts,CID1,Weekday1_Morning,Weekday,Morning,20180719,0933,0943,,Heavy Clouds,56,UD4H,9,1,1,1,,,,1,,,,,,,,,,,1,,1,,,,,,,,,,,,1,,,,1,,,,,,,,
"4,465",2018 People Staying Counts,CID1,Weekday1_Midday,Weekday,Midday,20180719,1323,1333,,Heavy Clouds,65,UD4H,1,1,1,,1,,,,,1,,,,,,,,1,,,1,,,,,,,,,,,,,,1,,,,,,,,,,
"4,466",2018 People Staying Counts,CID1,Weekday1_Midday,Weekday,Midday,20180719,1323,1333,,Heavy Clouds,65,UD4H,2,1,1,1,,,1,,,,,,,,,,,1,,,1,,,,,,,,,,,,,,1,,,,,,,,,,
"4,467",2018 People Staying Counts,CID1,Weekday1_Midday,Weekday,Midday,20180719,1323,1333,,Heavy Clouds,65,UD4H,3,1,1,1,,,,1,,,,,,,,,,1,,,1,,,,,,,,1,,,,,,,,1,,,,,,,,
"4,468",2018 People Staying Counts,CID1,Weekday1_Midday,Weekday,Midday,20180719,1323,1333,,Heavy Clouds,65,UD4H,4,1,2,,1,,1,,,,,,,,,,,1,,,1,,,,,,,,,,,,1,,,,,,,,,,,,
"4,469",2018 People Staying Counts,CID1,Weekday1_Midday,Weekday,Midday,20180719,1323,1333,,Heavy Clouds,65,UD4H,5,1,2,,1,,,,,1,,,,,,,1,,,,1,,,,,,,,,,,,1,,,,,,,,,,,,
"4,470",2018 People Staying Counts,CID1,Weekday1_Midday,Weekday,Midday,20180719,1323,1333,,Heavy Clouds,65,UD4H,6,1,2,1,,,,1,,,,,,,,,,1,,,1,,,,,,,,,,,,1,,,,1,,,,,,,,
"4,471",2018 People Staying Counts,CID1,Weekday1_Midday,Weekday,Midday,20180719,1323,1333,,Heavy Clouds,65,UD4H,7,1,2,1,,,,1,,,,,,,,,,1,,,1,,,,,,,,,,,,1,,,,1,,,,,,,,
"4,472",2018 People Staying Counts,CID1,Weekday1_Midday,Weekday,Midday,20180719,1323,1333,,Heavy Clouds,65,UD4H,8,1,1,,1,,,,,1,,,,,,,,1,,,1,,,,,,,,,,,,,,1,,,,,,,,,,
"4,473",2018 People Staying Counts,CID1,Weekday1_Midday,Weekday,Midday,20180719,1323,1333,,Heavy Clouds,65,UD4H,9,1,1,1,,,,,,1,,,,,,,,1,,,1,,,,,,,,,,,,,,1,,1,,,,,,,,
"4,474",2018 People Staying Counts,CID1,Weekday1_Midday,Weekday,Midday,20180719,1323,1333,,Heavy Clouds,65,UD4H,10,1,1,1,,,,1,,,,,,,,,,,1,,,,,,1,,,1,,,,,,,,,1,,,,,,,,
"4,475",2018 People Staying Counts,CID1,Weekday1_Midday,Weekday,Midday,20180719,1323,1333,,Heavy Clouds,65,UD4H,11,1,1,,1,,1,,,,,,,,,,,1,,,,1,,,,,,,,,,,,,,,1,,,,,,,,
"4,476",2018 People Staying Counts,CID1,Weekday1_Midday,Weekday,Midday,20180719,1323,1333,,Heavy Clouds,65,UD4H,12,1,1,1,,,,,,1,,,,,,,,,1,,1,,,,,,,,,,,,,,1,,,,,,,,,,
"4,477",2018 People Staying Counts,CID1,Weekday1_Midday,Weekday,Midday,20180719,1323,1333,,Heavy Clouds,65,UD4H,13,1,1,1,,,,1,,,,,,,,,,1,,,1,,,,,,,,,,,,,,1,,,,,,,,,,
"4,478",2018 People Staying Counts,CID1,Weekday1_Midday,Weekday,Midday,20180719,1323,1333,,Heavy Clouds,65,UD4H,14,1,1,1,,,,1,,,,,,,,,,1,,,1,,,,,,,,,,,,,,,,1,,,,,,,,
"4,479",2018 People Staying Counts,CID1,Weekday1_Midday,Weekday,Midday,20180719,1323,1333,,Heavy Clouds,65,UD4H,15,1,1,1,,,,1,,,,,,,,,,1,,,1,,,,,,,,,,,,,,,,1,,,,,,,,
"4,480",2018 People Staying Counts,CID1,Weekday1_Midday,Weekday,Midday,20180719,1323,1333,,Heavy Clouds,65,UD4H,16,1,2,1,,,1,,,,,,,,,,,1,,,1,,,,,,,,,,,,1,,,,,,1,,,,,,
"4,481",2018 People Staying Counts,CID1,Weekday1_Midday,Weekday,Midday,20180719,1323,1333,,Heavy Clouds,65,UD4H,17,1,2,1,,,1,,,,,,,,,,,,1,,1,,,,,,,,,,,,1,,,,,,,,,,,,
"4,482",2018 People Staying Counts,CID1,Weekday1_Evening,Weekday,Evening,20180719,1729,1739,,Heavy Clouds,70,UD4H,1,1,1,1,,,,,,1,,,,,,,,1,,,1,,,,,,,,,,,,,,1,,1,,,,,,,,
"4,483",2018 People Staying Counts,CID1,Weekday1_Evening,Weekday,Evening,20180719,1729,1739,,Heavy Clouds,70,UD4H,2,1,1,,1,,1,,,,,,,,,,,,1,,1,,,,,,,,,,,,,,1,,,,,,,,,,
"4,484",2018 People Staying Counts,CID1,Weekday1_Evening,Weekday,Evening,20180719,1729,1739,,Heavy Clouds,70,UD4H,3,1,1,1,,,,1,,,,,,,,,,1,,,1,,,,,,,,,,,,,,1,,,,,,,,,,
"4,485",2018 People Staying Counts,CID1,Weekday1_Evening,Weekday,Evening,20180719,1729,1739,,Heavy Clouds,70,UD4H,4,1,1,,1,,,1,,,,,,,,,,,1,,,,,,1,,,1,,,,,1,,,,1,,,,,,,,
"4,486",2018 People Staying Counts,CID1,Weekday1_Evening,Weekday,Evening,20180719,1729,1739,,Heavy Clouds,70,UD4H,5,1,1,1,,,,1,,,,,,,,,,,1,,,,,,1,,,1,,,,,,,,,1,,,1,,,,,
"4,487",2018 People Staying Counts,CID1,Weekday1_Evening,Weekday,Evening,20180719,1729,1739,,Heavy Clouds,70,UD4H,6,1,1,1,,,,1,,,,,,,,,,1,,,,,,,,1,,,,,,,,,,,1,,,1,,,,,
"4,488",2018 People Staying Counts,CID1,Weekday1_Evening,Weekday,Evening,20180719,1729,1739,,Heavy Clouds,70,UD4H,7,1,3,1,,,,1,,,,,,,,,,1,,,1,,,,,,,,,,,,1,,,,1,,,,,,,,
"4,489",2018 People Staying Counts,CID1,Weekday1_Evening,Weekday,Evening,20180719,1729,1739,,Heavy Clouds,70,UD4H,8,1,3,1,,,,1,,,,,,,,,,1,,,1,,,,,,,,,,,,1,,,,1,,,,,,,,
"4,490",2018 People Staying Counts,CID1,Weekday1_Evening,Weekday,Evening,20180719,1729,1739,,Heavy Clouds,70,UD4H,9,1,3,1,,,,1,,,,,,,,,,1,,,1,,,,,,,,,,,,1,,,,1,,,,,,,,
"4,491",2018 People Staying Counts,CID1,Weekday1_Evening,Weekday,Evening,20180719,1729,1739,,Heavy Clouds,70,UD4H,10,1,1,1,,,1,,,,,,,,,,,,1,,1,,,,,,,,,,,,,,1,,,,,,,,,,
"4,492",2018 People Staying Counts,CID1,Weekday1_Evening,Weekday,Evening,20180719,1729,1739,,Heavy Clouds,70,UD4H,11,1,1,,1,,,1,,,,,,,,,,,1,,1,,,,,,,1,,,,,1,,,,,,,,,,,,
"4,493",2018 People Staying Counts,CID1,Weekday1_Evening,Weekday,Evening,20180719,1729,1739,,Heavy Clouds,70,UD4H,12,1,1,1,,,,,,1,,,,,,,,,1,,1,,,,,,,,,,,,1,,,,1,,,,,,,,
"4,494",2018 People Staying Counts,CID1,Weekday1_Evening,Weekday,Evening,20180719,1729,1739,,Heavy Clouds,70,UD4H,13,1,2,1,,,,1,,,,,,,,,,1,,,1,,,,,,,,,,,,1,,,,1,,,,,,,,
"4,495",2018 People Staying Counts,CID1,Weekday1_Evening,Weekday,Evening,20180719,1729,1739,,Heavy Clouds,70,UD4H,14,1,2,1,,,,1,,,,,,,,,,1,,,1,,,,,,,,,,,,1,,,,1,,,,,,,,
"4,496",2018 People Staying Counts,CID1,Weekday1_Evening,Weekday,Evening,20180719,1729,1739,,Heavy Clouds,70,UD4H,15,1,1,1,,,,1,,,,,,,,,,1,,,,1,,,,,,,,,,,,,,,1,,,,,,,,
"4,497",2018 People Staying Counts,CID1,Weekday1_Evening,Weekday,Evening,20180719,1729,1739,,Heavy Clouds,70,UD4H,16,1,1,1,,,1,,,,,,,,,,,1,,,,1,,,,,,,,,,,,,,,1,,,,,,,,
"4,498",2018 People Staying Counts,CID1,Weekday2_Morning,Weekday,Morning,20180720,0937,0947,,Heavy Clouds,59,UD4H,1,1,1,1,,,,1,,,,,,,,,,,1,,1,,,,,,,,,,,,1,,,,1,,,,,,,,
"4,499",2018 People Staying Counts,CID1,Weekday2_Morning,Weekday,Morning,20180720,0937,0947,,Heavy Clouds,59,UD4H,2,1,1,1,,,,1,,,,,,,,,,1,,,,,,,1,,,,,,,,,,,,1,,,,,,,,
"4,500",2018 People Staying Counts,CID1,Weekday2_Morning,Weekday,Morning,20180720,0937,0947,,Heavy Clouds,59,UD4H,3,1,1,1,,,,1,,,,,,,,,,,1,,1,,,,,,,,,,,,,,,,1,,,,,,,,
"4,501",2018 People Staying Counts,CID1,Weekday2_Morning,Weekday,Morning,20180720,0937,0947,,Heavy Clouds,59,UD4H,4,1,1,1,,,,1,,,,,,,,,,,1,,1,,,,,,,,,,,,1,,,,1,,,,,,,,
"4,502",2018 People Staying Counts,CID1,Weekday2_Morning,Weekday,Morning,20180720,0937,0947,,Heavy Clouds,59,UD4H,5,1,1,,1,,,1,,,,,,,,,,,1,,1,,,,,,,,,,,,1,,,,1,,,,,,,,
"4,503",2018 People Staying Counts,CID1,Weekday2_Morning,Weekday,Morning,20180720,0937,0947,,Heavy Clouds,59,UD4H,6,1,1,1,,,,1,,,,,,,,,,,1,,1,,,,,,,1,,,,,,,,,1,,,,,,,,
"4,504",2018 People Staying Counts,CID1,Weekday2_Morning,Weekday,Morning,20180720,0937,0947,,Heavy Clouds,59,UD4H,7,1,1,1,,,1,,,,,,,,,,,,1,,1,,,,,,,1,,,,,,,,,1,,,,,,,,
"4,505",2018 People Staying Counts,CID1,Weekday2_Morning,Weekday,Morning,20180720,0937,0947,,Heavy Clouds,59,UD4H,8,1,1,1,,,,,,1,,,,,,,,,,1,1,,,,,,,,,,,,,,,,1,,,,,,,,
"4,506",2018 People Staying Counts,CID1,Weekday2_Morning,Weekday,Morning,20180720,0937,0947,,Heavy Clouds,59,UD4H,9,1,1,,1,,,,,1,,,,,,,,,1,,1,,,,,,,,,,,,,,1,,,,,,,,,,
"4,507",2018 People Staying Counts,CID1,Weekday2_Morning,Weekday,Morning,20180720,0937,0947,,Heavy Clouds,59,UD4H,10,1,1,1,,,,,,1,,,,,,,,,1,,1,,,,,,,,,,,,,,1,,,,,,,,,,
"4,508",2018 People Staying Counts,CID1,Weekday2_Morning,Weekday,Morning,20180720,0937,0947,,Heavy Clouds,59,UD4H,11,1,1,1,,,,1,,,,,,,,,,1,,,1,,,,,,,,,,,,,,1,,,,,,,,,,
"4,509",2018 People Staying Counts,CID1,Weekday2_Morning,Weekday,Morning,20180720,0937,0947,,Heavy Clouds,59,UD4H,12,1,1,1,,,,1,,,,,,,,,,1,,,1,,,,,,,,,,,,1,,,,1,,,1,,,,,
"4,510",2018 People Staying Counts,CID1,Weekday2_Midday,Weekday,Midday,20180720,1330,1340,,Sun-Shaded,68,UD4H,1,1,1,1,,,,1,,,,,,,,,,1,,,,1,,,,,,,,,,,,,1,,1,,,,,,,,
"4,511",2018 People Staying Counts,CID1,Weekday2_Midday,Weekday,Midday,20180720,1330,1340,,Sun-Shaded,68,UD4H,2,1,4,1,,,,1,,,,,,,,,,1,,,1,,,,,,,,,,,,1,,,,,,,,,,,,
"4,512",2018 People Staying Counts,CID1,Weekday2_Midday,Weekday,Midday,20180720,1330,1340,,Sun-Shaded,68,UD4H,3,1,4,1,,,,1,,,,,,,,,,1,,,1,,,,,,,,,,,,1,,,,1,,,,,,,,
"4,513",2018 People Staying Counts,CID1,Weekday2_Midday,Weekday,Midday,20180720,1330,1340,,Sun-Shaded,68,UD4H,4,1,4,1,,,,1,,,,,,,,,,1,,,1,,,,,,,,,,,,1,,,,1,,,,,,,,
"4,514",2018 People Staying Counts,CID1,Weekday2_Midday,Weekday,Midday,20180720,1330,1340,,Sun-Shaded,68,UD4H,5,1,4,1,,,,1,,,,,,,,,,1,,,1,,,,,,,,,,,,1,,,,1,,,,,,,,
"4,515",2018 People Staying Counts,CID1,Weekday2_Midday,Weekday,Midday,20180720,1330,1340,,Sun-Shaded,68,UD4H,6,1,1,1,,,,,,1,,,,,,,,,,1,1,,,,,,,,,,,,1,,,,,,,,,,,,
"4,516",2018 People Staying Counts,CID1,Weekday2_Midday,Weekday,Midday,20180720,1330,1340,,Sun-Shaded,68,UD4H,7,1,1,1,,,,1,,,,,,,,,,,1,,1,,,,,,,,,,,,1,,,,1,,,1,,,,,
"4,517",2018 People Staying Counts,CID1,Weekday2_Midday,Weekday,Midday,20180720,1330,1340,,Sun-Shaded,68,UD4H,8,1,1,,1,,1,,,,,,,,,,,1,,,1,,,,,,,,,,,,,,1,,,,,,,,,,
"4,518",2018 People Staying Counts,CID1,Weekday2_Evening,Weekday,Evening,20180720,1725,1735,,Sun-Shaded,73,UD4H,1,1,1,1,,,1,,,,,,,,,,,1,,,1,,,,,,,,,,,,,,,,1,,,,,,,,
"4,519",2018 People Staying Counts,CID1,Weekday2_Evening,Weekday,Evening,20180720,1725,1735,,Sun-Shaded,73,UD4H,2,1,1,,1,,,1,,,,,,,,,,,1,,1,,,,,,,,,,,,,,,,1,,,,,,,,
"4,520",2018 People Staying Counts,CID1,Weekday2_Evening,Weekday,Evening,20180720,1725,1735,,Sun-Shaded,73,UD4H,3,1,5,1,,,,1,,,,,,,,,,1,,,1,,,,,,,,,,,,1,,,,1,,,,,,,,
"4,521",2018 People Staying Counts,CID1,Weekday2_Evening,Weekday,Evening,20180720,1725,1735,,Sun-Shaded,73,UD4H,4,1,5,1,,,,1,,,,,,,,,,1,,,1,,,,,,,,,,,,1,,,,1,,,,,,,,
"4,522",2018 People Staying Counts,CID1,Weekday2_Evening,Weekday,Evening,20180720,1725,1735,,Sun-Shaded,73,UD4H,5,1,5,1,,,,1,,,,,,,,,,1,,,1,,,,,,,,,,,,1,,,,,,,,,,,,
"4,523",2018 People Staying Counts,CID1,Weekday2_Evening,Weekday,Evening,20180720,1725,1735,,Sun-Shaded,73,UD4H,6,1,5,1,,,,1,,,,,,,,,,1,,,1,,,,,,,,,,,,1,,,,1,,,,,,,,
"4,524",2018 People Staying Counts,CID1,Weekday2_Evening,Weekday,Evening,20180720,1725,1735,,Sun-Shaded,73,UD4H,7,1,5,1,,,,1,,,,,,,,,,1,,,1,,,,,,,,,,,,1,,,,1,,,,,,,,
"4,525",2018 People Staying Counts,CID1,Weekday2_Evening,Weekday,Evening,20180720,1725,1735,,Sun-Shaded,73,UD4H,8,1,1,1,,,,1,,,,,,,,,,,1,,,,,,1,,,1,,,,,1,,,,1,,,,,,,,
"4,526",2018 People Staying Counts,CID1,Weekday2_Evening,Weekday,Evening,20180720,1725,1735,,Sun-Shaded,73,UD4H,9,1,1,1,,,,1,,,,,,,,,,,1,,,,,,,1,,,,,,,,,,,1,,,,,,,,
"4,527",2018 People Staying Counts,BRY2,Weekday1_Morning,Weekday,Morning,20180830,0922,0932,,Heavy Clouds,62,UD4H,1,1,1,1,,,1,,,,,,,,,,,,,1,1,,,,,,,,,,1,,,,,,,,,,,,,,
"4,528",2018 People Staying Counts,BRY2,Weekday1_Morning,Weekday,Morning,20180830,0922,0932,,Heavy Clouds,62,UD4H,2,1,1,,1,,1,,,,,,,,,,,1,,,1,,,,,,,,,,,,,,,,,1,,,,,,,
"4,529",2018 People Staying Counts,BRY2,Weekday1_Morning,Weekday,Morning,20180830,0922,0932,,Heavy Clouds,62,UD4H,3,1,1,1,,,1,,,,,,,,,,1,,,,1,,,,,,,,1,,,,1,,,,,,,,,,,,
"4,530",2018 People Staying Counts,BRY2,Weekday1_Morning,Weekday,Morning,20180830,0922,0932,,Heavy Clouds,62,UD4H,4,1,1,,1,,,,,1,,,,,,,,1,,,1,,,,,,,,,,,,,,,,,1,,,,,,,
"4,531",2018 People Staying Counts,BRY2,Weekday1_Morning,Weekday,Morning,20180830,0922,0932,,Heavy Clouds,62,UD4H,5,1,1,,1,,1,,,,,,,,,,,,,1,1,,,,,,,,,,,,,,,,,1,,,,,,,
"4,532",2018 People Staying Counts,BRY2,Weekday1_Morning,Weekday,Morning,20180830,0922,0932,,Heavy Clouds,62,UD4H,6,1,1,,1,,1,,,,,,,,,,,,1,,1,,,,,,,,,,,,,,1,,,1,,,,,,,
"4,533",2018 People Staying Counts,BRY2,Weekday1_Midday,Weekday,Midday,20180830,1309,1319,,Sun-Exposed,65,UD4H,1,1,1,,1,,1,,,,,,,,,,,1,,,1,,,,,,,,,,1,,,,,1,,,,,,,,,
"4,534",2018 People Staying Counts,BRY2,Weekday1_Midday,Weekday,Midday,20180830,1309,1319,,Sun-Exposed,65,UD4H,2,1,2,1,,,1,,,,,,,,,,,,1,,,,1,,,,,,,1,,1,1,,,,,,,,,,,,
"4,535",2018 People Staying Counts,BRY2,Weekday1_Midday,Weekday,Midday,20180830,1309,1319,,Sun-Exposed,65,UD4H,3,1,2,,1,,1,,,,,,,,,,,,1,,,,1,,,,,,,1,,1,1,,,,,,,,,,,,
"4,536",2018 People Staying Counts,BRY2,Weekday1_Midday,Weekday,Midday,20180830,1309,1319,,Sun-Exposed,65,UD4H,4,1,1,,1,,1,,,,,,,,,,1,,,,1,,,,,,,,1,,,,1,,,,,,,,,,,,
"4,537",2018 People Staying Counts,BRY2,Weekday1_Midday,Weekday,Midday,20180830,1309,1319,,Sun-Exposed,65,UD4H,5,1,1,,1,,1,,,,,,,,,,,1,,,1,,,,,,,,,,,,,,1,,,1,,,,,,,
"4,538",2018 People Staying Counts,BRY2,Weekday1_Midday,Weekday,Midday,20180830,1309,1319,,Sun-Exposed,65,UD4H,6,1,1,1,,,1,,,,,,,,,,1,,,,1,,,,,,,,1,,,,1,,,,,,,,,,,,
"4,539",2018 People Staying Counts,BRY2,Weekday1_Evening,Weekday,Evening,20180830,1705,1715,,Sun-Exposed,75,UD4H,1,1,2,,1,,1,,,,,,,,,,,,1,,,,1,,,,,,,1,,1,1,,,,,,,,,,,,
"4,540",2018 People Staying Counts,BRY2,Weekday1_Evening,Weekday,Evening,20180830,1705,1715,,Sun-Exposed,75,UD4H,2,1,2,,1,,1,,,,,,,,,,,,1,,,,1,,,,,,,1,,1,1,,,,,,,,,,,,
"4,541",2018 People Staying Counts,BRY2,Weekday1_Evening,Weekday,Evening,20180830,1705,1715,,Sun-Exposed,75,UD4H,3,1,1,,1,,1,,,,,,,,,,1,,,,1,,,,,,,,1,,,,1,,,,,,,,,,,,
"4,542",2018 People Staying Counts,BRY2,Weekday2_Morning,Weekday,Morning,20180831,0907,0917,,Sun-Exposed,62,UD4H,1,1,1,1,,,,,,1,,,,,,,1,,,,1,,,,,,,,,,,,,,1,,,1,,,,,,,
"4,543",2018 People Staying Counts,BRY2,Weekday2_Morning,Weekday,Morning,20180831,0907,0917,,Sun-Exposed,62,UD4H,2,1,1,,1,,,,,1,,,,,,,,,1,,1,,,,,,,,,,,,,,1,,,1,,,,,,,
"4,544",2018 People Staying Counts,BRY2,Weekday2_Morning,Weekday,Morning,20180831,0907,0917,,Sun-Exposed,62,UD4H,3,1,2,,1,,1,,,,,,,,,,,,,1,1,,,,,,,1,,1,,,1,,,,,,,,,,,,
"4,545",2018 People Staying Counts,BRY2,Weekday2_Morning,Weekday,Morning,20180831,0907,0917,,Sun-Exposed,62,UD4H,4,1,2,,1,,1,,,,,,,,,,,,,1,1,,,,,,,,,1,,,1,,,,,,,,,,,,
"4,546",2018 People Staying Counts,BRY2,Weekday2_Morning,Weekday,Morning,20180831,0907,0917,,Sun-Exposed,62,UD4H,5,1,1,1,,,1,,,,,,,,,,,,1,,1,,,,,,,,,,,,,,1,,,1,,,,,,,
"4,547",2018 People Staying Counts,BRY2,Weekday2_Morning,Weekday,Morning,20180831,0907,0917,,Sun-Exposed,62,UD4H,6,1,1,,1,,1,,,,,,,,,,,1,,,1,,,,,,,,,,,,,,1,,,,,,,,,,
"4,548",2018 People Staying Counts,BRY2,Weekday2_Morning,Weekday,Morning,20180831,0907,0917,,Sun-Exposed,62,UD4H,7,1,1,1,,,1,,,,,,,,,,,,,1,,,1,,,,,,,1,,,,,1,,,,,,,,,,
"4,549",2018 People Staying Counts,BRY2,Weekday2_Morning,Weekday,Morning,20180831,0907,0917,,Sun-Exposed,62,UD4H,8,1,1,,1,,1,,,,,,,,,,,,1,,,,1,,,,,,,,1,,,,1,,,,,,,,,,
"4,550",2018 People Staying Counts,BRY2,Weekday2_Midday,Weekday,Midday,20180831,1314,1324,,Sun-Shaded,65,UD4H,1,1,2,,1,,1,,,,,,,,,,1,,,,,,1,,,,,,,1,,1,1,,,,,,,,,,,,
"4,551",2018 People Staying Counts,BRY2,Weekday2_Midday,Weekday,Midday,20180831,1314,1324,,Sun-Shaded,65,UD4H,2,1,2,,1,,1,,,,,,,,,,,,1,,,,1,,,,,,,1,,1,1,,,,,,,,,,,,
"4,552",2018 People Staying Counts,BRY2,Weekday2_Midday,Weekday,Midday,20180831,1314,1324,,Sun-Shaded,65,UD4H,3,1,1,,1,,1,,,,,,,,,,,,,1,1,,,,,,,,1,,,,1,,,,,,,,,,,,
"4,553",2018 People Staying Counts,BRY2,Weekday2_Midday,Weekday,Midday,20180831,1314,1324,,Sun-Shaded,65,UD4H,4,1,1,1,,,1,,,,,,,,,,1,,,,1,,,,,,,,1,,,,1,,,,,,,,,,,,
"4,554",2018 People Staying Counts,BRY2,Weekday2_Midday,Weekday,Midday,20180831,1314,1324,,Sun-Shaded,65,UD4H,5,1,1,1,,,1,,,,,,,,,,1,,,,1,,,,,,,,1,,,,1,,,,,,,,,,,,
"4,555",2018 People Staying Counts,BRY2,Weekday2_Evening,Weekday,Evening,20180831,1707,1717,,Sun-Shaded,68,UD4H,1,1,1,1,,,1,,,,,,,,,,1,,,,1,,,,,,,,1,,,,,,,,,,,,,,,,
"4,556",2018 People Staying Counts,BRY2,Weekend_Midday,Weekend,Midday,20180901,1320,1330,,Light Clouds,70,UD4H,1,1,4,1,,,1,,,,,,,,,,,,1,,,,1,,,,,,,1,,1,1,,1,,,,,,,,,,
"4,557",2018 People Staying Counts,BRY2,Weekend_Midday,Weekend,Midday,20180901,1320,1330,,Light Clouds,70,UD4H,2,1,4,1,,,1,,,,,,,,,,,1,,,,,1,,,,,,,1,,1,1,,1,,,,,,,,,,
"4,558",2018 People Staying Counts,BRY2,Weekend_Midday,Weekend,Midday,20180901,1320,1330,,Light Clouds,70,UD4H,3,1,4,,1,,1,,,,,,,,,,,,1,,,,1,,,,,,,1,,1,1,,,,,,,,,,,,
"4,559",2018 People Staying Counts,BRY2,Weekend_Midday,Weekend,Midday,20180901,1320,1330,,Light Clouds,70,UD4H,4,1,4,,1,,1,,,,,,,,,,,1,,,,,1,,,,,,,1,,1,1,,,,,,,,,,,,
"4,560",2018 People Staying Counts,BRY2,Weekend_Midday,Weekend,Midday,20180901,1320,1330,,Light Clouds,70,UD4H,5,1,4,1,,,1,,,,,,,,,,,1,,,,,1,,,,,,,1,,1,1,,,,,,,,,,,,
"4,561",2018 People Staying Counts,BRY2,Weekend_Midday,Weekend,Midday,20180901,1320,1330,,Light Clouds,70,UD4H,6,1,4,,1,,,,,,,1,,,,,,1,,,,,1,,,,,,,1,,1,1,,,,,,,,,,,,
"4,562",2018 People Staying Counts,BRY2,Weekend_Midday,Weekend,Midday,20180901,1320,1330,,Light Clouds,70,UD4H,7,1,4,1,,,1,,,,,,,,,,,,1,,1,,,,,,,,,1,,1,1,,,,,,,,,,,,
"4,563",2018 People Staying Counts,BRY2,Weekend_Midday,Weekend,Midday,20180901,1320,1330,,Light Clouds,70,UD4H,8,1,4,,,1,,,,,,,1,,1,,,,,,,,,,,1,,,,,1,1,,,,,,,,,,,,,
"4,564",2018 People Staying Counts,BRY2,Weekend_Midday,Weekend,Midday,20180901,1320,1330,,Light Clouds,70,UD4H,9,1,1,,1,,1,,,,,,,,,,1,,,,1,,,,,,,,1,,,,1,,,,,,,,,,,,
"4,565",2018 People Staying Counts,BRY2,Weekend_Midday,Weekend,Midday,20180901,1320,1330,,Light Clouds,70,UD4H,10,1,2,1,,,1,,,,,,,,,,1,,,,,,,,,1,,,,,,1,1,,,,,1,,,,,,,
"4,566",2018 People Staying Counts,BRY2,Weekend_Midday,Weekend,Midday,20180901,1320,1330,,Light Clouds,70,UD4H,11,1,2,,1,,1,,,,,,,,,,1,,,,,,,,,1,,,,,,1,1,,1,,,1,,,,,,,
"4,567",2018 People Staying Counts,BRY2,Weekend_Midday,Weekend,Midday,20180901,1320,1330,,Light Clouds,70,UD4H,12,1,3,1,,,,1,,,,,,,,,,1,,,,,1,,,,,,,1,,1,1,,,,,,,,,,,,
"4,568",2018 People Staying Counts,BRY2,Weekend_Midday,Weekend,Midday,20180901,1320,1330,,Light Clouds,70,UD4H,13,1,3,,1,,,1,,,,,,,,,,1,,,,,1,,,,,,,1,,1,1,,,,,,,,,,,,
"4,569",2018 People Staying Counts,BRY2,Weekend_Midday,Weekend,Midday,20180901,1320,1330,,Light Clouds,70,UD4H,14,1,3,,,1,,1,,,,,,,1,,,,,,,,1,,,,,,,,1,1,1,,,,,,,,,,,,
"4,570",2018 People Staying Counts,BRY2,Weekend_Midday,Weekend,Midday,20180901,1320,1330,,Light Clouds,70,UD4H,15,1,1,1,,,1,,,,,,,,,,1,,,,1,,,,,,,,1,,,,1,,,,,,,,,,,,
"4,571",2018 People Staying Counts,BRY2,Weekend_Midday,Weekend,Midday,20180901,1320,1330,,Light Clouds,70,UD4H,16,1,1,1,,,1,,,,,,,,,,,1,,,1,,,,,,,,,,,,,,1,,,1,,,,,,,
"4,572",2018 People Staying Counts,BRY2,Weekend_Evening,Weekend,Evening,20180901,1720,1730,,Sun-Shaded,70,UD4H,1,1,1,1,,,1,,,,,,,,,,1,,,,1,,,,,,,,1,,,1,1,,,,,,,,,,,,
"4,573",2018 People Staying Counts,UPT3,Weekday1_Morning,Weekday,Morning,20180719,0834,0844,,Heavy Clouds,59,UD4H,1,1,2,1,,,1,,,,,,,,,,,1,,,1,,,,,,,,,,,,1,,,,,,,,,,,,
"4,574",2018 People Staying Counts,UPT3,Weekday1_Morning,Weekday,Morning,20180719,0834,0844,,Heavy Clouds,59,UD4H,2,1,2,,1,,1,,,,,,,,,,,1,,,1,,,,,,,,,,,,1,,,,,,,,,,,,
"4,575",2018 People Staying Counts,UPT3,Weekday1_Morning,Weekday,Morning,20180719,0834,0844,,Heavy Clouds,59,UD4H,3,1,2,,1,,1,,,,,,,,,,,1,,,,,1,,,,,,,,,,1,,,,,,,,,,,,
"4,576",2018 People Staying Counts,UPT3,Weekday1_Morning,Weekday,Morning,20180719,0834,0844,,Heavy Clouds,59,UD4H,4,1,2,1,,,1,,,,,,,,,,,1,,,,,1,,,,,,,,,,1,,,,,,,,,,,,
"4,577",2018 People Staying Counts,UPT3,Weekday1_Morning,Weekday,Morning,20180719,0834,0844,,Heavy Clouds,59,UD4H,5,1,1,1,,,1,,,,,,,,,,,1,,,1,,,,,,,,,,,,,,1,,,,,,,,,,
"4,578",2018 People Staying Counts,UPT3,Weekday1_Morning,Weekday,Morning,20180719,0834,0844,,Heavy Clouds,59,UD4H,6,1,1,1,,,1,,,,,,,,,,,1,,,1,,,,,,,,,,,,,,1,,,,,,,,,,
"4,579",2018 People Staying Counts,UPT3,Weekday1_Morning,Weekday,Morning,20180719,0834,0844,,Heavy Clouds,59,UD4H,7,1,1,1,,,1,,,,,,,,,,,1,,,,,1,,,,,,,,,,,,1,,,,,,,,,,
"4,580",2018 People Staying Counts,UPT3,Weekday1_Morning,Weekday,Morning,20180719,0834,0844,,Heavy Clouds,59,UD4H,8,1,1,,1,,1,,,,,,,,,,,1,,,,1,,,,,,,,,,,,,1,,,,,,,,,,
"4,581",2018 People Staying Counts,UPT3,Weekday1_Midday,Weekday,Midday,20180719,1238,1248,,Heavy Clouds,59,UD4H,1,1,2,,1,,1,,,,,,,,,,1,,,,1,,,,,,,,,,,,1,,1,,,,,,,,,,
"4,582",2018 People Staying Counts,UPT3,Weekday1_Midday,Weekday,Midday,20180719,1238,1248,,Heavy Clouds,59,UD4H,2,1,2,,1,,1,,,,,,,,,,1,,,,1,,,,,,,,,,,,1,,1,,,,,,,,,,
"4,583",2018 People Staying Counts,UPT3,Weekday1_Midday,Weekday,Midday,20180719,1238,1248,,Heavy Clouds,59,UD4H,3,1,2,,1,,,,,,,1,,,,,,1,,,1,,,,,,,,,,,,1,,1,,,,,,,,,,
"4,584",2018 People Staying Counts,UPT3,Weekday1_Midday,Weekday,Midday,20180719,1238,1248,,Heavy Clouds,59,UD4H,4,1,2,,1,,,,,,,1,,,,1,,,,,1,,,,,,,,,,,,1,,,,,,,,,,,,
"4,585",2018 People Staying Counts,UPT3,Weekday1_Evening,Weekday,Evening,20180719,1635,1645,,Heavy Clouds,59,UD4H,1,1,2,,1,,,,,,,1,,,,,1,,,,1,,,,,,,,,,,,1,,,,,,,,,,,,
"4,586",2018 People Staying Counts,UPT3,Weekday1_Evening,Weekday,Evening,20180719,1635,1645,,Heavy Clouds,59,UD4H,2,1,2,,1,,,,,,,1,,,,,1,,,,1,,,,,,,,,,,,1,,1,,,,,,,,,,
"4,587",2018 People Staying Counts,UPT3,Weekday1_Evening,Weekday,Evening,20180719,1635,1645,,Heavy Clouds,59,UD4H,3,1,1,1,,,1,,,,,,,,,,,1,,,1,,,,,,,,,,,,1,,,,,,,,,,,,
"4,588",2018 People Staying Counts,UPT3,Weekday1_Evening,Weekday,Evening,20180719,1635,1645,,Heavy Clouds,59,UD4H,4,1,1,1,,,1,,,,,,,,,,,1,,,1,,,,,,,,,,,,,,,,1,,,,,,,,
"4,589",2018 People Staying Counts,UPT3,Weekday2_Morning,Weekday,Morning,20180720,0834,0844,,Heavy Clouds,59,UD4H,1,0,,,,,,,,,,,,,,,,,,,,,,,,,,,,,,,,,,,,,,,,,,,
"4,590",2018 People Staying Counts,UPT3,Weekday2_Midday,Weekday,Midday,20180720,1224,1234,,Sun-Exposed,64,UD4H,1,0,,,,,,,,,,,,,,,,,,,,,,,,,,,,,,,,,,,,,,,,,,,
"4,591",2018 People Staying Counts,UPT3,Weekday2_Evening,Weekday,Evening,20180720,1802,1812,event:political_religious,Sun-Exposed,67,UD4H,1,1,1,1,,,1,,,,,,,,,,,1,,,1,,,,,,,,,,,,1,,,,,,,,,,,,
"4,592",2018 People Staying Counts,UPT3,Weekday2_Evening,Weekday,Evening,20180720,1802,1812,event:political_religious,Sun-Exposed,67,UD4H,2,1,1,1,,,,,,,,1,,,,,,1,,,1,,,,,,,,,,,,1,,1,,,,,,,,,,
"4,593",2018 People Staying Counts,UPT3,Weekday2_Evening,Weekday,Evening,20180720,1802,1812,event:political_religious,Sun-Exposed,67,UD4H,3,1,2,1,,,,,,1,,,,,,,1,,,,1,,,,,,,,,,,,1,,,,,,,,,,,,
"4,594",2018 People Staying Counts,UPT3,Weekday2_Evening,Weekday,Evening,20180720,1802,1812,event:political_religious,Sun-Exposed,67,UD4H,4,1,2,,1,,,,,1,,,,,,,1,,,,1,,,,,,,,,,,,1,,,,,,,,,,,,
"4,595",2018 People Staying Counts,UPT3,Weekday2_Evening,Weekday,Evening,20180720,1802,1812,event:political_religious,Sun-Exposed,67,UD4H,5,1,1,1,,,,1,,,,,,,,,,1,,,1,,,,,,,,,,,,,,1,,,,,,,,,,
"4,596",2018 People Staying Counts,UPT3,Weekday2_Evening,Weekday,Evening,20180720,1802,1812,event:political_religious,Sun-Exposed,67,UD4H,6,1,1,1,,,,,,1,,,,,,,,1,,,1,,,,,,,,,,,,,,,,1,,,,,,,,
"4,597",2018 People Staying Counts,UPT3,Weekday2_Evening,Weekday,Evening,20180720,1802,1812,event:political_religious,Sun-Exposed,67,UD4H,7,1,2,,1,,1,,,,,,,,,,1,,,,1,,,,,,,,,,,,1,1,,,,,,,,,,,
"4,598",2018 People Staying Counts,UPT3,Weekday2_Evening,Weekday,Evening,20180720,1802,1812,event:political_religious,Sun-Exposed,67,UD4H,8,1,2,,1,,1,,,,,,,,,,1,,,,1,,,,,,,,,,,,,1,,,,,,,,,,,
"4,599",2018 People Staying Counts,UPT3,Weekday2_Evening,Weekday,Evening,20180720,1802,1812,event:political_religious,Sun-Exposed,67,UD4H,9,1,4,,1,,1,,,,,,,,,,,1,,,1,,,,,,,,,,,,1,,,,,,,,,,,,
"4,600",2018 People Staying Counts,UPT3,Weekday2_Evening,Weekday,Evening,20180720,1802,1812,event:political_religious,Sun-Exposed,67,UD4H,10,1,4,,1,,,1,,,,,,,,,,1,,,1,,,,,,,,,,,,1,,,,,,,,,,,,
"4,601",2018 People Staying Counts,UPT3,Weekday2_Evening,Weekday,Evening,20180720,1802,1812,event:political_religious,Sun-Exposed,67,UD4H,11,1,4,,1,,1,,,,,,,,,,,1,,,1,,,,,,,,,,,,1,,,,,,,,,,,,
"4,602",2018 People Staying Counts,UPT3,Weekday2_Evening,Weekday,Evening,20180720,1802,1812,event:political_religious,Sun-Exposed,67,UD4H,12,1,4,,1,,1,,,,,,,,,,,1,,,1,,,,,,,,,,,,1,,,,,,,,,,,,
"4,603",2018 People Staying Counts,UPT3,Weekend_Midday,Weekend,Midday,20180721,1220,1230,,Sun-Exposed,69,UD4H,1,1,3,1,,,1,,,,,,,,,,,1,,,1,,,,,,,,,,,,1,,1,,,,,,,,,,
"4,604",2018 People Staying Counts,UPT3,Weekend_Midday,Weekend,Midday,20180721,1220,1230,,Sun-Exposed,69,UD4H,2,1,3,,1,,1,,,,,,,,,1,,,,,1,,,,,,,,,,,,1,,,,,,,,,,,,
"4,605",2018 People Staying Counts,UPT3,Weekend_Midday,Weekend,Midday,20180721,1220,1230,,Sun-Exposed,69,UD4H,3,1,3,,1,,1,,,,,,,,,1,,,,,1,,,,,,,,,,,,1,,,,,,,,,,,,
"4,606",2018 People Staying Counts,UPT3,Weekend_Midday,Weekend,Midday,20180721,1220,1230,,Sun-Exposed,69,UD4H,4,1,1,1,,,1,,,,,,,,,,,,1,,1,,,,,,,,,,,,,,,1,,,,1,,,,,
"4,607",2018 People Staying Counts,UPT3,Weekend_Midday,Weekend,Midday,20180721,1220,1230,,Sun-Exposed,69,UD4H,5,1,1,,1,,1,,,,,,,,,,,1,,,1,,,,,,,,,,,,,,,,,,,1,,,,,
"4,608",2018 People Staying Counts,UPT3,Weekend_Evening,Weekend,Evening,20180721,1611,1621,,Sun-Exposed,75,UD4H,1,1,3,1,,,1,,,,,,,,,,1,,,,1,,,,,,,,,1,,,1,,,1,,,,,,,,,
"4,609",2018 People Staying Counts,UPT3,Weekend_Evening,Weekend,Evening,20180721,1611,1621,,Sun-Exposed,75,UD4H,2,1,3,1,,,,1,,,,,,,,,1,,,,1,,,,,,,,,1,,,1,,,1,,,,,,,,,
"4,610",2018 People Staying Counts,UPT3,Weekend_Evening,Weekend,Evening,20180721,1611,1621,,Sun-Exposed,75,UD4H,3,1,3,1,,,1,,,,,,,,,,1,,,,1,,,,,,,,,1,,,1,,,,,,,,,,,,
"4,611",2018 People Staying Counts,UPT3,Weekend_Evening,Weekend,Evening,20180721,1611,1621,,Sun-Exposed,75,UD4H,4,1,1,1,,,,,,1,,,,,,,,1,,,,1,,,,,,,,,,,,,1,,,,,,,,,,
"4,612",2018 People Staying Counts,UPT3,Weekend_Evening,Weekend,Evening,20180721,1611,1621,,Sun-Exposed,75,UD4H,5,1,1,1,,,1,,,,,,,,,,,1,,,,,1,,,,,,,1,,,,,1,1,,,,,,,,,
"4,613",2018 People Staying Counts,UPT3,Weekend_Evening,Weekend,Evening,20180721,1611,1621,,Sun-Exposed,75,UD4H,6,1,2,,1,,,,,,,,1,,,,,1,,,1,,,,,,,,,1,,,1,,,,,,,,,,,,
"4,614",2018 People Staying Counts,UPT3,Weekend_Evening,Weekend,Evening,20180721,1611,1621,,Sun-Exposed,75,UD4H,7,1,2,,1,,,,,,,,1,,,,,1,,,1,,,,,,,,,1,,,1,,,,,,,,,,,,
"4,615",2018 People Staying Counts,UPT3,Weekend_Evening,Weekend,Evening,20180721,1611,1621,,Sun-Exposed,75,UD4H,8,1,1,1,,,,,,1,,,,,,,,1,,,1,,,,,,,,,,,,,,,,1,,,,,,,,
"4,616",2018 People Staying Counts,WED1,Weekday1_Morning,Weekday,Morning,20180906,0835,0845,,Sun-Shaded,56,UD4H,1,1,1,,1,,1,,,,,,,,,,,1,,,,,1,,,,,,,1,,1,1,,1,,,,,,,,,,
"4,617",2018 People Staying Counts,WED1,Weekday1_Morning,Weekday,Morning,20180906,0835,0845,,Sun-Shaded,56,UD4H,2,1,1,1,,,1,,,,,,,,,,,1,,,,,1,,,,,,,1,,1,1,,1,,,,,,,,,,
"4,618",2018 People Staying Counts,WED1,Weekday1_Morning,Weekday,Morning,20180906,0835,0845,,Sun-Shaded,56,UD4H,3,1,1,1,,,,,,,,,,1,,,,1,,,1,,,,,,,,,,,,,,1,,,,,1,,,,,
"4,619",2018 People Staying Counts,WED1,Weekday1_Morning,Weekday,Morning,20180906,0835,0845,,Sun-Shaded,56,UD4H,4,1,1,,1,,1,,,,,,,,,,,1,,,1,,,,,,,,,1,,1,,,,1,,,,,,,,,
"4,620",2018 People Staying Counts,WED1,Weekday1_Midday,Weekday,Midday,20180906,1235,1245,,Sun-Shaded,71,UD4H,1,1,2,,1,,,,,,,1,,,,,,,1,,,,1,,,,,,,1,1,1,1,,,,,,,,,,,,
"4,621",2018 People Staying Counts,WED1,Weekday1_Midday,Weekday,Midday,20180906,1235,1245,,Sun-Shaded,71,UD4H,2,1,2,,1,,,,,,,1,,,,,,,1,,,,1,,,,,,,1,,1,1,,,,,,,,,,,,
"4,622",2018 People Staying Counts,WED1,Weekday1_Midday,Weekday,Midday,20180906,1235,1245,,Sun-Shaded,71,UD4H,3,1,2,1,,,1,,,,,,,,,,,,1,,,,1,,,,,,,1,,1,1,,1,,,,,,,,,,
"4,623",2018 People Staying Counts,WED1,Weekday1_Midday,Weekday,Midday,20180906,1235,1245,,Sun-Shaded,71,UD4H,4,1,2,,1,,1,,,,,,,,,,,1,,,,,1,,,,,,,1,,1,1,,1,,,,,,,,,,
"4,624",2018 People Staying Counts,WED1,Weekday1_Evening,Weekday,Evening,20180906,1620,1630,,Sun-Shaded,83,UD4H,1,1,1,,1,,1,,,,,,,,,,,1,,,,,1,,,,,,,1,,1,,,1,,,,,,,,,,
"4,625",2018 People Staying Counts,WED1,Weekday2_Morning,Weekday,Morning,20180907,0840,0850,,Heavy Clouds,59,UD4H,1,1,1,,1,,1,,,,,,,,,,,,1,,,,1,,,,,,,,1,,,,1,,,,,,,,,,
"4,626",2018 People Staying Counts,WED1,Weekday2_Morning,Weekday,Morning,20180907,0840,0850,,Heavy Clouds,59,UD4H,2,1,1,1,,,1,,,,,,,,,,,,1,,1,,,,,,,,,1,,,,,,1,,,,,,,,,
"4,627",2018 People Staying Counts,WED1,Weekday2_Midday,Weekday,Midday,20180907,1245,1255,,Sun-Shaded,70,UD4H,1,1,2,1,,,1,,,,,,,,,,,,,1,,,1,,,,,,,1,,1,1,,,,,,,,,,,,
"4,628",2018 People Staying Counts,WED1,Weekday2_Midday,Weekday,Midday,20180907,1245,1255,,Sun-Shaded,70,UD4H,2,1,2,,1,,1,,,,,,,,,,,,1,,,,1,,,,,,,1,,1,1,,,,,,,,,,,,
"4,629",2018 People Staying Counts,WED1,Weekday2_Midday,Weekday,Midday,20180907,1245,1255,,Sun-Shaded,70,UD4H,3,1,2,,1,,,,,,,,,1,,,,,1,,,,,,1,,,1,,,1,,1,,,,,,,,,,,,
"4,630",2018 People Staying Counts,WED1,Weekday2_Midday,Weekday,Midday,20180907,1245,1255,,Sun-Shaded,70,UD4H,4,1,2,1,,,,,,,,,,1,,,,,1,,,,1,,,,,,,,1,,1,,,,,,,,,,,,
"4,631",2018 People Staying Counts,WED1,Weekday2_Midday,Weekday,Midday,20180907,1245,1255,,Sun-Shaded,70,UD4H,5,1,1,1,,,1,,,,,,,,,,,1,,,,,1,,,,,,,1,,1,,,1,,,,,,,,,,
"4,632",2018 People Staying Counts,WED1,Weekday2_Evening,Weekday,Evening,20180907,1620,1630,,Heavy Clouds,70,UD4H,1,1,2,,1,,1,,,,,,,,,,,1,,,,,1,,,,,,,1,,1,1,,,,,,,,,,,,
"4,633",2018 People Staying Counts,WED1,Weekday2_Evening,Weekday,Evening,20180907,1620,1630,,Heavy Clouds,70,UD4H,2,1,2,,1,,1,,,,,,,,,,,,,1,,,1,,,,,,,1,,1,1,,,,,,,,,,,,
"4,634",2018 People Staying Counts,WED1,Weekend_Midday,Weekend,Midday,20180915,1220,1230,,Heavy Clouds,60,UD4H,1,1,1,,1,,1,,,,,,,,,,1,,,,,,1,,,,,,,1,,1,,,,1,,,,,,,,,
"4,635",2018 People Staying Counts,WED1,Weekend_Midday,Weekend,Midday,20180915,1220,1230,,Heavy Clouds,60,UD4H,2,1,2,,1,,1,,,,,,,,,,,1,,,,,1,,,,,,,1,,1,1,,1,,,,1,,,,,,
"4,636",2018 People Staying Counts,WED1,Weekend_Midday,Weekend,Midday,20180915,1220,1230,,Heavy Clouds,60,UD4H,3,1,2,,1,,1,,,,,,,,,,1,,,,,,1,,,,,,,1,,1,1,,,1,,,,,,,,,
"4,637",2018 People Staying Counts,WED1,Weekend_Midday,Weekend,Midday,20180915,1220,1230,,Heavy Clouds,60,UD4H,4,1,1,1,,,1,,,,,,,,,,,,,1,1,,,,,,,,,1,,1,,,1,,,,,,,,,,
"4,638",2018 People Staying Counts,WED1,Weekend_Evening,Weekend,Evening,20180915,1640,1650,,Heavy Clouds,63,UD4H,1,1,1,1,,,1,,,,,,,,,,,1,,,1,,,,,,,,,,,,,,,,,,,1,,,,,
"4,639",2018 People Staying Counts,WED1,Weekend_Evening,Weekend,Evening,20180915,1640,1650,,Heavy Clouds,63,UD4H,2,1,1,,1,,1,,,,,,,,,,,,,1,1,,,,,,,,,1,,,,,,1,,,,,,,,,
"4,640",2018 People Staying Counts,WED1,Weekend_Evening,Weekend,Evening,20180915,1640,1650,,Heavy Clouds,63,UD4H,3,1,1,1,,,1,,,,,,,,,,,,,1,,,1,,,,,,,1,,1,,,1,,,,,,,,,,
"4,641",2018 People Staying Counts,OTH1,Weekday1_Morning,Weekday,Morning,20180814,0911,0921,,Light Clouds,66,UD4H,1,1,1,,1,,,1,,,,,,,,,,,,1,,,1,,,,,,,,,,,,1,,,1,,,,,,,
"4,642",2018 People Staying Counts,OTH1,Weekday1_Morning,Weekday,Morning,20180814,0911,0921,,Light Clouds,66,UD4H,2,1,2,,1,,,,,1,,,,,,,,,,1,,,,,1,,,1,,,,,1,,,,1,,,,,,,,
"4,643",2018 People Staying Counts,OTH1,Weekday1_Morning,Weekday,Morning,20180814,0911,0921,,Light Clouds,66,UD4H,3,1,2,1,,,,,,1,,,,,,,,,1,,1,,,,,,,,,,,,1,,,,,,,,,,,,
"4,644",2018 People Staying Counts,OTH1,Weekday1_Midday,Weekday,Midday,20180814,1250,1300,,Light Clouds,74,UD4H,1,1,1,1,,,,1,,,,,,,,,,,1,,,,,,1,,,1,,,,,,,1,,,1,,,,,,,
"4,645",2018 People Staying Counts,OTH1,Weekday1_Midday,Weekday,Midday,20180814,1250,1300,,Light Clouds,74,UD4H,2,1,1,1,,,,,,1,,,,,,,1,,,,1,,,,,,,,,,,,,,1,,,1,,,,,,,
"4,646",2018 People Staying Counts,OTH1,Weekday1_Evening,Weekday,Evening,20180814,1623,1633,,Light Clouds,79,UD4H,1,1,1,,1,,,1,,,,,,,,,,,1,,1,,,,,,,,,,,,,,1,,,1,,,,,,,
"4,647",2018 People Staying Counts,OTH1,Weekend_Midday,Weekend,Midday,20180818,1327,1337,event:political_religious,Sun-Exposed,74,UD4H,1,1,1,1,,,,1,,,,,,,,,,1,,,1,,,,,,,,,,,,,,1,,,,,,,,,,
"4,648",2018 People Staying Counts,OTH1,Weekend_Midday,Weekend,Midday,20180818,1327,1337,event:political_religious,Sun-Exposed,74,UD4H,2,1,1,1,,,,1,,,,,,,,,,,1,,,,1,,,,,,,,,1,1,,,,,,,,,,,,
"4,649",2018 People Staying Counts,OTH1,Weekend_Midday,Weekend,Midday,20180818,1327,1337,event:political_religious,Sun-Exposed,74,UD4H,3,1,2,1,,,,,,1,,,,,,,,,,1,1,,,,,,,,,,,,1,,,,,,,,,,,1,
"4,650",2018 People Staying Counts,OTH1,Weekend_Midday,Weekend,Midday,20180818,1327,1337,event:political_religious,Sun-Exposed,74,UD4H,4,1,2,1,,,1,,,,,,,,,,,,1,,1,,,,,,,,,,,,1,,,,,,,,,,,1,
"4,651",2018 People Staying Counts,OTH1,Weekend_Midday,Weekend,Midday,20180818,1327,1337,event:political_religious,Sun-Exposed,74,UD4H,5,1,2,1,,,,1,,,,,,,,,,1,,,1,,,,,,,,,,,,1,,,1,,,,,,,,,
"4,652",2018 People Staying Counts,OTH1,Weekend_Midday,Weekend,Midday,20180818,1327,1337,event:political_religious,Sun-Exposed,74,UD4H,6,1,2,1,,,1,,,,,,,,,,,1,,,1,,,,,,,,,,,,1,,,1,,,,,,,,,
"4,653",2018 People Staying Counts,OTH1,Weekend_Midday,Weekend,Midday,20180818,1327,1337,event:political_religious,Sun-Exposed,74,UD4H,7,1,1,,1,,,1,,,,,,,,,,,1,,,,1,,,,,,,,,,,,,,,,,,,,,1,
"4,654",2018 People Staying Counts,OTH1,Weekend_Midday,Weekend,Midday,20180818,1327,1337,event:political_religious,Sun-Exposed,74,UD4H,8,1,1,1,,,,1,,,,,,,,,,1,,,,,1,,,,,,,,,,1,,,,,,,,,,,,
"4,655",2018 People Staying Counts,OTH1,Weekend_Midday,Weekend,Midday,20180818,1327,1337,event:political_religious,Sun-Exposed,74,UD4H,9,1,1,1,,,,,,,,1,,,,,1,,,,1,,,,,,,,,,,,,,,,,1,,,,,,,
"4,656",2018 People Staying Counts,OTH1,Weekend_Evening,Weekend,Evening,20180818,1623,1633,,Sun-Exposed,73,UD4H,1,1,1,,1,,,1,,,,,,,,,1,,,,1,,,,,,,,,,,,,,,,,1,,,,,,,
"4,657",2018 People Staying Counts,OTH1,Weekend_Evening,Weekend,Evening,20180818,1623,1633,,Sun-Exposed,73,UD4H,2,1,1,1,,,,,,1,,,,,,,,,,1,1,,,,,,,,,,,,,,,,,1,,,,,,,
"4,658",2018 People Staying Counts,OTH1,Weekend_Evening,Weekend,Evening,20180818,1623,1633,,Sun-Exposed,73,UD4H,3,1,1,,1,,,1,,,,,,,,,,,1,,,,1,,,,,,,,,,,,,,,1,,,,,,,
"4,659",2018 People Staying Counts,OTH1,Weekday2_Morning,Weekday,Morning,20180820,0926,0936,,Sun-Exposed,63,UD4H,1,1,1,,1,,,1,,,,,,,,,,1,,,1,,,,,,,,,,,,,,1,,,1,,1,,,,,
"4,660",2018 People Staying Counts,OTH1,Weekday2_Morning,Weekday,Morning,20180820,0926,0936,,Sun-Exposed,63,UD4H,2,1,1,1,,,1,,,,,,,,,,,1,,,1,,,,,,,,,,,,,,,,,1,,,,,,,
"4,661",2018 People Staying Counts,OTH1,Weekday2_Morning,Weekday,Morning,20180820,0926,0936,,Sun-Exposed,63,UD4H,3,1,2,,1,,1,,,,,,,,,,,1,,,,,1,,,,,,,,,1,1,,,,,1,,,,,,,
"4,662",2018 People Staying Counts,OTH1,Weekday2_Morning,Weekday,Morning,20180820,0926,0936,,Sun-Exposed,63,UD4H,4,1,2,,1,,1,,,,,,,,,,,1,,,1,,,,,,,,,,,,1,,,,,1,,,,,,,
"4,663",2018 People Staying Counts,OTH1,Weekday2_Midday,Weekday,Midday,20180820,1301,1311,,Sun-Exposed,75,UD4H,1,1,2,,1,,,,,1,,,,,,,1,,,,1,,,,,,,,,,,,1,,,,,1,,,,,,,
"4,664",2018 People Staying Counts,OTH1,Weekday2_Midday,Weekday,Midday,20180820,1301,1311,,Sun-Exposed,75,UD4H,2,1,2,1,,,,,,1,,,,,,,1,,,,1,,,,,,,,,,,,1,,1,,,1,,,,,,,
"4,665",2018 People Staying Counts,OTH1,Weekday2_Midday,Weekday,Midday,20180820,1301,1311,,Sun-Exposed,75,UD4H,3,1,2,,1,,,1,,,,,,,,,,,1,,,,1,,,,,,,,,,1,,,,,1,,,,,,,
"4,666",2018 People Staying Counts,OTH1,Weekday2_Midday,Weekday,Midday,20180820,1301,1311,,Sun-Exposed,75,UD4H,4,1,2,,1,,,,,1,,,,,,,,,1,,,,1,,,,,,,,,,1,,,,,1,,,,,,,
"4,667",2018 People Staying Counts,OTH1,Weekday2_Evening,Weekday,Evening,20180820,1625,1635,event:accidents_emergency,Light Clouds,80,UD4H,1,1,1,1,,,1,,,,,,,,,,,1,,,,,1,,,,,,,,,,,,1,,,1,,,,,,,
"4,668",2018 People Staying Counts,OTH1,Weekday2_Evening,Weekday,Evening,20180820,1625,1635,event:accidents_emergency,Light Clouds,80,UD4H,2,1,1,1,,,,,,1,,,,,,,,,1,,,,1,,,,,,,,,,,,,,,1,,,,,,,
"4,669",2018 People Staying Counts,OTH1,Weekday2_Evening,Weekday,Evening,20180820,1625,1635,event:accidents_emergency,Light Clouds,80,UD4H,3,1,1,1,,,1,,,,,,,,,,,1,,,1,,,,,,,,,,,,,,1,,,,,,,,,,
"4,670",2018 People Staying Counts,OTH1,Weekday2_Evening,Weekday,Evening,20180820,1625,1635,event:accidents_emergency,Light Clouds,80,UD4H,4,1,1,,1,,1,,,,,,,,,,,1,,,1,,,,,,,,,,,,,,1,,,,,,,,,,
"4,671",2018 People Staying Counts,BLV2,Weekday1_Morning,Weekday,Morning,20180823,0950,1000,,Heavy Clouds,59,UD4H,1,0,,,,,,,,,,,,,,,,,,,,,,,,,,,,,,,,,,,,,,,,,,,
"4,672",2018 People Staying Counts,BLV2,Weekday1_Midday,Weekday,Midday,20180823,1314,1324,,Heavy Clouds,64,UD4H,1,0,,,,,,,,,,,,,,,,,,,,,,,,,,,,,,,,,,,,,,,,,,,
"4,673",2018 People Staying Counts,BLV2,Weekday1_Evening,Weekday,Evening,20180823,1742,1752,,Light Clouds,68,UD4H,1,0,,,,,,,,,,,,,,,,,,,,,,,,,,,,,,,,,,,,,,,,,,,
"4,674",2018 People Staying Counts,BLV2,Weekday2_Morning,Weekday,Morning,20180824,0914,0924,,Light Clouds,58,UD4H,1,0,,,,,,,,,,,,,,,,,,,,,,,,,,,,,,,,,,,,,,,,,,,
"4,675",2018 People Staying Counts,BLV2,Weekday2_Midday,Weekday,Midday,20180824,1310,1320,,Light Clouds,63,UD4H,1,0,,,,,,,,,,,,,,,,,,,,,,,,,,,,,,,,,,,,,,,,,,,
"4,676",2018 People Staying Counts,BLV2,Weekday2_Evening,Weekday,Evening,20180824,1724,1734,,Light Clouds,67,UD4H,1,0,,,,,,,,,,,,,,,,,,,,,,,,,,,,,,,,,,,,,,,,,,,
"4,677",2018 People Staying Counts,BLV2,Weekend_Midday,Weekend,Midday,20180825,1327,1337,,Heavy Clouds,60,UD4H,1,0,,,,,,,,,,,,,,,,,,,,,,,,,,,,,,,,,,,,,,,,,,,
"4,678",2018 People Staying Counts,BLV2,Weekend_Evening,Weekend,Evening,20180825,1729,1739,,Heavy Clouds,65,UD4H,1,0,,,,,,,,,,,,,,,,,,,,,,,,,,,,,,,,,,,,,,,,,,,
"4,679",2018 People Staying Counts,NOR1,Weekday1_Morning,Weekday,Morning,20180906,0835,0845,,Sun-Shaded,63,UD4H,1,1,1,1,,,1,,,,,,,,,,,,,1,,,1,,,,,,,,,,,,,,,1,,1,,,,,
"4,680",2018 People Staying Counts,NOR1,Weekday1_Morning,Weekday,Morning,20180906,0835,0845,,Sun-Shaded,63,UD4H,2,1,1,1,,,1,,,,,,,,,,,1,,,1,,,,,,,,,,,,,,,,,1,,,,,,,
"4,681",2018 People Staying Counts,NOR1,Weekday1_Morning,Weekday,Morning,20180906,0835,0845,,Sun-Shaded,63,UD4H,3,1,1,,1,,,1,,,,,,,,,,,,1,,,1,,,,,,,,,,,,,,,1,,,,,,,
"4,682",2018 People Staying Counts,NOR1,Weekday1_Morning,Weekday,Morning,20180906,0835,0845,,Sun-Shaded,63,UD4H,4,1,1,1,,,,1,,,,,,,,,,,1,,,1,,,,,,,,,,,,,,,,1,,1,,,,,
"4,683",2018 People Staying Counts,NOR1,Weekday1_Morning,Weekday,Morning,20180906,0835,0845,,Sun-Shaded,63,UD4H,5,1,1,1,,,1,,,,,,,,,,,1,,,1,,,,,,,,,,,,,,,,,1,,,,,,,
"4,684",2018 People Staying Counts,NOR1,Weekday1_Morning,Weekday,Morning,20180906,0835,0845,,Sun-Shaded,63,UD4H,6,1,1,1,,,1,,,,,,,,,,,1,,,,,1,,,,,,,,,,,,1,,,1,,,,,,,
"4,685",2018 People Staying Counts,NOR1,Weekday1_Morning,Weekday,Morning,20180906,0835,0845,,Sun-Shaded,63,UD4H,7,1,1,,1,,1,,,,,,,,,,,,,1,,,1,,,,,,,,,,,,1,,,1,,,,,,,
"4,686",2018 People Staying Counts,NOR1,Weekday1_Midday,Weekday,Midday,20180906,1226,1236,,Sun-Shaded,76,UD4H,1,1,1,1,,,1,,,,,,,,,,1,,,,1,,,,,,,,,,,,,,1,,,1,,,,,,,
"4,687",2018 People Staying Counts,NOR1,Weekday1_Evening,Weekday,Evening,20180906,1652,1702,,Sun-Shaded,83,UD4H,1,1,1,1,,,1,,,,,,,,,,,,1,,1,,,,,,,,,,,,,,,,,1,,,,,,,
"4,688",2018 People Staying Counts,NOR1,Weekday1_Evening,Weekday,Evening,20180906,1652,1702,,Sun-Shaded,83,UD4H,2,1,1,1,,,1,,,,,,,,,,,1,,,,,1,,,,,,,,,,,,,,,1,,,,,,,
"4,689",2018 People Staying Counts,NOR1,Weekday1_Evening,Weekday,Evening,20180906,1652,1702,,Sun-Shaded,83,UD4H,3,1,1,1,,,1,,,,,,,,,,,,,1,,,1,,,,,,,,,,,,,,,1,,,,,,,
"4,690",2018 People Staying Counts,NOR1,Weekday1_Evening,Weekday,Evening,20180906,1652,1702,,Sun-Shaded,83,UD4H,4,1,1,1,,,1,,,,,,,,,,,,,1,1,,,,,,,1,,,,,,,,,,1,,,,,,,
"4,691",2018 People Staying Counts,NOR1,Weekday1_Evening,Weekday,Evening,20180906,1652,1702,,Sun-Shaded,83,UD4H,5,1,1,,1,,1,,,,,,,,,,,,1,,1,,,,,,,,,,,,,,,,,1,,,,,,,
"4,692",2018 People Staying Counts,NOR1,Weekday1_Evening,Weekday,Evening,20180906,1652,1702,,Sun-Shaded,83,UD4H,6,1,1,,1,,,,1,,,,,,,,,1,,,1,,,,,,,,,,,,,,1,,,1,,,,,,,
"4,693",2018 People Staying Counts,NOR1,Weekday1_Evening,Weekday,Evening,20180906,1652,1702,,Sun-Shaded,83,UD4H,7,1,1,,1,,1,,,,,,,,,,,1,,,1,,,,,,,,,,,,,,1,,,1,,,,,,,
"4,694",2018 People Staying Counts,NOR1,Weekday1_Evening,Weekday,Evening,20180906,1652,1702,,Sun-Shaded,83,UD4H,8,1,2,1,,,,1,,,,,,,,,1,,,,,,1,,,,,,,,,,1,,1,,,1,,,,,,,
"4,695",2018 People Staying Counts,NOR1,Weekday1_Evening,Weekday,Evening,20180906,1652,1702,,Sun-Shaded,83,UD4H,9,1,2,1,,,1,,,,,,,,,,1,,,,,,1,,,,,,,,,,1,,1,,,1,,,,,,,
"4,696",2018 People Staying Counts,NOR1,Weekday1_Evening,Weekday,Evening,20180906,1652,1702,,Sun-Shaded,83,UD4H,10,1,1,1,,,,,,1,,,,,,,,,1,,,,1,,,,,,,,,,,,1,,1,,,1,,,,,
"4,697",2018 People Staying Counts,NOR1,Weekday1_Evening,Weekday,Evening,20180906,1652,1702,,Sun-Shaded,83,UD4H,11,1,1,,1,,,,,1,,,,,,,,1,,,1,,,,,,,,,,,,,,1,,,,,,,,,,
"4,698",2018 People Staying Counts,NOR1,Weekday2_Morning,Weekday,Morning,20180907,0822,0832,,Heavy Clouds,61,UD4H,1,1,1,1,,,1,,,,,,,,,,,1,,,1,,,,,,,,,,,,,,,,,1,,,,,,,
"4,699",2018 People Staying Counts,NOR1,Weekday2_Morning,Weekday,Morning,20180907,0822,0832,,Heavy Clouds,61,UD4H,2,1,1,,1,,1,,,,,,,,,,,,1,,1,,,,,,,,,,,,,,1,,,1,,,,,,,
"4,700",2018 People Staying Counts,NOR1,Weekday2_Midday,Weekday,Midday,20180907,1250,1300,,Light Clouds,68,UD4H,1,1,1,1,,,1,,,,,,,,,,,1,,,1,,,,,,,,,,,,,,,,,1,,,,,,,
"4,701",2018 People Staying Counts,NOR1,Weekday2_Midday,Weekday,Midday,20180907,1250,1300,,Light Clouds,68,UD4H,2,1,1,,1,,1,,,,,,,,,,,1,,,,,1,,,,,,,,,,,,1,,,1,,,,,,,
"4,702",2018 People Staying Counts,NOR1,Weekday2_Midday,Weekday,Midday,20180907,1250,1300,,Light Clouds,68,UD4H,3,1,1,1,,,,,,1,,,,,,,1,,,,,,1,,,,,,,,,1,,,1,,,1,,,,,,,
"4,703",2018 People Staying Counts,NOR1,Weekday2_Midday,Weekday,Midday,20180907,1250,1300,,Light Clouds,68,UD4H,4,1,1,,1,,,1,,,,,,,,,,,1,,1,,,,,,,,,,,,,,,,,1,,,,,,,
"4,704",2018 People Staying Counts,NOR1,Weekday2_Midday,Weekday,Midday,20180907,1250,1300,,Light Clouds,68,UD4H,5,1,1,,1,,1,,,,,,,,,,,,1,,,,1,,,,,,,,,1,,,,,,1,,,,,,,
"4,705",2018 People Staying Counts,NOR1,Weekday2_Midday,Weekday,Midday,20180907,1250,1300,,Light Clouds,68,UD4H,6,1,1,1,,,1,,,,,,,,,,,1,,,1,,,,,,,,,,,1,,,1,,,,,1,,,,,
"4,706",2018 People Staying Counts,NOR1,Weekday2_Midday,Weekday,Midday,20180907,1250,1300,,Light Clouds,68,UD4H,7,1,1,1,,,1,,,,,,,,,,,,1,,1,,,,,,,,,,,,,,,,,1,,,,,,,
"4,707",2018 People Staying Counts,NOR1,Weekday2_Midday,Weekday,Midday,20180907,1250,1300,,Light Clouds,68,UD4H,8,1,1,,1,,1,,,,,,,,,,,,1,,1,,,,,,,,,,,,,,,,,1,,,,,,,
"4,708",2018 People Staying Counts,NOR1,Weekday2_Evening,Weekday,Evening,20180907,1637,1647,,Light Rain,73,UD4H,1,1,1,1,,,,,,1,,,,,,,1,,,,1,,,,,,,,,,,,,,1,,,1,,,,,,,
"4,709",2018 People Staying Counts,NOR1,Weekday2_Evening,Weekday,Evening,20180907,1637,1647,,Light Rain,73,UD4H,2,1,1,,1,,,,,1,,,,,,,1,,,,,,1,,,,,,,,,,,,,,,1,,,,,,,
"4,710",2018 People Staying Counts,NOR1,Weekday2_Evening,Weekday,Evening,20180907,1637,1647,,Light Rain,73,UD4H,3,1,1,,1,,1,,,,,,,,,,,1,,,,,1,,,,,,,,,,,,1,,,1,,,,,,,
"4,711",2018 People Staying Counts,NOR1,Weekday2_Evening,Weekday,Evening,20180907,1637,1647,,Light Rain,73,UD4H,4,1,1,1,,,1,,,,,,,,,,1,,,,1,,,,,,,,,,,,,,,,,1,,,,,,,
"4,712",2018 People Staying Counts,NOR1,Weekday2_Evening,Weekday,Evening,20180907,1637,1647,,Light Rain,73,UD4H,5,1,1,1,,,,1,,,,,,,,,,1,,,1,,,,,,,,,,,,,,,,,1,,,,,,,
"4,713",2018 People Staying Counts,NOR1,Weekday2_Evening,Weekday,Evening,20180907,1637,1647,,Light Rain,73,UD4H,6,1,1,,1,,,,,1,,,,,,,1,,,,1,,,,,,,,,,,,,,1,,,,,,,,,,
"4,714",2018 People Staying Counts,NOR1,Weekday2_Evening,Weekday,Evening,20180907,1637,1647,,Light Rain,73,UD4H,7,1,1,1,,,1,,,,,,,,,,,1,,,,,1,,,,,,,,,,,,1,,1,,,,,,,,
"4,715",2018 People Staying Counts,NOR1,Weekend_Midday,Weekend,Midday,20180908,1212,1222,,Heavy Clouds,65,UD4H,1,1,1,,1,,,,1,,,,,,,,,,1,,,,1,,,,,,,,,,,,,,,1,,,,,,,
"4,716",2018 People Staying Counts,NOR1,Weekend_Midday,Weekend,Midday,20180908,1212,1222,,Heavy Clouds,65,UD4H,2,1,1,,1,,1,,,,,,,,,,,,1,,,,1,,,,,,,,,1,,,,,,1,,,,,,,
"4,717",2018 People Staying Counts,NOR1,Weekend_Midday,Weekend,Midday,20180908,1212,1222,,Heavy Clouds,65,UD4H,3,1,1,1,,,1,,,,,,,,,,,1,,,1,,,,,,,,,,,,,,1,,,1,,,,,,,
"4,718",2018 People Staying Counts,NOR1,Weekend_Midday,Weekend,Midday,20180908,1212,1222,,Heavy Clouds,65,UD4H,4,1,1,1,,,1,,,,,,,,,,,,,1,,,1,,,,,,,,,,,,,,,1,,,,,,,
"4,719",2018 People Staying Counts,NOR1,Weekend_Midday,Weekend,Midday,20180908,1212,1222,,Heavy Clouds,65,UD4H,5,1,1,,1,,1,,,,,,,,,,,,,1,,,1,,,,,,,,,,,,,,,1,,,,,,,
"4,720",2018 People Staying Counts,NOR1,Weekend_Midday,Weekend,Midday,20180908,1212,1222,,Heavy Clouds,65,UD4H,6,1,1,,1,,,,,1,,,,,,,1,,,,,,1,,,,,,,,,,,,1,,,1,,,,,,,
"4,721",2018 People Staying Counts,NOR1,Weekend_Evening,Weekend,Evening,20180908,1625,1635,,Light Clouds,67,UD4H,1,1,1,,1,,,,,1,,,,,,,,1,,,1,,,,,,,,,,,,,,1,,,1,,,,,,,
"4,722",2018 People Staying Counts,NOR1,Weekend_Evening,Weekend,Evening,20180908,1625,1635,,Light Clouds,67,UD4H,2,1,1,1,,,1,,,,,,,,,,,,,1,,,1,,,,,,,1,,,,,,,,1,,,,,,,
"4,723",2018 People Staying Counts,NOR1,Weekend_Evening,Weekend,Evening,20180908,1625,1635,,Light Clouds,67,UD4H,3,1,1,,1,,,1,,,,,,,,,,1,,,,,1,,,,,,,1,,1,,,1,,,1,,,,,,,
"4,724",2018 People Staying Counts,NOR1,Weekend_Evening,Weekend,Evening,20180908,1625,1635,,Light Clouds,67,UD4H,4,1,2,,1,,1,,,,,,,,,,,1,,,,,1,,,,,,,,,,1,,,,1,,,,,,,,
"4,725",2018 People Staying Counts,NOR1,Weekend_Evening,Weekend,Evening,20180908,1625,1635,,Light Clouds,67,UD4H,5,1,2,1,,,1,,,,,,,,1,,,,,,,,1,,,,,,,,,,1,,,,1,,,,,,,,
"4,726",2018 People Staying Counts,NOR1,Weekend_Evening,Weekend,Evening,20180908,1625,1635,,Light Clouds,67,UD4H,6,1,1,1,,,1,,,,,,,,,,,,,1,,,1,,,,,,,,,,,,,,,1,,,,,,,
"4,727",2018 People Staying Counts,NOR1,Weekend_Evening,Weekend,Evening,20180908,1625,1635,,Light Clouds,67,UD4H,7,1,1,1,,,,1,,,,,,,,,,1,,,,,1,,,,,1,,,,,,,,,,1,,,,,,,
"4,728",2018 People Staying Counts,UPT2,Weekday2_Morning,Weekday,Morning,20180803,0835,0845,,Light Rain,59,UD4H,1,1,1,1,,,,1,,,,,,,,,,1,,,1,,,,,,,,,,,,,,,,1,,,,,,,,
"4,729",2018 People Staying Counts,UPT2,Weekday1_Morning,Weekday,Morning,20180730,0830,0840,,Sun-Shaded,63,UD4H,1,1,2,1,,,1,,,,,,,,,,,1,,,1,,,,,,,,,,,,,,,,,,1,,,,,,
"4,730",2018 People Staying Counts,UPT2,Weekday1_Morning,Weekday,Morning,20180730,0830,0840,,Sun-Shaded,63,UD4H,2,1,2,1,,,1,,,,,,,,,,,1,,,1,,,,,,,,,,,,,,,,,,1,,,,,,
"4,731",2018 People Staying Counts,UPT2,Weekday1_Morning,Weekday,Morning,20180730,0830,0840,,Sun-Shaded,63,UD4H,3,1,1,1,,,1,,,,,,,,,,,,1,,1,,,,,,,,,,,,,,1,,,,,,,,,,
"4,732",2018 People Staying Counts,UPT2,Weekday1_Midday,Weekday,Midday,20180730,1225,1235,,Sun-Shaded,78,UD4H,1,1,1,1,,,1,,,,,,,,,,,1,,,1,,,,,,,,,,,,1,,,,1,,,,,,,,
"4,733",2018 People Staying Counts,UPT2,Weekday1_Midday,Weekday,Midday,20180730,1225,1235,,Sun-Shaded,78,UD4H,2,1,1,,1,,1,,,,,,,,,,,,1,,,,1,,,,,,,,,,,,1,,1,,,,,,,,
"4,734",2018 People Staying Counts,UPT2,Weekday1_Midday,Weekday,Midday,20180730,1225,1235,,Sun-Shaded,78,UD4H,3,1,1,1,,,1,,,,,,,,,,,1,,,1,,,,,,,,,,,,,,1,,1,,,,,,,,
"4,735",2018 People Staying Counts,UPT2,Weekday1_Evening,Weekday,Evening,20180730,1720,1730,,Sun-Shaded,80,UD4H,1,1,1,,1,,1,,,,,,,,,,,1,,,1,,,,,,,,,,,,,,1,,,,,,,,,,
"4,736",2018 People Staying Counts,UPT2,Weekday2_Midday,Weekday,Midday,20180803,1230,1240,,Light Clouds,65,UD4H,1,1,2,1,,,,,,1,,,,,,,,1,,,,,1,,,,,,,,,,1,,1,,1,,,,,,,,
"4,737",2018 People Staying Counts,UPT2,Weekday2_Midday,Weekday,Midday,20180803,1230,1240,,Light Clouds,65,UD4H,2,1,2,,1,,1,,,,,,,,,,,1,,,,,1,,,,,,,,,,1,,,,1,,,,,,,,
"4,738",2018 People Staying Counts,UPT2,Weekday2_Evening,Weekday,Evening,20180803,1628,1638,,Sun-Shaded,71,UD4H,1,1,2,1,,,,1,,,,,,,,,,1,,,,,1,,,,,,,,,,1,,,,1,,,,,,,,
"4,739",2018 People Staying Counts,UPT2,Weekday2_Evening,Weekday,Evening,20180803,1628,1638,,Sun-Shaded,71,UD4H,2,1,2,1,,,,,,1,,,,,,,,1,,,,,1,,,,,,,,,,1,,,,1,,,,,,,,
"4,740",2018 People Staying Counts,UPT2,Weekend_Midday,Weekend,Midday,20180804,1258,1308,,Sun-Shaded,68,UD4H,1,1,1,1,,,,,,1,,,,,,,,,1,,,1,,,,,,,,,,,,,,,1,,,1,,,,,
"4,741",2018 People Staying Counts,UPT2,Weekend_Midday,Weekend,Midday,20180804,1258,1308,,Sun-Shaded,68,UD4H,2,1,2,1,,,1,,,,,,,,,,,,,1,,,1,,,,,,,,,,1,,,,1,,,1,,,,,
"4,742",2018 People Staying Counts,UPT2,Weekend_Midday,Weekend,Midday,20180804,1258,1308,,Sun-Shaded,68,UD4H,3,1,2,1,,,1,,,,,,,,,,,1,,,,,1,,,,,,,,,,1,,1,,,,,1,,1,,,
"4,743",2018 People Staying Counts,UPT2,Weekend_Midday,Weekend,Midday,20180804,1258,1308,,Sun-Shaded,68,UD4H,4,1,1,1,,,1,,,,,,,,,,,1,,,,1,,,,,,,,,,,,,1,,1,,,,,,,,
"4,744",2018 People Staying Counts,UPT2,Weekend_Evening,Weekend,Evening,20180804,1629,1639,,Sun-Shaded,75,UD4H,1,1,1,,1,,1,,,,,,,,,,1,,,,1,,,,,,,,,,,,,,1,,,,,,,,,,
"4,745",2018 People Staying Counts,FHT3,Weekday1_Midday,Weekday,Midday,20180726,1350,1400,,Sun-Shaded,70,UD4H,1,1,1,,1,,,1,,,,,,,,,,,1,,1,,,,,,,,,,,,1,,,,1,,,,,,,,
"4,746",2018 People Staying Counts,FHT3,Weekday1_Midday,Weekday,Midday,20180726,1350,1400,,Sun-Shaded,70,UD4H,2,1,2,1,,,,1,,,,,,,,,,1,,,1,,,,,,,,,,,,1,,,,1,,,,,,,,
"4,747",2018 People Staying Counts,FHT3,Weekday1_Midday,Weekday,Midday,20180726,1350,1400,,Sun-Shaded,70,UD4H,3,1,2,1,,,,1,,,,,,,,,,,1,,,,,,,1,,,,,,,1,,,,1,,,,,,,,
"4,748",2018 People Staying Counts,FHT3,Weekday1_Midday,Weekday,Midday,20180726,1350,1400,,Sun-Shaded,70,UD4H,4,1,1,,1,,,,,1,,,,,,,,,,1,1,,,,,,,,,,,,,,,,1,1,,,,,,,
"4,749",2018 People Staying Counts,FHT3,Weekday1_Midday,Weekday,Midday,20180726,1350,1400,,Sun-Shaded,70,UD4H,5,1,1,1,,,1,,,,,,,,,,,1,,,1,,,,,,,,,,,,,,1,,1,1,,,,,,,
"4,750",2018 People Staying Counts,FHT3,Weekday1_Morning,Weekday,Morning,20180726,0935,0945,,Sun-Exposed,80,UD4H,1,1,2,1,,,1,,,,,,,,,,,1,,,,,1,,,,,,,,,1,1,,,,,,,,,,,,
"4,751",2018 People Staying Counts,FHT3,Weekday1_Morning,Weekday,Morning,20180726,0935,0945,,Sun-Exposed,80,UD4H,2,1,2,1,,,1,,,,,,,,,,,1,,,,,1,,,,,,,,,1,1,,,,,,,,,,,,
"4,752",2018 People Staying Counts,FHT3,Weekday1_Evening,Weekday,Evening,20180726,1746,1756,,Sun-Shaded,87,UD4H,1,1,1,1,,,1,,,,,,,,,,,,1,,,,1,,,,,,,,,1,,,,,1,,,,,,,,
"4,753",2018 People Staying Counts,FHT3,Weekday1_Evening,Weekday,Evening,20180726,1746,1756,,Sun-Shaded,87,UD4H,2,1,1,,1,,,1,,,,,,,,,,1,,,1,,,,,,,,,,,,,1,,,,1,,,,,,,
"4,754",2018 People Staying Counts,FHT3,Weekday1_Evening,Weekday,Evening,20180726,1746,1756,,Sun-Shaded,87,UD4H,3,1,1,1,,,,1,,,,,,,,,,,,1,,1,,,,,,,,,,,,,,,1,,,1,,,,,
"4,755",2018 People Staying Counts,FHT3,Weekday2_Morning,Weekday,Morning,20180727,0940,0950,,Sun-Exposed,65,UD4H,1,1,1,1,,,,1,,,,,,,,,,,1,,,,,,,,1,,,,,,,,,,,,,,,,1,,
"4,756",2018 People Staying Counts,FHT3,Weekday2_Midday,Weekday,Midday,20180727,1335,1345,event:roadwork_construction,Sun-Exposed,76,UD4H,1,1,1,1,,,,1,,,,,,,,,,1,,,1,,,,,,,,,,,,,,1,,,1,,,,,,,
"4,757",2018 People Staying Counts,FHT3,Weekday2_Midday,Weekday,Midday,20180727,1335,1345,event:roadwork_construction,Sun-Exposed,76,UD4H,2,1,1,,1,,1,,,,,,,,,,1,,,,1,,,,,,,,,,,1,,,,,,1,,,,,,,
"4,758",2018 People Staying Counts,FHT3,Weekday2_Evening,Weekday,Evening,20180727,1732,1742,,Sun-Shaded,86,UD4H,1,1,1,1,,,,1,,,,,,,,,,1,,,,1,,,,,,,,,,,,,,,1,,,1,,,,,
"4,759",2018 People Staying Counts,FHT3,Weekday2_Evening,Weekday,Evening,20180727,1732,1742,,Sun-Shaded,86,UD4H,2,1,1,,1,,,1,,,,,,,,,,1,,,1,,,,,,,,,,,,1,,,,1,,,,,,,,
"4,760",2018 People Staying Counts,FHT3,Weekday2_Evening,Weekday,Evening,20180727,1732,1742,,Sun-Shaded,86,UD4H,3,1,1,1,,,1,,,,,,,,,,,,1,,,,,,,1,,,,,,,,,,,1,,,,,,,,
"4,761",2018 People Staying Counts,FHT3,Weekend_Midday,Weekend,Midday,20180728,1340,1350,,Sun-Exposed,73,UD4H,1,1,1,1,,,,1,,,,,,,,,,,1,,1,,,,,,,,,,,,,,,,1,1,,,,,,,
"4,762",2018 People Staying Counts,FHT3,Weekend_Evening,Weekend,Evening,20180728,1740,1750,,Sun-Shaded,83,UD4H,1,1,2,1,,,1,,,,,,,,,,,,1,,,,,,,1,,,,,,,1,,,,1,,,,,,1,,
"4,763",2018 People Staying Counts,FHT3,Weekend_Evening,Weekend,Evening,20180728,1740,1750,,Sun-Shaded,83,UD4H,2,1,1,1,,,,1,,,,,,,,,,,1,,,,,,,1,,,,,,,1,,,,1,,,,,,,,
"4,764",2018 People Staying Counts,DEN1,Weekend_Midday,Weekend,Midday,20180721,1234,1244,,Sun-Shaded,68,UD4H,1,1,1,,1,,,,,1,,,,,,,,1,,,,1,,,,,,,,,,,,,1,,,,,,,,,,
"4,765",2018 People Staying Counts,DEN1,Weekend_Midday,Weekend,Midday,20180721,1234,1244,,Sun-Shaded,68,UD4H,2,1,1,1,,,1,,,,,,,,,,,1,,,1,,,,,,,,,1,,,,,1,,,,,,,,,,
"4,766",2018 People Staying Counts,DEN1,Weekend_Midday,Weekend,Midday,20180721,1234,1244,,Sun-Shaded,68,UD4H,3,1,1,1,,,1,,,,,,,,,,,1,,,1,,,,,,,,,,,1,,,,,,,,1,,,,,
"4,767",2018 People Staying Counts,DEN1,Weekend_Midday,Weekend,Midday,20180721,1234,1244,,Sun-Shaded,68,UD4H,4,1,1,1,,,1,,,,,,,,,,,1,,,1,,,,,,,,,,,,,,,,,,,1,,,,,
"4,768",2018 People Staying Counts,DEN1,Weekend_Evening,Weekend,Evening,20180721,1633,1643,,Sun-Shaded,73,UD4H,1,1,2,1,,,1,,,,,,,,,,,,1,,1,,,,,,,,,,,1,1,,1,,,,,,,,,,
"4,769",2018 People Staying Counts,DEN1,Weekend_Evening,Weekend,Evening,20180721,1633,1643,,Sun-Shaded,73,UD4H,2,1,2,1,,,1,,,,,,,,,,,1,,,1,,,,,,,,,,,1,1,,,,,,,,,,,,
"4,770",2018 People Staying Counts,DEN1,Weekend_Evening,Weekend,Evening,20180721,1633,1643,,Sun-Shaded,73,UD4H,3,1,2,1,,,1,,,,,,,,,,,1,,,1,,,,,,,,,,,,1,,1,,,,,,,,,,
"4,771",2018 People Staying Counts,DEN1,Weekend_Evening,Weekend,Evening,20180721,1633,1643,,Sun-Shaded,73,UD4H,4,1,2,1,,,1,,,,,,,,,,,1,,,1,,,,,,,,,,,,1,,,,,,,,,,,,
"4,772",2018 People Staying Counts,DEN1,Weekday1_Morning,Weekday,Morning,20180723,0858,0908,,Sun-Shaded,68,UD4H,1,1,1,1,,,1,,,,,,,,,,,1,,,1,,,,,,,,,,,,,,,,,,1,,,,,,
"4,773",2018 People Staying Counts,DEN1,Weekday1_Midday,Weekday,Midday,20180723,1232,1242,,Sun-Shaded,70,UD4H,1,1,1,,1,,,1,,,,,,,,,,,1,,,,,,,1,,,,,,,1,,,,,,,,,,1,1,
"4,774",2018 People Staying Counts,DEN1,Weekday1_Midday,Weekday,Midday,20180723,1232,1242,,Sun-Shaded,70,UD4H,2,1,1,1,,,,1,,,,,,,,,,,1,,1,,,,,,,,,,,,,,1,,,,,,,,1,,
"4,775",2018 People Staying Counts,DEN1,Weekday1_Midday,Weekday,Midday,20180723,1232,1242,,Sun-Shaded,70,UD4H,3,1,1,1,,,1,,,,,,,,,,,1,,,1,,,,,,,,,,,,,,,,1,,,,,,,,
"4,776",2018 People Staying Counts,DEN1,Weekday1_Evening,Weekday,Evening,20180723,1736,1746,,Sun-Shaded,85,UD4H,1,1,1,1,,,1,,,,,,,,,,,,1,,1,,,,,,,,,1,,,1,,,,,,1,,,,,,
"4,777",2018 People Staying Counts,DEN1,Weekday1_Evening,Weekday,Evening,20180723,1736,1746,,Sun-Shaded,85,UD4H,2,1,1,1,,,,,,1,,,,,,,,1,,,1,,,,,,,,,,,,,,,,1,,,,,,,,
"4,778",2018 People Staying Counts,DEN1,Weekday1_Evening,Weekday,Evening,20180723,1736,1746,,Sun-Shaded,85,UD4H,3,1,1,1,,,1,,,,,,,,,,,1,,,1,,,,,,,,,,,,,,1,,,1,,,,,,,
"4,779",2018 People Staying Counts,DEN1,Weekday2_Morning,Weekday,Morning,20180724,0925,0935,,Sun-Shaded,66,UD4H,1,1,2,1,,,,,,1,,,,,,,,1,,,1,,,,,,,,,,,1,1,,,,,,,1,,,,,
"4,780",2018 People Staying Counts,DEN1,Weekday2_Morning,Weekday,Morning,20180724,0925,0935,,Sun-Shaded,66,UD4H,2,1,2,1,,,,,,1,,,,,,,,1,,,1,,,,,,,,,,,1,1,,,,,,,1,,,,,
"4,781",2018 People Staying Counts,DEN1,Weekday2_Morning,Weekday,Morning,20180724,0925,0935,,Sun-Shaded,66,UD4H,3,1,2,1,,,1,,,,,,,,,,,1,,,1,,,,,,,,,,,,1,,,,,,,,,,,,
"4,782",2018 People Staying Counts,DEN1,Weekday2_Morning,Weekday,Morning,20180724,0925,0935,,Sun-Shaded,66,UD4H,4,1,2,1,,,,,,,,,,1,,,,1,,,1,,,,,,,,,,,,1,,1,,,,,,,,,,
"4,783",2018 People Staying Counts,DEN1,Weekday2_Morning,Weekday,Morning,20180724,0925,0935,,Sun-Shaded,66,UD4H,5,1,1,1,,,1,,,,,,,,,,,1,,,1,,,,,,,,,,,,,,1,,,,,1,,,,,
"4,784",2018 People Staying Counts,DEN1,Weekday2_Morning,Weekday,Morning,20180724,0925,0935,,Sun-Shaded,66,UD4H,6,1,1,,1,,,,,1,,,,,,,,1,,,1,,,,,,,,,,,,,,1,,,,,,,,,,
"4,785",2018 People Staying Counts,DEN1,Weekday2_Midday,Weekday,Midday,20180724,1244,1254,,Sun-Shaded,75,UD4H,1,1,1,1,,,,,,1,,,,,,,,,1,,1,,,,,,,,,,,,,,1,,,,,,,,,,
"4,786",2018 People Staying Counts,DEN1,Weekday2_Midday,Weekday,Midday,20180724,1244,1254,,Sun-Shaded,75,UD4H,2,1,1,1,,,,,,,,,1,,,,,1,,,1,,,,,,,,,,,,,,1,,,,,,,,,,
"4,787",2018 People Staying Counts,DEN1,Weekday2_Evening,Weekday,Evening,20180724,1627,1637,,Sun-Shaded,78,UD4H,1,1,1,1,,,1,,,,,,,,,,,,,1,,1,,,,,,,,,,,1,,,,1,,,,,,,,
"4,788",2018 People Staying Counts,DEN1,Weekday2_Evening,Weekday,Evening,20180724,1627,1637,,Sun-Shaded,78,UD4H,2,1,1,,1,,1,,,,,,,,,,,1,,,1,,,,,,,,,,,,1,,,,,,1,,,,,,
"4,789",2018 People Staying Counts,DEN1,Weekday2_Evening,Weekday,Evening,20180724,1627,1637,,Sun-Shaded,78,UD4H,3,1,1,1,,,,,,1,,,,,,,,,1,,1,,,,,,,,,,,,,,,,1,,,,,,,,
"4,790",2018 People Staying Counts,DEN1,Weekday2_Evening,Weekday,Evening,20180724,1627,1637,,Sun-Shaded,78,UD4H,4,1,1,,1,,,1,,,,,,,,,1,,,,,,,,,1,,,,,,,1,,,,,,,,,,1,1,
"4,791",2018 People Staying Counts,DEN1,Weekday2_Evening,Weekday,Evening,20180724,1627,1637,,Sun-Shaded,78,UD4H,5,1,1,1,,,1,,,,,,,,,,,,1,,1,,,,,,,,,,,,,,,,1,,,,,,,,
"4,792",2018 People Staying Counts,DEN1,Weekday2_Evening,Weekday,Evening,20180724,1627,1637,,Sun-Shaded,78,UD4H,6,1,1,1,,,1,,,,,,,,,,,1,,,1,,,,,,,,,,,,,,,,1,,,,,,,,
"4,793",2018 People Staying Counts,DEN1,Weekday2_Evening,Weekday,Evening,20180724,1627,1637,,Sun-Shaded,78,UD4H,7,1,1,1,,,1,,,,,,,,,,,,1,,1,,,,,,,,,,,,,,1,,,,,,,,,,
"4,794",2018 People Staying Counts,FHT1,Weekday1_Morning,Weekday,Morning,20180802,0833,0843,,Light Rain,63,UD4H,1,1,1,,1,,,,,1,,,,,,,,,,1,1,,,,,,,,,,,,,,,,,1,,,,,,,
"4,795",2018 People Staying Counts,FHT1,Weekday1_Morning,Weekday,Morning,20180802,0833,0843,,Light Rain,63,UD4H,2,1,1,1,,,1,,,,,,,,,,,1,,,1,,,,,,,,,,,,1,,,,,,,,,,,,
"4,796",2018 People Staying Counts,FHT1,Weekday1_Morning,Weekday,Morning,20180802,0833,0843,,Light Rain,63,UD4H,3,1,2,1,,,1,,,,,,,,,,,,1,,1,,,,,,,,,,,,1,,1,,,,,,,,,,
"4,797",2018 People Staying Counts,FHT1,Weekday1_Morning,Weekday,Morning,20180802,0833,0843,,Light Rain,63,UD4H,4,1,2,1,,,1,,,,,,,,,,,1,,,1,,,,,,,,,,,,1,,1,,,,,,,,,,
"4,798",2018 People Staying Counts,FHT1,Weekday1_Midday,Weekday,Midday,20180802,1250,1300,,Heavy Clouds,66,UD4H,1,1,1,1,,,,,1,,,,,,,,,1,,,1,,,,,,,,,,,,,,,,,1,,,,,,,
"4,799",2018 People Staying Counts,FHT1,Weekday1_Midday,Weekday,Midday,20180802,1250,1300,,Heavy Clouds,66,UD4H,2,1,1,,1,,,,,1,,,,,,,,,,1,1,,,,,,,,,,,,,,1,,,1,,,,,,,
"4,800",2018 People Staying Counts,FHT1,Weekday1_Midday,Weekday,Midday,20180802,1250,1300,,Heavy Clouds,66,UD4H,3,1,1,1,,,,1,,,,,,,,,,1,,,1,,,,,,,,,,,,,,1,,,,,,,,,,
"4,801",2018 People Staying Counts,FHT1,Weekday1_Midday,Weekday,Midday,20180802,1250,1300,,Heavy Clouds,66,UD4H,4,1,1,1,,,1,,,,,,,,,,,,1,,,1,,,,,,,,,,,,,1,,1,1,,,,,,,
"4,802",2018 People Staying Counts,FHT1,Weekday1_Midday,Weekday,Midday,20180802,1250,1300,,Heavy Clouds,66,UD4H,5,1,1,1,,,1,,,,,,,,,,,1,,,1,,,,,,,,,,,,,,,,1,,,,,,,,
"4,803",2018 People Staying Counts,FHT1,Weekday1_Evening,Weekday,Evening,20180802,1629,1639,,Heavy Clouds,68,UD4H,1,1,1,,1,,,,,1,,,,,,,,1,,,1,,,,,,,,,,,,,,1,,,1,,,,,,,
"4,804",2018 People Staying Counts,FHT1,Weekday1_Evening,Weekday,Evening,20180802,1629,1639,,Heavy Clouds,68,UD4H,2,1,3,1,,,1,,,,,,,,,,,,1,,1,,,,,,,,,,,,1,,1,,,,,,,,,,
"4,805",2018 People Staying Counts,FHT1,Weekday1_Evening,Weekday,Evening,20180802,1629,1639,,Heavy Clouds,68,UD4H,3,1,3,,1,,1,,,,,,,,,,,1,,,1,,,,,,,,,,,,1,,,,,,,,,,,,
"4,806",2018 People Staying Counts,FHT1,Weekday1_Evening,Weekday,Evening,20180802,1629,1639,,Heavy Clouds,68,UD4H,4,1,3,,1,,1,,,,,,,,,,,1,,,1,,,,,,,,,,,,1,,,,,,,,,,,,
"4,807",2018 People Staying Counts,FHT1,Weekday1_Evening,Weekday,Evening,20180802,1629,1639,,Heavy Clouds,68,UD4H,5,1,1,1,,,1,,,,,,,,,,,,1,,,,,,1,,,1,,,,,,,,,1,,,,,,,,
"4,808",2018 People Staying Counts,FHT1,Weekday1_Evening,Weekday,Evening,20180802,1629,1639,,Heavy Clouds,68,UD4H,6,1,1,,1,,1,,,,,,,,,,,1,,,1,,,,,,,,,,,,,,1,1,,,,,,,,,
"4,809",2018 People Staying Counts,FHT1,Weekday1_Evening,Weekday,Evening,20180802,1629,1639,,Heavy Clouds,68,UD4H,7,1,1,1,,,1,,,,,,,,,,,1,,,1,,,,,,,,,,,,,,1,,,1,,,,,,,
"4,810",2018 People Staying Counts,FHT1,Weekday1_Evening,Weekday,Evening,20180802,1629,1639,,Heavy Clouds,68,UD4H,8,1,1,1,,,,1,,,,,,,,,,1,,,1,,,,,,,,,,,,,,1,,,1,,,,,,,
"4,811",2018 People Staying Counts,FHT1,Weekday2_Morning,Weekday,Morning,20180803,0832,0842,,Heavy Clouds,61,UD4H,1,1,1,1,,,1,,,,,,,,,,,1,,,1,,,,,,,,,,,,,,,,,,,1,,,,,
"4,812",2018 People Staying Counts,FHT1,Weekday2_Morning,Weekday,Morning,20180803,0832,0842,,Heavy Clouds,61,UD4H,2,1,1,,1,,1,,,,,,,,,,,1,,,1,,,,,,,,,1,,1,,,1,,,1,,,,,,,
"4,813",2018 People Staying Counts,FHT1,Weekday2_Morning,Weekday,Morning,20180803,0832,0842,,Heavy Clouds,61,UD4H,3,1,1,1,,,1,,,,,,,,,,,1,,,1,,,,,,,,,,,,,,,,1,,,,,,,,
"4,814",2018 People Staying Counts,FHT1,Weekday2_Morning,Weekday,Morning,20180803,0832,0842,,Heavy Clouds,61,UD4H,4,1,1,1,,,1,,,,,,,,,,,,1,,,,,,1,,,1,,,,,,,,,1,,,,,,,,
"4,815",2018 People Staying Counts,FHT1,Weekday2_Morning,Weekday,Morning,20180803,0832,0842,,Heavy Clouds,61,UD4H,5,1,1,1,,,,1,,,,,,,,,,1,,,1,,,,,,,,,,,,,,1,,,,,1,,,,,
"4,816",2018 People Staying Counts,FHT1,Weekday2_Morning,Weekday,Morning,20180803,0832,0842,,Heavy Clouds,61,UD4H,6,1,1,,1,,,,,1,,,,,,,,,1,,1,,,,,,,,,,,,,,,,1,,,,,,,,
"4,817",2018 People Staying Counts,FHT1,Weekday2_Morning,Weekday,Morning,20180803,0832,0842,,Heavy Clouds,61,UD4H,7,1,1,,1,,1,,,,,,,,,,,,1,,1,,,,,,,,,,,,,,1,,,,,,,,,,
"4,818",2018 People Staying Counts,FHT1,Weekday2_Midday,Weekday,Midday,20180803,1228,1238,,Sun-Exposed,66,UD4H,1,1,1,1,,,,,,1,,,,,,,,,1,,1,,,,,,,,,,,,,,,,1,,,,,,,,
"4,819",2018 People Staying Counts,FHT1,Weekday2_Midday,Weekday,Midday,20180803,1228,1238,,Sun-Exposed,66,UD4H,2,1,1,1,,,,1,,,,,,,,,,,1,,1,,,,,,,,,,,,,,,,1,,,,,,,,
"4,820",2018 People Staying Counts,FHT1,Weekday2_Midday,Weekday,Midday,20180803,1228,1238,,Sun-Exposed,66,UD4H,3,1,1,,1,,,,,1,,,,,,,,,1,,1,,,,,,,,,,,,,,,,1,,,,,,,,
"4,821",2018 People Staying Counts,FHT1,Weekday2_Midday,Weekday,Midday,20180803,1228,1238,,Sun-Exposed,66,UD4H,4,1,1,1,,,,1,,,,,,,,,,1,,,,,,,,1,,,,,,1,,,1,,,,,,,,,,
"4,822",2018 People Staying Counts,FHT1,Weekday2_Midday,Weekday,Midday,20180803,1228,1238,,Sun-Exposed,66,UD4H,5,1,1,,1,,1,,,,,,,,,,,1,,,,1,,,,,,,,,,,,,1,,,1,,,,,,,
"4,823",2018 People Staying Counts,FHT1,Weekday2_Midday,Weekday,Midday,20180803,1228,1238,,Sun-Exposed,66,UD4H,6,1,1,1,,,,1,,,,,,,,,,1,,,1,,,,,,,1,,,,,,,,,1,,,,,,,,
"4,824",2018 People Staying Counts,FHT1,Weekday2_Midday,Weekday,Midday,20180803,1228,1238,,Sun-Exposed,66,UD4H,7,1,3,,1,,,,1,,,,,,,,,1,,,1,,,,,,,,,,,,1,,,,1,,,,,,,,
"4,825",2018 People Staying Counts,FHT1,Weekday2_Midday,Weekday,Midday,20180803,1228,1238,,Sun-Exposed,66,UD4H,8,1,3,,1,,,1,,,,,,,,,,1,,,1,,,,,,,,,,,,1,,,,1,,,,,,,,
"4,826",2018 People Staying Counts,FHT1,Weekday2_Midday,Weekday,Midday,20180803,1228,1238,,Sun-Exposed,66,UD4H,9,1,3,1,,,,,1,,,,,,,,,1,,,1,,,,,,,,,,,,1,,,,1,,,,,,,,
"4,827",2018 People Staying Counts,FHT1,Weekday2_Midday,Weekday,Midday,20180803,1228,1238,,Sun-Exposed,66,UD4H,10,1,3,1,,,1,,,,,,,,,,,,1,,1,,,,,,,,,,,,1,,,,,,,,,,,,
"4,828",2018 People Staying Counts,FHT1,Weekday2_Midday,Weekday,Midday,20180803,1228,1238,,Sun-Exposed,66,UD4H,11,1,3,1,,,1,,,,,,,,,,,,1,,1,,,,,,,,,,,,1,,,,,,,,,,,,
"4,829",2018 People Staying Counts,FHT1,Weekday2_Midday,Weekday,Midday,20180803,1228,1238,,Sun-Exposed,66,UD4H,12,1,3,1,,,1,,,,,,,,,,,,1,,1,,,,,,,,,,,,1,,,,,,,,,,,,
"4,830",2018 People Staying Counts,FHT1,Weekday2_Midday,Weekday,Midday,20180803,1228,1238,,Sun-Exposed,66,UD4H,13,1,1,1,,,,,,1,,,,,,,,1,,,1,,,,,,,,,,,,,,1,,,1,,,,,,,
"4,831",2018 People Staying Counts,FHT1,Weekday2_Evening,Weekday,Evening,20180803,1627,1637,,Sun-Shaded,72,UD4H,1,1,3,1,,,,1,,,,,,,,,,,1,,,,,,1,,,1,,,,,1,,,,,,,,,,,,
"4,832",2018 People Staying Counts,FHT1,Weekday2_Evening,Weekday,Evening,20180803,1627,1637,,Sun-Shaded,72,UD4H,2,1,3,,1,,,1,,,,,,,,,,1,,,1,,,,,,,,,,,,1,,,,,,,,,,,,
"4,833",2018 People Staying Counts,FHT1,Weekday2_Evening,Weekday,Evening,20180803,1627,1637,,Sun-Shaded,72,UD4H,3,1,3,1,,,1,,,,,,,,,,,1,,,1,,,,,,,,,,,,1,,,,,,,,,,,,
"4,834",2018 People Staying Counts,FHT1,Weekday2_Evening,Weekday,Evening,20180803,1627,1637,,Sun-Shaded,72,UD4H,4,1,1,,1,,1,,,,,,,,,,,1,,,1,,,,,,,,,,,,,,,,1,,,,,,,,
"4,835",2018 People Staying Counts,FHT1,Weekday2_Evening,Weekday,Evening,20180803,1627,1637,,Sun-Shaded,72,UD4H,5,1,1,,1,,,,,1,,,,,,,,,1,,1,,,,,,,,,,,,,,1,,,1,,,,,,,
"4,836",2018 People Staying Counts,FHT1,Weekday2_Evening,Weekday,Evening,20180803,1627,1637,,Sun-Shaded,72,UD4H,6,1,1,,1,,,,,,,,1,,,,,1,,,1,,,,,,,,,,,,,,1,,,1,,,,,,,
"4,837",2018 People Staying Counts,FHT1,Weekday2_Evening,Weekday,Evening,20180803,1627,1637,,Sun-Shaded,72,UD4H,7,1,2,1,,,,1,,,,,,,,,,,1,,1,,,,,,,,,,,,1,,,,,,,,,,,,
"4,838",2018 People Staying Counts,FHT1,Weekday2_Evening,Weekday,Evening,20180803,1627,1637,,Sun-Shaded,72,UD4H,8,1,2,,1,,,1,,,,,,,,,,,1,,1,,,,,,,,,,,,1,,,,,,,,,,,,
"4,839",2018 People Staying Counts,FHT1,Weekday2_Evening,Weekday,Evening,20180803,1627,1637,,Sun-Shaded,72,UD4H,9,1,1,1,,,,,,1,,,,,,,,,1,,1,,,,,,,,,,,,,,,,,1,,,,,,,
"4,840",2018 People Staying Counts,FHT1,Weekday2_Evening,Weekday,Evening,20180803,1627,1637,,Sun-Shaded,72,UD4H,10,1,1,1,,,,,,,,1,,,,,,1,,,1,,,,,,,,,,,,,,1,,1,,,,,,,,
"4,841",2018 People Staying Counts,FHT1,Weekday2_Evening,Weekday,Evening,20180803,1627,1637,,Sun-Shaded,72,UD4H,11,1,1,1,,,1,,,,,,,,,,,1,,,,1,,,,,,,,,,,,,1,,,,,,,,,,
"4,842",2018 People Staying Counts,FHT1,Weekday2_Evening,Weekday,Evening,20180803,1627,1637,,Sun-Shaded,72,UD4H,12,1,1,,1,,1,,,,,,,,,,,1,,,1,,,,,,,,,,,,,,,,1,,,,,,,,
"4,843",2018 People Staying Counts,FHT1,Weekday2_Evening,Weekday,Evening,20180803,1627,1637,,Sun-Shaded,72,UD4H,13,1,1,1,,,1,,,,,,,,,,,1,,,1,,,,,,,,,,,,,,1,,,,,,,,,,
"4,844",2018 People Staying Counts,FHT1,Weekday2_Evening,Weekday,Evening,20180803,1627,1637,,Sun-Shaded,72,UD4H,14,1,1,1,,,,1,,,,,,,,,,1,,,,,,,1,,,,,,,,,,,,1,,,,,,,,
"4,845",2018 People Staying Counts,FHT1,Weekend_Midday,Weekend,Midday,20180804,1246,1256,,Sun-Exposed,67,UD4H,1,1,1,1,,,,,,1,,,,,,,,,1,,1,,,,,,,,,,,,,,,,1,,,1,,,,,
"4,846",2018 People Staying Counts,FHT1,Weekend_Midday,Weekend,Midday,20180804,1246,1256,,Sun-Exposed,67,UD4H,2,1,1,,1,,,,,1,,,,,,,,1,,,1,,,,,,,,,,,,,,1,,,1,,,,,,,
"4,847",2018 People Staying Counts,FHT1,Weekend_Midday,Weekend,Midday,20180804,1246,1256,,Sun-Exposed,67,UD4H,3,1,4,,1,,1,,,,,,,,,,,,1,,,,,,1,,,1,,,,,1,,,,1,,,,,,,,
"4,848",2018 People Staying Counts,FHT1,Weekend_Midday,Weekend,Midday,20180804,1246,1256,,Sun-Exposed,67,UD4H,4,1,4,1,,,,1,,,,,,,,,,1,,,,,,,1,,,,,,,,1,,,,,,,1,,,,,
"4,849",2018 People Staying Counts,FHT1,Weekend_Midday,Weekend,Midday,20180804,1246,1256,,Sun-Exposed,67,UD4H,5,1,4,1,,,,1,,,,,,,,,,1,,,1,,,,,,,,,,,,1,,,,,,,,,,,,
"4,850",2018 People Staying Counts,FHT1,Weekend_Midday,Weekend,Midday,20180804,1246,1256,,Sun-Exposed,67,UD4H,6,1,4,,1,,1,,,,,,,,,,,,1,,1,,,,,,,,,,,,1,,,,,,,1,,,,,
"4,851",2018 People Staying Counts,FHT1,Weekend_Midday,Weekend,Midday,20180804,1246,1256,,Sun-Exposed,67,UD4H,7,1,2,,1,,,,1,,,,,,,,,1,,,1,,,,,,,,,,,,1,,,,1,,,,,,,,
"4,852",2018 People Staying Counts,FHT1,Weekend_Midday,Weekend,Midday,20180804,1246,1256,,Sun-Exposed,67,UD4H,8,1,2,1,,,1,,,,,,,,,,,1,,,,,,,1,,,1,,,,,1,,,,1,,,,,,,,
"4,853",2018 People Staying Counts,FHT1,Weekend_Midday,Weekend,Midday,20180804,1246,1256,,Sun-Exposed,67,UD4H,9,1,2,1,,,,1,,,,,,,,,,,1,,1,,,,,,,,,,,,1,,,,,,,,,,,,
"4,854",2018 People Staying Counts,FHT1,Weekend_Midday,Weekend,Midday,20180804,1246,1256,,Sun-Exposed,67,UD4H,10,1,1,,1,,,1,,,,,,,,,,,1,,1,,,,,,,,,,,,1,,,,,,,,,,,,
"4,855",2018 People Staying Counts,FHT1,Weekend_Midday,Weekend,Midday,20180804,1246,1256,,Sun-Exposed,67,UD4H,11,1,1,1,,,,,1,,,,,,,,,,1,,1,,,,,,,,,,,,,,1,,,,,,,,,,
"4,856",2018 People Staying Counts,FHT1,Weekend_Midday,Weekend,Midday,20180804,1246,1256,,Sun-Exposed,67,UD4H,12,1,1,1,,,1,,,,,,,,,,,,1,,1,,,,,,,,,,,,,,,,1,1,,1,,,,,
"4,857",2018 People Staying Counts,FHT1,Weekend_Evening,Weekend,Evening,20180804,1723,1733,,Sun-Shaded,77,UD4H,1,1,2,1,,,,,,1,,,,,,1,,,,,1,,,,,,,,,,,,1,,,1,,1,,,,,,,
"4,858",2018 People Staying Counts,FHT1,Weekend_Evening,Weekend,Evening,20180804,1723,1733,,Sun-Shaded,77,UD4H,2,1,2,,1,,,,,1,,,,,,1,,,,,1,,,,,,,,,,,,1,,,,1,1,,,,,,,
"4,859",2018 People Staying Counts,FHT1,Weekend_Evening,Weekend,Evening,20180804,1723,1733,,Sun-Shaded,77,UD4H,3,1,1,1,,,1,,,,,,,,,,1,,,,1,,,,,,,,,,,,,,1,,,,,,,,,,
"4,860",2018 People Staying Counts,FHT1,Weekend_Evening,Weekend,Evening,20180804,1723,1733,,Sun-Shaded,77,UD4H,4,1,1,1,,,1,,,,,,,,,,,,1,,,,,,1,,,1,,,,,,,,,1,,,,,,,,
"4,861",2018 People Staying Counts,FHT1,Weekend_Evening,Weekend,Evening,20180804,1723,1733,,Sun-Shaded,77,UD4H,5,1,2,,1,,1,,,,,,,,,,,1,,,1,,,,,,,,,,,,1,,,,,,,,,,,,
"4,862",2018 People Staying Counts,FHT1,Weekend_Evening,Weekend,Evening,20180804,1723,1733,,Sun-Shaded,77,UD4H,6,1,2,,1,,1,,,,,,,,,,,1,,,1,,,,,,,,,,,,1,,,,,,,,,,,,
"4,863",2018 People Staying Counts,COL1,Weekend_Midday,Weekend,Midday,20180728,1253,1303,,Sun-Shaded,72,UD4H,1,1,2,1,,,1,,,,,,,,,,1,,,,,,,1,,,,,,1,1,1,1,,,,,,,,,,,,
"4,864",2018 People Staying Counts,COL1,Weekend_Midday,Weekend,Midday,20180728,1253,1303,,Sun-Shaded,72,UD4H,2,1,2,,1,,1,,,,,,,,,,1,,,,,,,1,,,,,,1,1,1,1,,1,,,,,,,,,,
"4,865",2018 People Staying Counts,COL1,Weekend_Midday,Weekend,Midday,20180728,1253,1303,,Sun-Shaded,72,UD4H,3,1,1,,1,,,1,,,,,,,,,1,,,,,,,1,,,,,,1,1,1,1,,,,,,,,,,,,
"4,866",2018 People Staying Counts,COL1,Weekend_Midday,Weekend,Midday,20180728,1253,1303,,Sun-Shaded,72,UD4H,4,1,2,,1,,,,,1,,,,,,,1,,,,,,,1,,,,,,1,1,1,1,,,,,,,,,,,,
"4,867",2018 People Staying Counts,COL1,Weekend_Midday,Weekend,Midday,20180728,1253,1303,,Sun-Shaded,72,UD4H,5,1,2,1,,,1,,,,,,,,,,1,,,,,,,1,,,,,,1,1,1,1,,,,,,,,,,,,
"4,868",2018 People Staying Counts,COL1,Weekend_Midday,Weekend,Midday,20180728,1253,1303,,Sun-Shaded,72,UD4H,6,1,1,1,,,1,,,,,,,,,,,1,,,,,1,,,,,,,,,,,,1,,,,,,,,,,
"4,869",2018 People Staying Counts,COL1,Weekend_Midday,Weekend,Midday,20180728,1253,1303,,Sun-Shaded,72,UD4H,7,1,1,1,,,1,,,,,,,,,,,1,,,,,,1,,,,,,1,1,1,,,1,,,,,,,,,,
"4,870",2018 People Staying Counts,COL1,Weekend_Evening,Weekend,Evening,20180728,1638,1648,,Sun-Shaded,84,UD4H,1,1,1,,1,,1,,,,,,,,,,,1,,,1,,,,,,,,,,1,1,1,,,,,,,,,,,,
"4,871",2018 People Staying Counts,COL1,Weekend_Evening,Weekend,Evening,20180728,1638,1648,,Sun-Shaded,84,UD4H,2,1,2,1,,,1,,,,,,,,,1,,,,,1,,,,,,,,,,1,1,1,,,,,,,,,,,,
"4,872",2018 People Staying Counts,COL1,Weekend_Evening,Weekend,Evening,20180728,1638,1648,,Sun-Shaded,84,UD4H,3,1,2,,1,,1,,,,,,,,,,,1,,,1,,,,,,,,,,1,1,1,,,,,,,,,,,,
"4,873",2018 People Staying Counts,COL1,Weekend_Evening,Weekend,Evening,20180728,1638,1648,,Sun-Shaded,84,UD4H,4,1,2,,1,,1,,,,,,,,,,,1,,,,,,,1,,,,,,1,1,1,,,,,,,,,,,,
"4,874",2018 People Staying Counts,COL1,Weekend_Evening,Weekend,Evening,20180728,1638,1648,,Sun-Shaded,84,UD4H,5,1,2,,1,,,1,,,,,,,,,,1,,,,,,,1,,,,,,1,1,1,,,,,,,,,,,,
"4,875",2018 People Staying Counts,COL1,Weekend_Evening,Weekend,Evening,20180728,1638,1648,,Sun-Shaded,84,UD4H,6,1,1,,1,,1,,,,,,,,,,,1,,,1,,,,,,,,,,,,,,,,,,,1,,,,,
"4,876",2018 People Staying Counts,COL1,Weekday1_Morning,Weekday,Morning,20180730,0838,0848,,Sun-Shaded,68,UD4H,1,0,,,,,,,,,,,,,,,,,,,,,,,,,,,,,,,,,,,,,,,,,,,
"4,877",2018 People Staying Counts,COL1,Weekday1_Midday,Weekday,Midday,20180730,1242,1252,,Sun-Shaded,82,UD4H,1,1,1,1,,,,1,,,,,,,,,,1,,,1,,,,,,,,,,,,,,1,,,,,,,,,,
"4,878",2018 People Staying Counts,COL1,Weekday1_Evening,Weekday,Evening,20180730,1621,1631,,Sun-Shaded,86,UD4H,1,1,2,,1,,1,,,,,,,,,,,1,,,,,,1,,,,,,,,1,1,,1,,,,,,,,,,
"4,879",2018 People Staying Counts,COL1,Weekday1_Evening,Weekday,Evening,20180730,1621,1631,,Sun-Shaded,86,UD4H,2,1,2,,1,,1,,,,,,,,,,,1,,,,,,1,,,,,,,,1,1,,,,,,,,,,,,
"4,880",2018 People Staying Counts,COL1,Weekday1_Evening,Weekday,Evening,20180730,1621,1631,,Sun-Shaded,86,UD4H,3,1,1,1,,,1,,,,,,,,,,,1,,,,,,1,,,,,,,,1,,,1,,,,,,,,,,
"4,881",2018 People Staying Counts,COL1,Weekday2_Morning,Weekday,Morning,20180801,0850,0900,,Heavy Clouds,61,UD4H,1,0,,,,,,,,,,,,,,,,,,,,,,,,,,,,,,,,,,,,,,,,,,,
"4,882",2018 People Staying Counts,COL1,Weekday2_Midday,Weekday,Midday,20180801,1221,1231,,Heavy Clouds,64,UD4H,1,1,2,,1,,1,,,,,,,,,,1,,,,,,,1,,,,,,,,1,1,,1,,,,,,,,,,
"4,883",2018 People Staying Counts,COL1,Weekday2_Midday,Weekday,Midday,20180801,1221,1231,,Heavy Clouds,64,UD4H,2,1,2,1,,,1,,,,,,,,,,1,,,,,,,1,,,,,,,,1,1,,1,,,,,,,,,,
"4,884",2018 People Staying Counts,COL1,Weekday2_Evening,Weekday,Evening,20180801,1621,1631,,Sun-Exposed,72,UD4H,1,1,4,,1,,1,,,,,,,,,1,,,,,1,,,,,,,,,,,,1,,,,,,,,,,,,
"4,885",2018 People Staying Counts,COL1,Weekday2_Evening,Weekday,Evening,20180801,1621,1631,,Sun-Exposed,72,UD4H,2,1,4,1,,,1,,,,,,,,,,1,,,,1,,,,,,,,,,,,1,,,,,,,,,,,,
"4,886",2018 People Staying Counts,COL1,Weekday2_Evening,Weekday,Evening,20180801,1621,1631,,Sun-Exposed,72,UD4H,3,1,4,,1,,1,,,,,,,,,,,1,,,1,,,,,,,,,,,,1,,,,,,,,,,,,
"4,887",2018 People Staying Counts,COL1,Weekday2_Evening,Weekday,Evening,20180801,1621,1631,,Sun-Exposed,72,UD4H,4,1,4,,1,,1,,,,,,,,,,,1,,,1,,,,,,,,,,,,,,,,1,,,,,,,,
"4,888",2018 People Staying Counts,COL1,Weekday2_Evening,Weekday,Evening,20180801,1621,1631,,Sun-Exposed,72,UD4H,5,1,1,,1,,1,,,,,,,,,,,,1,,1,,,,,,,,,,,,,,1,,1,,,,,,,,
"4,889",2018 People Staying Counts,COL1,Weekday2_Evening,Weekday,Evening,20180801,1621,1631,,Sun-Exposed,72,UD4H,6,1,1,,1,,,,,1,,,,,,,,1,,,1,,,,,,,,,,,,,,1,,,,,,,,,,
"4,890",2018 People Staying Counts,CAP3,Weekday1_Morning,Weekday,Morning,20180726,0853,0903,,Sun-Exposed,67,UD4H,1,1,2,,1,,1,,,,,,,,,,,,1,,,,1,,,,,,,,,,1,,,,,1,,,,,,,
"4,891",2018 People Staying Counts,CAP3,Weekday1_Morning,Weekday,Morning,20180726,0853,0903,,Sun-Exposed,67,UD4H,2,1,2,1,,,1,,,,,,,,,,,,1,,,,1,,,,,,,,,,1,,,,,1,,1,,,,,
"4,892",2018 People Staying Counts,CAP3,Weekday1_Morning,Weekday,Morning,20180726,0853,0903,,Sun-Exposed,67,UD4H,3,1,1,,1,,1,,,,,,,,,,,1,,,1,,,,,,,,,,,,,,1,,,1,,,,,,,
"4,893",2018 People Staying Counts,CAP3,Weekday1_Morning,Weekday,Morning,20180726,0853,0903,,Sun-Exposed,67,UD4H,4,1,1,1,,,,1,,,,,,,,,,,1,,,1,,,,,,,,,,,,,1,,,1,,,,,,,
"4,894",2018 People Staying Counts,CAP3,Weekday1_Morning,Weekday,Morning,20180726,0853,0903,,Sun-Exposed,67,UD4H,5,1,1,,1,,,,,1,,,,,,,,,1,,,1,,,,,,,,,,,,,,,,1,,,,,,,
"4,895",2018 People Staying Counts,CAP3,Weekday1_Morning,Weekday,Morning,20180726,0853,0903,,Sun-Exposed,67,UD4H,6,1,1,1,,,1,,,,,,,,,,,1,,,,1,,,,,,,,,,,,,1,,,1,,,,,,,
"4,896",2018 People Staying Counts,CAP3,Weekday1_Morning,Weekday,Morning,20180726,0853,0903,,Sun-Exposed,67,UD4H,7,1,1,1,,,1,,,,,,,,,,1,,,,,1,,,,,,,,,,,1,,1,,,1,,,,,,,
"4,897",2018 People Staying Counts,CAP3,Weekday1_Morning,Weekday,Morning,20180726,0853,0903,,Sun-Exposed,67,UD4H,8,1,1,,1,,1,,,,,,,,,,,1,,,1,,,,,,,,,,,,,,1,,,1,,,,,,,
"4,898",2018 People Staying Counts,CAP3,Weekday1_Morning,Weekday,Morning,20180726,0853,0903,,Sun-Exposed,67,UD4H,9,1,1,1,,,1,,,,,,,,,,,,,1,,1,,,,,,,,,,,,,,,1,1,,,,,,,
"4,899",2018 People Staying Counts,CAP3,Weekday1_Midday,Weekday,Midday,20180726,1222,1232,,Sun-Shaded,77,UD4H,1,1,1,,1,,1,,,,,,,,,,,1,,,,,,,,1,,,,,,,,,1,,,1,,,,,,,
"4,900",2018 People Staying Counts,CAP3,Weekday1_Midday,Weekday,Midday,20180726,1222,1232,,Sun-Shaded,77,UD4H,2,1,1,,1,,,1,,,,,,,,,,,1,,,,1,,,,,,,,,,,,,,,1,,,,,,,
"4,901",2018 People Staying Counts,CAP3,Weekday1_Midday,Weekday,Midday,20180726,1222,1232,,Sun-Shaded,77,UD4H,3,1,1,1,,,1,,,,,,,,,,,,,1,,,1,,,,,,,,,,,,,,,1,,,,,,,
"4,902",2018 People Staying Counts,CAP3,Weekday1_Midday,Weekday,Midday,20180726,1222,1232,,Sun-Shaded,77,UD4H,4,1,1,,1,,,1,,,,,,,,,,1,,,,1,,,,,,,,,,,,,1,,,1,,,,,,,
"4,903",2018 People Staying Counts,CAP3,Weekday1_Midday,Weekday,Midday,20180726,1222,1232,,Sun-Shaded,77,UD4H,5,1,1,1,,,,,,1,,,,,,,,,,1,1,,,,,,,,,,,,,,1,,,1,,,,,,,
"4,904",2018 People Staying Counts,CAP3,Weekday1_Midday,Weekday,Midday,20180726,1222,1232,,Sun-Shaded,77,UD4H,6,1,1,,1,,,,,1,,,,,,,,1,,,1,,,,,,,,,,,,,,1,,,1,,,,,,,
"4,905",2018 People Staying Counts,CAP3,Weekday1_Midday,Weekday,Midday,20180726,1222,1232,,Sun-Shaded,77,UD4H,7,1,1,,1,,,1,,,,,,,,,,1,,,1,,,,,,,,,,,,,,1,,,1,,,,,,,
"4,906",2018 People Staying Counts,CAP3,Weekday1_Midday,Weekday,Midday,20180726,1222,1232,,Sun-Shaded,77,UD4H,8,1,1,1,,,1,,,,,,,,,,,,1,,1,,,,,,,,,,,,1,,,,,1,,,,,,,
"4,907",2018 People Staying Counts,CAP3,Weekday1_Midday,Weekday,Midday,20180726,1222,1232,,Sun-Shaded,77,UD4H,9,1,1,,1,,1,,,,,,,,,,1,,,,1,,,,,,,,,,,,1,,,,,,,,,,,,
"4,908",2018 People Staying Counts,CAP3,Weekday1_Midday,Weekday,Midday,20180726,1222,1232,,Sun-Shaded,77,UD4H,10,1,1,,1,,1,,,,,,,,,,,,1,,1,,,,,,,,,,,,,,1,,,1,,,,,,,
"4,909",2018 People Staying Counts,CAP3,Weekday1_Midday,Weekday,Midday,20180726,1222,1232,,Sun-Shaded,77,UD4H,11,1,1,1,,,,1,,,,,,,,,1,,,,1,,,,,,,,,,,,,,1,1,,,,,,,,,
"4,910",2018 People Staying Counts,CAP3,Weekday1_Midday,Weekday,Midday,20180726,1222,1232,,Sun-Shaded,77,UD4H,12,1,1,1,,,1,,,,,,,,,,,,,1,1,,,,,,,1,,,,,,,,,,1,,,,,,,
"4,911",2018 People Staying Counts,CAP3,Weekday1_Midday,Weekday,Midday,20180726,1222,1232,,Sun-Shaded,77,UD4H,13,1,1,,1,,1,,,,,,,,,,,1,,,,1,,,,,,,,,,,,,1,,,1,,,,,,,
"4,912",2018 People Staying Counts,CAP3,Weekday1_Midday,Weekday,Midday,20180726,1222,1232,,Sun-Shaded,77,UD4H,14,1,1,1,,,,1,,,,,,,,,,1,,,,1,,,,,,,,,,,,,1,,,1,,,,,,,
"4,913",2018 People Staying Counts,CAP3,Weekday1_Midday,Weekday,Midday,20180726,1222,1232,,Sun-Shaded,77,UD4H,15,1,1,,1,,1,,,,,,,,,,,,,1,1,,,,,,,,,,,,,,,,,1,,,,,,,
"4,914",2018 People Staying Counts,CAP3,Weekday1_Midday,Weekday,Midday,20180726,1222,1232,,Sun-Shaded,77,UD4H,16,1,1,,1,,1,,,,,,,,,,,1,,,1,,,,,,,,,,,,,,1,,,1,,,,,,,
"4,915",2018 People Staying Counts,CAP3,Weekday1_Midday,Weekday,Midday,20180726,1222,1232,,Sun-Shaded,77,UD4H,17,1,1,1,,,1,,,,,,,,,,,,1,,1,,,,,,,,,,,,,,,,,1,,,,,,,
"4,916",2018 People Staying Counts,CAP3,Weekday1_Midday,Weekday,Midday,20180726,1222,1232,,Sun-Shaded,77,UD4H,18,1,1,1,,,1,,,,,,,,,,,,1,,1,,,,,,,,,,,,,,,,,1,,,,,,,
"4,917",2018 People Staying Counts,CAP3,Weekday1_Midday,Weekday,Midday,20180726,1222,1232,,Sun-Shaded,77,UD4H,19,1,1,1,,,,,,,,,,1,,,,1,,,,,1,,,,,,,,,,,,1,,,1,,,,,,,
"4,918",2018 People Staying Counts,CAP3,Weekday1_Midday,Weekday,Midday,20180726,1222,1232,,Sun-Shaded,77,UD4H,20,1,1,,1,,1,,,,,,,,,,,1,,,,,1,,,,,,,,,,,,1,,,1,,,,,,,
"4,919",2018 People Staying Counts,CAP3,Weekday1_Midday,Weekday,Midday,20180726,1222,1232,,Sun-Shaded,77,UD4H,21,1,1,1,,,1,,,,,,,,,,,,1,,,1,,,,,,,,,,,,,1,,,1,,,,,,,
"4,920",2018 People Staying Counts,CAP3,Weekday1_Midday,Weekday,Midday,20180726,1222,1232,,Sun-Shaded,77,UD4H,22,1,2,,1,,1,,,,,,,,,,1,,,,1,,,,,,,,,,,,1,,,,,1,,,,,,,
"4,921",2018 People Staying Counts,CAP3,Weekday1_Midday,Weekday,Midday,20180726,1222,1232,,Sun-Shaded,77,UD4H,23,1,2,1,,,,,,,,1,,,,,1,,,,1,,,,,,,,,,,,1,,,,,1,,,,,,,
"4,922",2018 People Staying Counts,CAP3,Weekday1_Midday,Weekday,Midday,20180726,1222,1232,,Sun-Shaded,77,UD4H,24,1,1,,1,,1,,,,,,,,,,1,,,,1,,,,,,,,,,,,,,1,,,1,,,,,,,
"4,923",2018 People Staying Counts,CAP3,Weekday1_Midday,Weekday,Midday,20180726,1222,1232,,Sun-Shaded,77,UD4H,25,1,1,,1,,1,,,,,,,,,,,1,,,1,,,,,,,,,,,1,,,1,,,1,,,,,,,
"4,924",2018 People Staying Counts,CAP3,Weekday1_Evening,Weekday,Evening,20180726,1622,1632,,Sun-Shaded,89,UD4H,1,1,3,1,,,1,,,,,,,,,,1,,,,,1,,,,,,,,,,,1,,,,,1,,,,,,,
"4,925",2018 People Staying Counts,CAP3,Weekday1_Evening,Weekday,Evening,20180726,1622,1632,,Sun-Shaded,89,UD4H,2,1,3,1,,,1,,,,,,,,,,1,,,,,1,,,,,,,,,,,1,,,,,1,,,,,,,
"4,926",2018 People Staying Counts,CAP3,Weekday1_Evening,Weekday,Evening,20180726,1622,1632,,Sun-Shaded,89,UD4H,3,1,3,,1,,1,,,,,,,,,,1,,,,,1,,,,,,,,,,,1,,,,1,1,,,,,,,
"4,927",2018 People Staying Counts,CAP3,Weekday1_Evening,Weekday,Evening,20180726,1622,1632,,Sun-Shaded,89,UD4H,4,1,1,,1,,1,,,,,,,,,,1,,,,,,1,,,,,,,,,,,,1,,,1,,,,,,,
"4,928",2018 People Staying Counts,CAP3,Weekday1_Evening,Weekday,Evening,20180726,1622,1632,,Sun-Shaded,89,UD4H,5,1,1,,1,,1,,,,,,,,,,,1,,,,,1,,,,,,,,,,,,,,,1,,,,,,,
"4,929",2018 People Staying Counts,CAP3,Weekday1_Evening,Weekday,Evening,20180726,1622,1632,,Sun-Shaded,89,UD4H,6,1,1,1,,,1,,,,,,,,,,,1,,,,1,,,,,,,,,,,,,,,,1,,1,,,,,
"4,930",2018 People Staying Counts,CAP3,Weekday1_Evening,Weekday,Evening,20180726,1622,1632,,Sun-Shaded,89,UD4H,7,1,1,1,,,,1,,,,,,,,,,,1,,1,,,,,,,,,,,,,,,,,1,,,,,,,
"4,931",2018 People Staying Counts,CAP3,Weekday1_Evening,Weekday,Evening,20180726,1622,1632,,Sun-Shaded,89,UD4H,8,1,1,,1,,1,,,,,,,,,,,1,,,,1,,,,,,,,,,,,,1,,,1,,,,,,,
"4,932",2018 People Staying Counts,CAP3,Weekday1_Evening,Weekday,Evening,20180726,1622,1632,,Sun-Shaded,89,UD4H,9,1,1,1,,,1,,,,,,,,,,,,1,,1,,,,,,,,,,,,,,,,,1,,,,,,,
"4,933",2018 People Staying Counts,CAP3,Weekday1_Evening,Weekday,Evening,20180726,1622,1632,,Sun-Shaded,89,UD4H,10,1,1,1,,,1,,,,,,,,,,,,1,,,1,,,,,,,,,,,,,1,,1,1,,,,,,,
"4,934",2018 People Staying Counts,CAP3,Weekday1_Evening,Weekday,Evening,20180726,1622,1632,,Sun-Shaded,89,UD4H,11,1,1,1,,,1,,,,,,,,,,,1,,,1,,,,,,,,,,,,1,,,,,,,,,,,,
"4,935",2018 People Staying Counts,CAP3,Weekday1_Evening,Weekday,Evening,20180726,1622,1632,,Sun-Shaded,89,UD4H,12,1,1,1,,,1,,,,,,,,,,,1,,,1,,,,,,,,,,,,,,1,,,1,,,,,,,
"4,936",2018 People Staying Counts,CAP3,Weekday1_Evening,Weekday,Evening,20180726,1622,1632,,Sun-Shaded,89,UD4H,13,1,1,1,,,,,,,,1,,,,,1,,,,,1,,,,,,,,,,,,,1,,,1,,,,,,,
"4,937",2018 People Staying Counts,CAP3,Weekday1_Evening,Weekday,Evening,20180726,1622,1632,,Sun-Shaded,89,UD4H,14,1,1,,1,,,,,,,1,,,,,1,,,,1,,,,,,,,,,,,,,1,,,1,,,,,,,
"4,938",2018 People Staying Counts,CAP3,Weekday1_Evening,Weekday,Evening,20180726,1622,1632,,Sun-Shaded,89,UD4H,15,1,1,1,,,1,,,,,,,,,,,,,1,1,,,,,,,,,,,,,,1,,,1,,,,,,,
"4,939",2018 People Staying Counts,CAP3,Weekday1_Evening,Weekday,Evening,20180726,1622,1632,,Sun-Shaded,89,UD4H,16,1,1,,1,,1,,,,,,,,,,,1,,,1,,,,,,,,,,,,,,1,,,1,,,,,,,
"4,940",2018 People Staying Counts,CAP3,Weekday1_Evening,Weekday,Evening,20180726,1622,1632,,Sun-Shaded,89,UD4H,17,1,1,,1,,1,,,,,,,,,,,1,,,1,,,,,,,,,,,,,,1,,,1,,,,,,,
"4,941",2018 People Staying Counts,CAP3,Weekday1_Evening,Weekday,Evening,20180726,1622,1632,,Sun-Shaded,89,UD4H,18,1,1,,1,,1,,,,,,,,,,,1,,,1,,,,,,,,,,,,,,,,,1,,,,,,,
"4,942",2018 People Staying Counts,CAP3,Weekday1_Evening,Weekday,Evening,20180726,1622,1632,,Sun-Shaded,89,UD4H,19,1,1,1,,,1,,,,,,,,,,,,,1,1,,,,,,,,,,,,,,,1,,1,,,,,,,
"4,943",2018 People Staying Counts,CAP3,Weekday1_Evening,Weekday,Evening,20180726,1622,1632,,Sun-Shaded,89,UD4H,20,1,1,,1,,,1,,,,,,,,,,,1,,,1,,,,,,,,,,,,,,,,1,,,,,,,
"4,944",2018 People Staying Counts,CAP3,Weekday1_Evening,Weekday,Evening,20180726,1622,1632,,Sun-Shaded,89,UD4H,21,1,1,1,,,1,,,,,,,,,,,1,,,,1,,,,,,,,,,,,,1,,,1,,,,,,,
"4,945",2018 People Staying Counts,CAP3,Weekday1_Evening,Weekday,Evening,20180726,1622,1632,,Sun-Shaded,89,UD4H,22,1,1,1,,,1,,,,,,,,,,,1,,,1,,,,,,,,,,,,,,1,,1,1,,,,,,,
"4,946",2018 People Staying Counts,CAP3,Weekday1_Evening,Weekday,Evening,20180726,1622,1632,,Sun-Shaded,89,UD4H,23,1,1,,1,,,,,1,,,,,,,,1,,,1,,,,,,,,,,,,,,,,,1,,,,,,,
"4,947",2018 People Staying Counts,CAP3,Weekday1_Evening,Weekday,Evening,20180726,1622,1632,,Sun-Shaded,89,UD4H,24,1,1,,1,,1,,,,,,,,,,,1,,,1,,,,,,,,,,,,,,,,,1,,,,,,,
"4,948",2018 People Staying Counts,CAP3,Weekday1_Evening,Weekday,Evening,20180726,1622,1632,,Sun-Shaded,89,UD4H,25,1,1,,1,,,,,1,,,,,,,1,,,,1,,,,,,,,,,,,,,1,,,,,,,,,,
"4,949",2018 People Staying Counts,CAP3,Weekday1_Evening,Weekday,Evening,20180726,1622,1632,,Sun-Shaded,89,UD4H,26,1,1,1,,,,,,,,1,,,,,1,,,,1,,,,,,,,,,,,,,,,,1,,,,,,,
"4,950",2018 People Staying Counts,CAP3,Weekday1_Evening,Weekday,Evening,20180726,1622,1632,,Sun-Shaded,89,UD4H,27,1,1,1,,,1,,,,,,,,,,,1,,,1,,,,,,,,,,,,,,1,,,1,,,,,,,
"4,951",2018 People Staying Counts,CAP3,Weekday2_Morning,Weekday,Morning,20180727,0832,0842,,Sun-Exposed,61,UD4H,1,1,1,1,,,1,,,,,,,,,,,,1,,1,,,,,,,,,,,,1,,1,,,1,,,,,,,
"4,952",2018 People Staying Counts,CAP3,Weekday2_Morning,Weekday,Morning,20180727,0832,0842,,Sun-Exposed,61,UD4H,2,1,1,,1,,1,,,,,,,,,,,1,,,1,,,,,,,,,,,,1,,1,,,1,,,,,,,
"4,953",2018 People Staying Counts,CAP3,Weekday2_Morning,Weekday,Morning,20180727,0832,0842,,Sun-Exposed,61,UD4H,3,1,1,1,,,1,,,,,,,,,,,,1,,,,,,,1,,,,,,,,,1,,,1,,,,,,,
"4,954",2018 People Staying Counts,CAP3,Weekday2_Morning,Weekday,Morning,20180727,0832,0842,,Sun-Exposed,61,UD4H,4,1,1,1,,,,,,1,,,,,,,1,,,,1,,,,,,,,,,,,,,1,,,,,,,,,,
"4,955",2018 People Staying Counts,CAP3,Weekday2_Morning,Weekday,Morning,20180727,0832,0842,,Sun-Exposed,61,UD4H,5,1,1,,1,,,1,,,,,,,,,,1,,,1,,,,,,,,,,,,,,,,,1,,,,,,,
"4,956",2018 People Staying Counts,CAP3,Weekday2_Morning,Weekday,Morning,20180727,0832,0842,,Sun-Exposed,61,UD4H,6,1,1,1,,,,1,,,,,,,,,,,1,,1,,,,,,,,,,,,,,,,1,,,,,,,,
"4,957",2018 People Staying Counts,CAP3,Weekday2_Morning,Weekday,Morning,20180727,0832,0842,,Sun-Exposed,61,UD4H,7,1,1,1,,,1,,,,,,,,,,,1,,,1,,,,,,,,,,,,,,1,1,,,,,,,,,
"4,958",2018 People Staying Counts,CAP3,Weekday2_Morning,Weekday,Morning,20180727,0832,0842,,Sun-Exposed,61,UD4H,8,1,1,1,,,1,,,,,,,,,,1,,,,1,,,,,,,,,,,,,,1,1,,,,1,,,,,
"4,959",2018 People Staying Counts,CAP3,Weekday2_Morning,Weekday,Morning,20180727,0832,0842,,Sun-Exposed,61,UD4H,9,1,1,1,,,1,,,,,,,,,,,,1,,1,,,,,,,,,,,,,,,,,1,,,,,,,
"4,960",2018 People Staying Counts,CAP3,Weekday2_Morning,Weekday,Morning,20180727,0832,0842,,Sun-Exposed,61,UD4H,10,1,1,,1,,1,,,,,,,,,,,,1,,1,,,,,,,,,,,,1,,,,,1,,,,,,,
"4,961",2018 People Staying Counts,CAP3,Weekday2_Morning,Weekday,Morning,20180727,0832,0842,,Sun-Exposed,61,UD4H,11,1,1,,1,,1,,,,,,,,,,,,1,,1,,,,,,,,,,,1,,,,,,1,,,,,,,
"4,962",2018 People Staying Counts,CAP3,Weekday2_Morning,Weekday,Morning,20180727,0832,0842,,Sun-Exposed,61,UD4H,12,1,2,,1,,1,,,,,,,,,,,,1,,1,,,,,,,,,,,,1,,,,,1,,,,,,,
"4,963",2018 People Staying Counts,CAP3,Weekday2_Morning,Weekday,Morning,20180727,0832,0842,,Sun-Exposed,61,UD4H,13,1,2,1,,,1,,,,,,,,1,,,,,,,,,,1,,,,,,,,,,,,1,1,,,,,,,
"4,964",2018 People Staying Counts,CAP3,Weekday2_Morning,Weekday,Morning,20180727,0832,0842,,Sun-Exposed,61,UD4H,14,1,1,1,,,,,,,,1,,,,,,1,,,1,,,,,,,,,,,,,,1,,,1,,,,,,,
"4,965",2018 People Staying Counts,CAP3,Weekday2_Midday,Weekday,Midday,20180727,1234,1244,,Sun-Exposed,75,UD4H,1,1,1,1,,,1,,,,,,,,,,,,1,,,,1,,,,,,,,,,1,,,,1,1,,,,,,,
"4,966",2018 People Staying Counts,CAP3,Weekday2_Midday,Weekday,Midday,20180727,1234,1244,,Sun-Exposed,75,UD4H,2,1,1,1,,,1,,,,,,,,,,,1,,,,1,,,,,,,,,,,,,1,,,1,,,,,,,
"4,967",2018 People Staying Counts,CAP3,Weekday2_Midday,Weekday,Midday,20180727,1234,1244,,Sun-Exposed,75,UD4H,3,1,1,,1,,1,,,,,,,,,,,1,,,1,,,,,,,,,,,,,,,,,1,,,,,,,
"4,968",2018 People Staying Counts,CAP3,Weekday2_Midday,Weekday,Midday,20180727,1234,1244,,Sun-Exposed,75,UD4H,4,1,1,1,,,1,,,,,,,,,,,,,1,,,1,,,,,,,,,,1,,,,,,,,,,,,
"4,969",2018 People Staying Counts,CAP3,Weekday2_Midday,Weekday,Midday,20180727,1234,1244,,Sun-Exposed,75,UD4H,5,1,1,1,,,1,,,,,,,,,,1,,,,1,,,,,,,,,,,,,,1,,,1,,,,,,,
"4,970",2018 People Staying Counts,CAP3,Weekday2_Midday,Weekday,Midday,20180727,1234,1244,,Sun-Exposed,75,UD4H,6,1,1,1,,,1,,,,,,,,,,,1,,,,,1,,,,,,,,,1,,,,,,1,,,,,,,
"4,971",2018 People Staying Counts,CAP3,Weekday2_Midday,Weekday,Midday,20180727,1234,1244,,Sun-Exposed,75,UD4H,7,1,1,1,,,,,,,,1,,,,,1,,,,1,,,,,,,,,,,,,,1,1,,,,,,,,,
"4,972",2018 People Staying Counts,CAP3,Weekday2_Midday,Weekday,Midday,20180727,1234,1244,,Sun-Exposed,75,UD4H,8,1,1,,1,,1,,,,,,,,,,,1,,,1,,,,,,,,,,,,,,1,,,1,,,,,,,
"4,973",2018 People Staying Counts,CAP3,Weekday2_Midday,Weekday,Midday,20180727,1234,1244,,Sun-Exposed,75,UD4H,9,1,1,1,,,,,,,,,,1,,,,1,,,,,1,,,,,,,,,,,,1,,,1,,,,,,,
"4,974",2018 People Staying Counts,CAP3,Weekday2_Midday,Weekday,Midday,20180727,1234,1244,,Sun-Exposed,75,UD4H,10,1,1,1,,,1,,,,,,,,,,,1,,,1,,,,,,,,,,,,,,,,,1,,,,,,,
"4,975",2018 People Staying Counts,CAP3,Weekday2_Midday,Weekday,Midday,20180727,1234,1244,,Sun-Exposed,75,UD4H,11,1,1,1,,,1,,,,,,,,,,,1,,,1,,,,,,,,,,,,,,,,,1,,,,,,,
"4,976",2018 People Staying Counts,CAP3,Weekday2_Evening,Weekday,Evening,20180727,1622,1632,,Sun-Shaded,82,UD4H,1,1,1,1,,,,1,,,,,,,,,,,,1,,,1,,,,,,,,,,,,,,,1,,,,,,,
"4,977",2018 People Staying Counts,CAP3,Weekday2_Evening,Weekday,Evening,20180727,1622,1632,,Sun-Shaded,82,UD4H,2,1,1,,1,,1,,,,,,,,,,,1,,,1,,,,,,,,,,,,,,,,,1,,,,,,,
"4,978",2018 People Staying Counts,CAP3,Weekday2_Evening,Weekday,Evening,20180727,1622,1632,,Sun-Shaded,82,UD4H,3,1,1,,1,,1,,,,,,,,,,,,1,,,,1,,,,,,,,,,,,,,,1,,,,,,,
"4,979",2018 People Staying Counts,CAP3,Weekday2_Evening,Weekday,Evening,20180727,1622,1632,,Sun-Shaded,82,UD4H,4,1,1,1,,,1,,,,,,,,,,1,,,,,1,,,,,,,,,,,,,1,,,1,,,,,,,
"4,980",2018 People Staying Counts,CAP3,Weekday2_Evening,Weekday,Evening,20180727,1622,1632,,Sun-Shaded,82,UD4H,5,1,1,,1,,1,,,,,,,,,,,1,,,,,1,,,,,,,,,,,,1,,,1,,,,,,,
"4,981",2018 People Staying Counts,CAP3,Weekday2_Evening,Weekday,Evening,20180727,1622,1632,,Sun-Shaded,82,UD4H,6,1,1,,1,,1,,,,,,,,,,,1,,,,1,,,,,,,,,,,,,1,,,,,,,,,,
"4,982",2018 People Staying Counts,CAP3,Weekday2_Evening,Weekday,Evening,20180727,1622,1632,,Sun-Shaded,82,UD4H,7,1,1,1,,,,,,,1,,,,,,1,,,,1,,,,,,,,,,,,,,1,,,1,,,,,,,
"4,983",2018 People Staying Counts,CAP3,Weekday2_Evening,Weekday,Evening,20180727,1622,1632,,Sun-Shaded,82,UD4H,8,1,1,,1,,1,,,,,,,,,,1,,,,1,,,,,,,,,,,,,,,,,1,,,,,,,
"4,984",2018 People Staying Counts,CAP3,Weekday2_Evening,Weekday,Evening,20180727,1622,1632,,Sun-Shaded,82,UD4H,9,1,1,,1,,1,,,,,,,,,,,,1,,1,,,,,,,,,,,,,,1,,,1,,,,,,,
"4,985",2018 People Staying Counts,CAP3,Weekday2_Evening,Weekday,Evening,20180727,1622,1632,,Sun-Shaded,82,UD4H,10,1,1,1,,,1,,,,,,,,,,,,1,,1,,,,,,,,,,,,,,,,,1,,,,,,,
"4,986",2018 People Staying Counts,CAP3,Weekday2_Evening,Weekday,Evening,20180727,1622,1632,,Sun-Shaded,82,UD4H,11,1,1,1,,,,1,,,,,,,,,,,1,,1,,,,,,,,,,,,,,,,1,1,,,,,,,
"4,987",2018 People Staying Counts,CAP3,Weekday2_Evening,Weekday,Evening,20180727,1622,1632,,Sun-Shaded,82,UD4H,12,1,1,,1,,,1,,,,,,,,,,1,,,,1,,,,,,,,,,,,,1,,,1,,,,,,,
"4,988",2018 People Staying Counts,CAP3,Weekday2_Evening,Weekday,Evening,20180727,1622,1632,,Sun-Shaded,82,UD4H,13,1,1,,1,,1,,,,,,,,,,,1,,,1,,,,,,,,,,,,,,1,,,1,,,,,,,
"4,989",2018 People Staying Counts,CAP3,Weekday2_Evening,Weekday,Evening,20180727,1622,1632,,Sun-Shaded,82,UD4H,14,1,2,1,,,1,,,,,,,,,,,,,1,1,,,,,,,,,,,,1,,,,,1,,,,,,,
"4,990",2018 People Staying Counts,CAP3,Weekday2_Evening,Weekday,Evening,20180727,1622,1632,,Sun-Shaded,82,UD4H,15,1,2,1,,,1,,,,,,,,,,,,,1,1,,,,,,,,,,,,1,,,,,1,,,,,,,
"4,991",2018 People Staying Counts,CAP3,Weekday2_Evening,Weekday,Evening,20180727,1622,1632,,Sun-Shaded,82,UD4H,16,1,1,1,,,1,,,,,,,,,,,1,,,1,,,,,,,,,,,,,,1,,,1,,,,,,,
"4,992",2018 People Staying Counts,CAP3,Weekday2_Evening,Weekday,Evening,20180727,1622,1632,,Sun-Shaded,82,UD4H,17,1,1,1,,,1,,,,,,,,,,,1,,,1,,,,,,,,,,,,,,1,1,,1,,,,,,,
"4,993",2018 People Staying Counts,CAP3,Weekday2_Evening,Weekday,Evening,20180727,1622,1632,,Sun-Shaded,82,UD4H,18,1,1,,1,,1,,,,,,,,,,,1,,,1,,,,,,,,,,,,,,1,,,1,,,,,,,
"4,994",2018 People Staying Counts,CAP3,Weekday2_Evening,Weekday,Evening,20180727,1622,1632,,Sun-Shaded,82,UD4H,19,1,1,1,,,1,,,,,,,,,,,,,1,1,,,,,,,,,,,,,,,,,1,,,,,,,
"4,995",2018 People Staying Counts,CAP3,Weekday2_Evening,Weekday,Evening,20180727,1622,1632,,Sun-Shaded,82,UD4H,20,1,1,1,,,,,,1,,,,,,,,,1,,1,,,,,,,,,,,,,,,,,1,,,,,,,
"4,996",2018 People Staying Counts,CAP3,Weekday2_Evening,Weekday,Evening,20180727,1622,1632,,Sun-Shaded,82,UD4H,21,1,1,1,,,,1,,,,,,,,,,,1,,1,,,,,,,,,,,,,,,,,1,,,,,,,
"4,997",2018 People Staying Counts,CAP3,Weekday2_Evening,Weekday,Evening,20180727,1622,1632,,Sun-Shaded,82,UD4H,22,1,1,,1,,1,,,,,,,,,,1,,,,1,,,,,,,,,,,,,,,,,1,,,,,,,
"4,998",2018 People Staying Counts,CAP3,Weekday2_Evening,Weekday,Evening,20180727,1622,1632,,Sun-Shaded,82,UD4H,23,1,1,,1,,1,,,,,,,,,,,1,,,1,,,,,,,,,,,,,,1,,,,,,,,,,
"4,999",2018 People Staying Counts,CAP3,Weekday2_Evening,Weekday,Evening,20180727,1622,1632,,Sun-Shaded,82,UD4H,24,1,1,1,,,1,,,,,,,,,,,,,1,,,1,,,,,,,,,,,,1,,,1,,,,,,,
"5,000",2018 People Staying Counts,CAP3,Weekend_Midday,Weekend,Midday,20180728,1232,1242,,Sun-Shaded,70,UD4H,1,1,1,1,,,1,,,,,,,,,,,1,,,1,,,,,,,,,,,,,,,,,1,,,,,,,
"5,001",2018 People Staying Counts,CAP3,Weekend_Midday,Weekend,Midday,20180728,1232,1242,,Sun-Shaded,70,UD4H,2,1,1,1,,,1,,,,,,,,,,,,1,,,,1,,,,,,,,,,,,,,,1,,,,,,,
"5,002",2018 People Staying Counts,CAP3,Weekend_Midday,Weekend,Midday,20180728,1232,1242,,Sun-Shaded,70,UD4H,3,1,2,1,,,1,,,,,,,,,,1,,,,,1,,,,,,,,,,,1,,,,,1,,,,,,,
"5,003",2018 People Staying Counts,CAP3,Weekend_Midday,Weekend,Midday,20180728,1232,1242,,Sun-Shaded,70,UD4H,4,1,2,1,,,1,,,,,,,,,,,,,1,,1,,,,,,,,,,,1,,,,,1,,,,,,,
"5,004",2018 People Staying Counts,CAP3,Weekend_Midday,Weekend,Midday,20180728,1232,1242,,Sun-Shaded,70,UD4H,5,1,1,,1,,1,,,,,,,,,,1,,,,1,,,,,,,,,,,,,,,,,1,,,,,,,
"5,005",2018 People Staying Counts,CAP3,Weekend_Midday,Weekend,Midday,20180728,1232,1242,,Sun-Shaded,70,UD4H,6,1,1,,1,,,1,,,,,,,,,1,,,,,,1,,,,,,,,,,,,1,,,1,,,,,,,
"5,006",2018 People Staying Counts,CAP3,Weekend_Midday,Weekend,Midday,20180728,1232,1242,,Sun-Shaded,70,UD4H,7,1,1,,1,,1,,,,,,,,,,,,1,,,1,,,,,,,,,,,,,1,,,1,,1,,,,,
"5,007",2018 People Staying Counts,CAP3,Weekend_Midday,Weekend,Midday,20180728,1232,1242,,Sun-Shaded,70,UD4H,8,1,1,1,,,1,,,,,,,,,,,,1,,1,,,,,,,,,,,1,,,,,,1,,,,,,,
"5,008",2018 People Staying Counts,CAP3,Weekend_Midday,Weekend,Midday,20180728,1232,1242,,Sun-Shaded,70,UD4H,9,1,2,,1,,1,,,,,,,,,,,1,,,1,,,,,,,,,,,,1,,,,,1,,,,,,,
"5,009",2018 People Staying Counts,CAP3,Weekend_Midday,Weekend,Midday,20180728,1232,1242,,Sun-Shaded,70,UD4H,10,1,2,1,,,1,,,,,,,,,,,1,,,1,,,,,,,,,,,,1,,,,,1,,,,,,,
"5,010",2018 People Staying Counts,CAP3,Weekend_Midday,Weekend,Midday,20180728,1232,1242,,Sun-Shaded,70,UD4H,11,1,1,,1,,1,,,,,,,,,,,1,,,1,,,,,,,,,,,,,,1,,,1,,,,,,,
"5,011",2018 People Staying Counts,CAP3,Weekend_Midday,Weekend,Midday,20180728,1232,1242,,Sun-Shaded,70,UD4H,12,1,2,1,,,1,,,,,,,,,,,1,,,1,,,,,,,,,,,,1,,1,,,,,1,,,,,
"5,012",2018 People Staying Counts,CAP3,Weekend_Midday,Weekend,Midday,20180728,1232,1242,,Sun-Shaded,70,UD4H,13,1,2,1,,,1,,,,,,,,,,,1,,,1,,,,,,,,,,,,1,,1,,,,,1,,,,,
"5,013",2018 People Staying Counts,CAP3,Weekend_Midday,Weekend,Midday,20180728,1232,1242,,Sun-Shaded,70,UD4H,14,1,1,,1,,,,,1,,,,,,,,1,,,1,,,,,,,,,,,1,,,1,,,1,,,,,,,
"5,014",2018 People Staying Counts,CAP3,Weekend_Midday,Weekend,Midday,20180728,1232,1242,,Sun-Shaded,70,UD4H,15,1,1,1,,,1,,,,,,,,,,,1,,,1,,,,,,,,,,,,,,1,,,1,,,,,,,
"5,015",2018 People Staying Counts,CAP3,Weekend_Evening,Weekend,Evening,20180728,1621,1631,,Sun-Exposed,79,UD4H,1,1,1,1,,,,1,,,,,,,,,,1,,,,1,,,,,,,,,,,,,1,,,1,,,,,,,
"5,016",2018 People Staying Counts,CAP3,Weekend_Evening,Weekend,Evening,20180728,1621,1631,,Sun-Exposed,79,UD4H,2,1,1,,1,,1,,,,,,,,,,,,1,,,1,,,,,,,,,,,,,1,,,1,,,,,,,
"5,017",2018 People Staying Counts,CAP3,Weekend_Evening,Weekend,Evening,20180728,1621,1631,,Sun-Exposed,79,UD4H,3,1,1,1,,,1,,,,,,,,,,,,1,,,,1,,,,,,,,,,,,,,,1,,,,,,,
"5,018",2018 People Staying Counts,CAP3,Weekend_Evening,Weekend,Evening,20180728,1621,1631,,Sun-Exposed,79,UD4H,4,1,1,1,,,1,,,,,,,,,,,1,,,1,,,,,,,,,,,,,,,,,1,,,,,,,
"5,019",2018 People Staying Counts,CAP3,Weekend_Evening,Weekend,Evening,20180728,1621,1631,,Sun-Exposed,79,UD4H,5,1,1,1,,,1,,,,,,,,,,,,1,,1,,,,,,,,,,,,,,1,,,1,,,,,,,
"5,020",2018 People Staying Counts,CAP3,Weekend_Evening,Weekend,Evening,20180728,1621,1631,,Sun-Exposed,79,UD4H,6,1,2,,1,,1,,,,,,,,,,,1,,,1,,,,,,,,,,,,1,,,,,1,,,,,,,
"5,021",2018 People Staying Counts,CAP3,Weekend_Evening,Weekend,Evening,20180728,1621,1631,,Sun-Exposed,79,UD4H,7,1,2,1,,,1,,,,,,,,,,,1,,,1,,,,,,,,,,,,1,,,,,1,,,,,,,
"5,022",2018 People Staying Counts,CAP3,Weekend_Evening,Weekend,Evening,20180728,1621,1631,,Sun-Exposed,79,UD4H,8,1,1,,1,,1,,,,,,,,,,,,1,,1,,,,,,,,,,,,,,,,1,1,,,,,,,
"5,023",2018 People Staying Counts,CAP3,Weekend_Evening,Weekend,Evening,20180728,1621,1631,,Sun-Exposed,79,UD4H,9,1,1,1,,,1,,,,,,,,,,,1,,,1,,,,,,,,,,,,,,1,,,1,,,,,,,
"5,024",2018 People Staying Counts,CAP3,Weekend_Evening,Weekend,Evening,20180728,1621,1631,,Sun-Exposed,79,UD4H,10,1,1,,1,,1,,,,,,,,,,,1,,,,1,,,,,,,,,,,,,1,,,1,,,,,,,
"5,025",2018 People Staying Counts,CAP3,Weekend_Evening,Weekend,Evening,20180728,1621,1631,,Sun-Exposed,79,UD4H,11,1,1,1,,,1,,,,,,,,,,1,,,,,,1,,,,,,,,,1,,,1,,,1,,,,,,,
"5,026",2018 People Staying Counts,CAP3,Weekend_Evening,Weekend,Evening,20180728,1621,1631,,Sun-Exposed,79,UD4H,12,1,1,1,,,1,,,,,,,,,,,1,,,,1,,,,,,,,,,1,,,,,,1,,,,,,,
"5,027",2018 People Staying Counts,CAP3,Weekend_Evening,Weekend,Evening,20180728,1621,1631,,Sun-Exposed,79,UD4H,13,1,1,1,,,,,,1,,,,,,,,,,1,,,1,,,,,,,,,,,,,,,1,,,,,,,
"5,028",2018 People Staying Counts,PIO1,Weekend_Midday,Weekend,Midday,20180714,1227,1237,,Sun-Shaded,74,UD4H,1,1,1,1,,,1,,,,,,,,,,,,1,,,,,,,1,,,,,,,,,,,,,,,,,1,,
"5,029",2018 People Staying Counts,PIO1,Weekend_Midday,Weekend,Midday,20180714,1227,1237,,Sun-Shaded,74,UD4H,2,1,1,1,,,1,,,,,,,,,,,,1,,,,,,,,1,,,,,,,,,,,,,,,,1,,
"5,030",2018 People Staying Counts,PIO1,Weekend_Midday,Weekend,Midday,20180714,1227,1237,,Sun-Shaded,74,UD4H,3,1,1,1,,,,,,,,,1,,,,,1,,,,,,,,,1,,,,,,,,,,,,,,,,1,,
"5,031",2018 People Staying Counts,PIO1,Weekend_Midday,Weekend,Midday,20180714,1227,1237,,Sun-Shaded,74,UD4H,4,1,1,,,1,,,,,,,,1,,,,,1,,,,,,,,1,,,,,,,,,,,,,,,,1,,
"5,032",2018 People Staying Counts,PIO1,Weekend_Midday,Weekend,Midday,20180714,1227,1237,,Sun-Shaded,74,UD4H,5,1,1,,,1,,1,,,,,,,,,,,1,,,,,,,,1,,,,,,,,,,,,,,,,1,,
"5,033",2018 People Staying Counts,PIO1,Weekend_Midday,Weekend,Midday,20180714,1227,1237,,Sun-Shaded,74,UD4H,6,1,1,1,,,,1,,,,,,,,,,,1,,,,,,1,,,,,,,,,,,,1,,,,,,,,
"5,034",2018 People Staying Counts,PIO1,Weekend_Midday,Weekend,Midday,20180714,1227,1237,,Sun-Shaded,74,UD4H,7,1,1,1,,,1,,,,,,,,,,,1,,,,,,,,,1,,,,,,,,,,,,,,,,1,,
"5,035",2018 People Staying Counts,PIO1,Weekend_Midday,Weekend,Midday,20180714,1227,1237,,Sun-Shaded,74,UD4H,8,1,1,1,,,,,,,,,,1,,,,1,,,,,,,,1,,,,,,,,,,,,,,,,,1,,
"5,036",2018 People Staying Counts,PIO1,Weekend_Evening,Weekend,Evening,20180714,1632,1642,,Sun-Shaded,80,UD4H,1,1,1,1,,,1,,,,,,,,,,,1,,,,,,,,,1,,,,,1,1,,,,,,,,,,1,,
"5,037",2018 People Staying Counts,PIO1,Weekend_Evening,Weekend,Evening,20180714,1632,1642,,Sun-Shaded,80,UD4H,2,1,1,,1,,,1,,,,,,,,,,,1,,,,,,1,,,1,,,,1,1,,,,,,,,,,,,
"5,038",2018 People Staying Counts,PIO1,Weekend_Evening,Weekend,Evening,20180714,1632,1642,,Sun-Shaded,80,UD4H,3,1,1,1,,,1,,,,,,,,,,,,1,,,,,,,1,,,,,,,,,,,,,,,,,1,,
"5,039",2018 People Staying Counts,PIO1,Weekend_Evening,Weekend,Evening,20180714,1632,1642,,Sun-Shaded,80,UD4H,4,1,1,1,,,,,,,,,,1,,,,1,,,,,,,,,1,,,,,,,,,,,,,,,,1,,
"5,040",2018 People Staying Counts,PIO1,Weekend_Evening,Weekend,Evening,20180714,1632,1642,,Sun-Shaded,80,UD4H,5,1,1,1,,,,,,,,,,1,,,,1,,,,,,,,,1,,,,,,,,,,,,,,,,1,,
"5,041",2018 People Staying Counts,PIO1,Weekend_Evening,Weekend,Evening,20180714,1632,1642,,Sun-Shaded,80,UD4H,6,1,2,1,,,,1,,,,,,,,,,,1,,,,,,,1,,,,,,,1,,,,,,,,,,1,,
"5,042",2018 People Staying Counts,PIO1,Weekend_Evening,Weekend,Evening,20180714,1632,1642,,Sun-Shaded,80,UD4H,7,1,2,1,,,,1,,,,,,,,,,,1,,,,,,,1,,,,,,,1,,,,,,,,,,1,,
"5,043",2018 People Staying Counts,PIO1,Weekend_Evening,Weekend,Evening,20180714,1632,1642,,Sun-Shaded,80,UD4H,8,1,1,1,,,1,,,,,,,,,,,,1,,,,,,,1,,,,,,,,,,,,,,1,,,1,,
"5,044",2018 People Staying Counts,PIO1,Weekend_Evening,Weekend,Evening,20180714,1632,1642,,Sun-Shaded,80,UD4H,9,1,1,1,,,,,,,,,,1,,,,1,,,,,,,,,1,,,,,,,,,,,,,1,,,1,,
"5,045",2018 People Staying Counts,PIO1,Weekend_Evening,Weekend,Evening,20180714,1632,1642,,Sun-Shaded,80,UD4H,10,1,1,1,,,1,,,,,,,,,,,1,,,1,,,,,,,,,,,,1,,,,,,,1,,,1,,
"5,046",2018 People Staying Counts,PIO1,Weekend_Evening,Weekend,Evening,20180714,1632,1642,,Sun-Shaded,80,UD4H,11,1,1,1,,,,1,,,,,,,,,,,1,,,,,,,1,,,,,,,,,,,1,,,,,,1,,
"5,047",2018 People Staying Counts,PIO1,Weekend_Evening,Weekend,Evening,20180714,1632,1642,,Sun-Shaded,80,UD4H,12,1,1,1,,,,,,,,,1,,,,,1,,,,,,,,,1,,,,,,,,,,1,,,,,,,,
"5,048",2018 People Staying Counts,PIO1,Weekend_Evening,Weekend,Evening,20180714,1632,1642,,Sun-Shaded,80,UD4H,13,1,1,1,,,,,,,,,,1,,,,,1,,,,,,,,1,,,,,,,,,,,,,,,,1,,
"5,049",2018 People Staying Counts,PIO1,Weekend_Evening,Weekend,Evening,20180714,1632,1642,,Sun-Shaded,80,UD4H,14,1,1,1,,,,1,,,,,,,,,,1,,,1,,,,,,,,,,,,,,,,1,,,,,,1,,
"5,050",2018 People Staying Counts,PIO1,Weekend_Evening,Weekend,Evening,20180714,1632,1642,,Sun-Shaded,80,UD4H,15,1,1,1,,,1,,,,,,,,,,,,1,,,,,,,1,,,,,,,,,,,,,,,,,1,,
"5,051",2018 People Staying Counts,PIO1,Weekend_Evening,Weekend,Evening,20180714,1632,1642,,Sun-Shaded,80,UD4H,16,1,1,1,,,,1,,,,,,,,,,1,,,,,,,,,1,,,,,,,,,,,,,,,,1,,
"5,052",2018 People Staying Counts,PIO1,Weekend_Evening,Weekend,Evening,20180714,1632,1642,,Sun-Shaded,80,UD4H,17,1,1,1,,,1,,,,,,,,,,,,1,,,,,,,,1,,,,,,,,,,,,,,,,1,,
"5,053",2018 People Staying Counts,PIO1,Weekend_Evening,Weekend,Evening,20180714,1632,1642,,Sun-Shaded,80,UD4H,18,1,1,1,,,1,,,,,,,,,,,,1,,,,,,,,1,,,,,,,,,,,,,,,,1,,
"5,054",2018 People Staying Counts,PIO1,Weekend_Evening,Weekend,Evening,20180714,1632,1642,,Sun-Shaded,80,UD4H,19,1,3,1,,,,1,,,,,,,,,,1,,,,,,,,1,,,,,,,1,,1,,,,,,,,,,
"5,055",2018 People Staying Counts,PIO1,Weekend_Evening,Weekend,Evening,20180714,1632,1642,,Sun-Shaded,80,UD4H,20,1,3,1,,,,1,,,,,,,,,,,1,,,,,,,1,,,,,,,1,,,,,,,,,,,,
"5,056",2018 People Staying Counts,PIO1,Weekend_Evening,Weekend,Evening,20180714,1632,1642,,Sun-Shaded,80,UD4H,21,1,3,1,,,,1,,,,,,,,,,,1,,,,,,,1,,,,,,,1,,,,,,,,,,,,
"5,057",2018 People Staying Counts,PIO1,Weekend_Evening,Weekend,Evening,20180714,1632,1642,,Sun-Shaded,80,UD4H,22,1,1,1,,,1,,,,,,,,,,,,,1,1,,,,,,,,,,,,,,,,,,,1,,,,,
"5,058",2018 People Staying Counts,PIO1,Weekday1_Morning,Weekday,Morning,20180716,0903,0913,,Sun-Shaded,75,UD4H,1,1,1,,1,,1,,,,,,,,,,,1,,,,,,,,,1,,,,,,,,,,,,,,,,1,,
"5,059",2018 People Staying Counts,PIO1,Weekday1_Morning,Weekday,Morning,20180716,0903,0913,,Sun-Shaded,75,UD4H,2,1,2,1,,,1,,,,,,,,,,,,1,,1,,,,,,,,,,,,1,,,,,,,,,,,,
"5,060",2018 People Staying Counts,PIO1,Weekday1_Morning,Weekday,Morning,20180716,0903,0913,,Sun-Shaded,75,UD4H,3,1,2,1,,,1,,,,,,,,,,,,1,,1,,,,,,,,,,,,1,,,,,,,,,,,,
"5,061",2018 People Staying Counts,PIO1,Weekday1_Morning,Weekday,Morning,20180716,0903,0913,,Sun-Shaded,75,UD4H,4,1,1,1,,,,,,,,,,1,,,,1,,,,,,,,1,,,,,,,,,,,,,,,,,1,,
"5,062",2018 People Staying Counts,PIO1,Weekday1_Morning,Weekday,Morning,20180716,0903,0913,,Sun-Shaded,75,UD4H,5,1,1,1,,,1,,,,,,,,,,,,1,,,,,,,,1,,,,,,,,,,,,,,,,1,,
"5,063",2018 People Staying Counts,PIO1,Weekday1_Morning,Weekday,Morning,20180716,0903,0913,,Sun-Shaded,75,UD4H,6,1,2,,1,,,1,,,,,,,,,,1,,,,,,,,,1,,,,,,,,,,,,,,,,1,,
"5,064",2018 People Staying Counts,PIO1,Weekday1_Morning,Weekday,Morning,20180716,0903,0913,,Sun-Shaded,75,UD4H,7,1,2,1,,,,1,,,,,,,,,,,1,,,,,,,,1,,,,,,,,,,,,,,,,1,,
"5,065",2018 People Staying Counts,PIO1,Weekday1_Morning,Weekday,Morning,20180716,0903,0913,,Sun-Shaded,75,UD4H,8,1,2,,,1,,,,,,,,1,,,,1,,,,,,,,,1,,,,,,,,,,,,,,,,1,,
"5,066",2018 People Staying Counts,PIO1,Weekday1_Morning,Weekday,Morning,20180716,0903,0913,,Sun-Shaded,75,UD4H,9,1,2,,,1,,,,,,,,1,,,,1,,,,,,,,,1,,,,,,,,,,,,,,,,1,,
"5,067",2018 People Staying Counts,PIO1,Weekday1_Morning,Weekday,Morning,20180716,0903,0913,,Sun-Shaded,75,UD4H,10,1,4,1,,,1,,,,,,,,,,,,1,,,,,,,1,,,,,,,1,,,,,,,,,,1,,
"5,068",2018 People Staying Counts,PIO1,Weekday1_Morning,Weekday,Morning,20180716,0903,0913,,Sun-Shaded,75,UD4H,11,1,4,1,,,1,,,,,,,,,,,,1,,,,,,,1,,,,,,,,,,,,,,,,,1,,
"5,069",2018 People Staying Counts,PIO1,Weekday1_Morning,Weekday,Morning,20180716,0903,0913,,Sun-Shaded,75,UD4H,12,1,4,1,,,,1,,,,,,,,,,,1,,,,,,,1,,,,,,1,1,,,,,,,1,,,1,,
"5,070",2018 People Staying Counts,PIO1,Weekday1_Morning,Weekday,Morning,20180716,0903,0913,,Sun-Shaded,75,UD4H,13,1,4,1,,,,1,,,,,,,,,,1,,,,,,,,1,,,,,,,1,,,,,,,,,,1,,
"5,071",2018 People Staying Counts,PIO1,Weekday1_Morning,Weekday,Morning,20180716,0903,0913,,Sun-Shaded,75,UD4H,14,1,1,1,,,,1,,,,,,,,,,,1,,,,,,,1,,,,,,,,,,,,,,,,,1,,
"5,072",2018 People Staying Counts,PIO1,Weekday1_Morning,Weekday,Morning,20180716,0903,0913,,Sun-Shaded,75,UD4H,15,1,1,1,,,1,,,,,,,,,,,,1,,,,,,,1,,,,,,,,,,,,,,,,,1,,
"5,073",2018 People Staying Counts,PIO1,Weekday1_Morning,Weekday,Morning,20180716,0903,0913,,Sun-Shaded,75,UD4H,16,1,1,1,,,1,,,,,,,,,,,,1,,,,,,,,1,,,,,,,,,,,,,,,,1,,
"5,074",2018 People Staying Counts,PIO1,Weekday1_Morning,Weekday,Morning,20180716,0903,0913,,Sun-Shaded,75,UD4H,17,1,1,,1,,,,,,,,1,,,,,1,,,1,,,,,,,,,,,,1,,,,,,,1,,,,,
"5,075",2018 People Staying Counts,PIO1,Weekday1_Morning,Weekday,Morning,20180716,0903,0913,,Sun-Shaded,75,UD4H,18,1,1,1,,,,,,1,,,,,,,,1,,,1,,,,,,,,1,,,,,,,,,,,,,,,,
"5,076",2018 People Staying Counts,PIO1,Weekday1_Morning,Weekday,Morning,20180716,0903,0913,,Sun-Shaded,75,UD4H,19,1,1,1,,,1,,,,,,,,,,,,1,,1,,,,,,,,,,,,,,,,,,,1,,,,,
"5,077",2018 People Staying Counts,PIO1,Weekday1_Midday,Weekday,Midday,20180716,1235,1245,,Sun-Shaded,77,UD4H,1,1,1,1,,,,1,,,,,,,,,,,1,,,,,,,1,,,,,,,,,,,,,,,,,1,,
"5,078",2018 People Staying Counts,PIO1,Weekday1_Midday,Weekday,Midday,20180716,1235,1245,,Sun-Shaded,77,UD4H,2,1,1,1,,,1,,,,,,,,,,,1,,,,,,,,1,,,,1,,,,1,,,,,,,,,1,,
"5,079",2018 People Staying Counts,PIO1,Weekday1_Midday,Weekday,Midday,20180716,1235,1245,,Sun-Shaded,77,UD4H,3,1,1,,1,,,,,,,,,1,,,,1,,,,,,,,1,,,,,,,,,,,,,,,,,1,,
"5,080",2018 People Staying Counts,PIO1,Weekday1_Midday,Weekday,Midday,20180716,1235,1245,,Sun-Shaded,77,UD4H,4,1,1,1,,,,,,,,,,1,,,,1,,,,,,,,1,,,,,,,,,,,,,,,,,1,,
"5,081",2018 People Staying Counts,PIO1,Weekday1_Midday,Weekday,Midday,20180716,1235,1245,,Sun-Shaded,77,UD4H,5,1,1,,1,,,1,,,,,,,,,,1,,,,,,,,,1,,,,,,,,,,,,,,,,1,,
"5,082",2018 People Staying Counts,PIO1,Weekday1_Midday,Weekday,Midday,20180716,1235,1245,,Sun-Shaded,77,UD4H,6,1,1,1,,,1,,,,,,,,,,,1,,,,,,,,1,,,,,,1,,,,,,,,,,,1,,
"5,083",2018 People Staying Counts,PIO1,Weekday1_Midday,Weekday,Midday,20180716,1235,1245,,Sun-Shaded,77,UD4H,7,1,1,1,,,,1,,,,,,,,,,,1,,,,,,,1,,,,,,1,,,,,1,,,,,,,,
"5,084",2018 People Staying Counts,PIO1,Weekday1_Midday,Weekday,Midday,20180716,1235,1245,,Sun-Shaded,77,UD4H,8,1,1,1,,,,1,,,,,,,,,,1,,,1,,,,,,,1,,,,,,,,,,,,,,,1,,
"5,085",2018 People Staying Counts,PIO1,Weekday1_Midday,Weekday,Midday,20180716,1235,1245,,Sun-Shaded,77,UD4H,9,1,1,1,,,1,,,,,,,,,,,,1,,,,,,,1,,,,,,,,,,,,,,,,,1,,
"5,086",2018 People Staying Counts,PIO1,Weekday1_Midday,Weekday,Midday,20180716,1235,1245,,Sun-Shaded,77,UD4H,10,1,1,,,1,,1,,,,,,,,,,1,,,,,,,,1,,,,,,,,,,,,,,,,,1,,
"5,087",2018 People Staying Counts,PIO1,Weekday1_Evening,Weekday,Evening,20180716,1647,1657,,Sun-Shaded,86,UD4H,1,1,2,1,,,1,,,,,,,,,,,1,,,,,,,,,1,,,,,,1,,,,,,,,,,1,,
"5,088",2018 People Staying Counts,PIO1,Weekday1_Evening,Weekday,Evening,20180716,1647,1657,,Sun-Shaded,86,UD4H,2,1,2,1,,,1,,,,,,,,,,,1,,,,,,,,1,,1,,,,,1,,,,,,,,,,1,,
"5,089",2018 People Staying Counts,PIO1,Weekday1_Evening,Weekday,Evening,20180716,1647,1657,,Sun-Shaded,86,UD4H,3,1,1,,1,,1,,,,,,,,,,,1,,,,,,,,,1,,,,,,,,,,,,,,,,1,,
"5,090",2018 People Staying Counts,PIO1,Weekday1_Evening,Weekday,Evening,20180716,1647,1657,,Sun-Shaded,86,UD4H,4,1,1,1,,,1,,,,,,,,,,,1,,,,,,,,,1,,,,,,,,,,,,,,,,1,,
"5,091",2018 People Staying Counts,PIO1,Weekday1_Evening,Weekday,Evening,20180716,1647,1657,,Sun-Shaded,86,UD4H,5,1,3,1,,,1,,,,,,,,,,,,1,,,,,,,1,,,,,,,1,,,,,,,1,,,1,,
"5,092",2018 People Staying Counts,PIO1,Weekday1_Evening,Weekday,Evening,20180716,1647,1657,,Sun-Shaded,86,UD4H,6,1,3,1,,,1,,,,,,,,,,,1,,,,,,,,1,,,,,,,1,,,,,,,1,,,1,,
"5,093",2018 People Staying Counts,PIO1,Weekday1_Evening,Weekday,Evening,20180716,1647,1657,,Sun-Shaded,86,UD4H,7,1,3,1,,,1,,,,,,,,,,,,1,,,,,,,,1,,,,,,1,,,,,,,1,,,1,,
"5,094",2018 People Staying Counts,PIO1,Weekday1_Evening,Weekday,Evening,20180716,1647,1657,,Sun-Shaded,86,UD4H,8,1,10,,1,,,1,,,,,,,,,,1,,,1,,,,,,,,,,,,1,,,,,,,1,,,,,
"5,095",2018 People Staying Counts,PIO1,Weekday1_Evening,Weekday,Evening,20180716,1647,1657,,Sun-Shaded,86,UD4H,9,1,10,1,,,,1,,,,,,,,,,,1,,,,,,,1,,,,,,,1,,,,,,,,,,,,
"5,096",2018 People Staying Counts,PIO1,Weekday1_Evening,Weekday,Evening,20180716,1647,1657,,Sun-Shaded,86,UD4H,10,1,10,1,,,,1,,,,,,,,,,,1,,1,,,,,,,,,,,,1,,,,,,,,,,,,
"5,097",2018 People Staying Counts,PIO1,Weekday1_Evening,Weekday,Evening,20180716,1647,1657,,Sun-Shaded,86,UD4H,11,1,10,1,,,,1,,,,,,,,,,,1,,,,,,,1,,,,,,,,,,,1,,,,,,,,
"5,098",2018 People Staying Counts,PIO1,Weekday1_Evening,Weekday,Evening,20180716,1647,1657,,Sun-Shaded,86,UD4H,12,1,10,1,,,,1,,,,,,,,,,,1,,,,,,,1,,,,,,,1,,,,,,,,,,,,
"5,099",2018 People Staying Counts,PIO1,Weekday1_Evening,Weekday,Evening,20180716,1647,1657,,Sun-Shaded,86,UD4H,13,1,10,1,,,,1,,,,,,,,,,,1,,1,,,,,,,,,,,,1,,,,,,,,,,,,
"5,100",2018 People Staying Counts,PIO1,Weekday1_Evening,Weekday,Evening,20180716,1647,1657,,Sun-Shaded,86,UD4H,14,1,10,1,,,,1,,,,,,,,,,,1,,,,,,,1,,,,,,,1,,,,,,,,,,,,
"5,101",2018 People Staying Counts,PIO1,Weekday1_Evening,Weekday,Evening,20180716,1647,1657,,Sun-Shaded,86,UD4H,15,1,10,1,,,,1,,,,,,,,,,1,,,1,,,,,,,,,,,,1,,,,,,,1,,,,,
"5,102",2018 People Staying Counts,PIO1,Weekday1_Evening,Weekday,Evening,20180716,1647,1657,,Sun-Shaded,86,UD4H,16,1,10,1,,,,1,,,,,,,,,,,,1,,,,,,1,,,,,,,1,,,,,,,,,,,,
"5,103",2018 People Staying Counts,PIO1,Weekday1_Evening,Weekday,Evening,20180716,1647,1657,,Sun-Shaded,86,UD4H,17,1,10,1,,,,1,,,,,,,,,,,1,,,,,,,1,,,,,,,1,,,,,,,,1,,,,
"5,104",2018 People Staying Counts,PIO1,Weekday1_Evening,Weekday,Evening,20180716,1647,1657,,Sun-Shaded,86,UD4H,18,1,1,1,,,,1,,,,,,,,,,,1,,,,,,,1,,,,,,,1,,,,,,,,,,,,
"5,105",2018 People Staying Counts,PIO1,Weekday1_Evening,Weekday,Evening,20180716,1647,1657,,Sun-Shaded,86,UD4H,19,1,1,1,,,1,,,,,,,,,,,1,,,,,,,,,1,,,,,,,,,,,,,,,,1,,
"5,106",2018 People Staying Counts,PIO1,Weekday2_Morning,Weekday,Morning,20180717,0908,0918,,Sun-Exposed,69,UD4H,1,1,1,1,,,,1,,,,,,,,,,1,,,1,,,,,,,,,,,,,,,,,,,,,,1,,
"5,107",2018 People Staying Counts,PIO1,Weekday2_Morning,Weekday,Morning,20180717,0908,0918,,Sun-Exposed,69,UD4H,2,1,3,,1,,1,,,,,,,,,,,1,,,,,,,,1,,,,,,,1,,,,,,,,,,1,,
"5,108",2018 People Staying Counts,PIO1,Weekday2_Morning,Weekday,Morning,20180717,0908,0918,,Sun-Exposed,69,UD4H,3,1,3,1,,,,,,,,,,1,,,,,1,,1,,,,,,,,,,,,1,,,,,,,,,,1,,
"5,109",2018 People Staying Counts,PIO1,Weekday2_Morning,Weekday,Morning,20180717,0908,0918,,Sun-Exposed,69,UD4H,4,1,3,1,,,1,,,,,,,,,,,,1,,,,,,,,1,,,,,,1,,,,,,,,,,1,,
"5,110",2018 People Staying Counts,PIO1,Weekday2_Morning,Weekday,Morning,20180717,0908,0918,,Sun-Exposed,69,UD4H,5,1,1,1,,,1,,,,,,,,,,,1,,,,,,,,,1,,,,,,,,,,,,,,,,1,,
"5,111",2018 People Staying Counts,PIO1,Weekday2_Morning,Weekday,Morning,20180717,0908,0918,,Sun-Exposed,69,UD4H,6,1,3,1,,,1,,,,,,,,,,,,1,,1,,,,,,,,,,,,1,,,,,,,1,,,1,,
"5,112",2018 People Staying Counts,PIO1,Weekday2_Morning,Weekday,Morning,20180717,0908,0918,,Sun-Exposed,69,UD4H,7,1,3,1,,,1,,,,,,,,,,,,1,,,,,,,1,,,,,,,1,,,,,,,,,,1,,
"5,113",2018 People Staying Counts,PIO1,Weekday2_Morning,Weekday,Morning,20180717,0908,0918,,Sun-Exposed,69,UD4H,8,1,3,1,,,1,,,,,,,,,,,1,,,,,,,,1,,,,,,,1,,,,,,,,,,1,,
"5,114",2018 People Staying Counts,PIO1,Weekday2_Morning,Weekday,Morning,20180717,0908,0918,,Sun-Exposed,69,UD4H,9,1,1,1,,,1,,,,,,,,,,,,,1,,,,,,,1,,,,,,,,,,,,,,,,1,,
"5,115",2018 People Staying Counts,PIO1,Weekday2_Morning,Weekday,Morning,20180717,0908,0918,,Sun-Exposed,69,UD4H,10,1,1,,1,,1,,,,,,,,,,,1,,,,,,,,,1,,,,,,,,,,,,1,,,,1,,
"5,116",2018 People Staying Counts,PIO1,Weekday2_Morning,Weekday,Morning,20180717,0908,0918,,Sun-Exposed,69,UD4H,11,1,1,1,,,,1,,,,,,,,,,1,,,,,,,,,1,,,,,,,,,,,,,,,,1,,
"5,117",2018 People Staying Counts,PIO1,Weekday2_Morning,Weekday,Morning,20180717,0908,0918,,Sun-Exposed,69,UD4H,12,1,1,1,,,,1,,,,,,,,,,1,,,1,,,,,,,,,,,,,,,,,,,,,,1,,
"5,118",2018 People Staying Counts,PIO1,Weekday2_Midday,Weekday,Midday,20180717,1233,1243,,Sun-Exposed,76,UD4H,1,1,1,1,,,,1,,,,,,,,,,,1,,,,,,,1,,,,,,,,,,,,,,1,,,1,,
"5,119",2018 People Staying Counts,PIO1,Weekday2_Midday,Weekday,Midday,20180717,1233,1243,,Sun-Exposed,76,UD4H,2,1,1,1,,,1,,,,,,,,,,,,1,,,,,,,1,,,,,,,,,,,,,,,,,1,,
"5,120",2018 People Staying Counts,PIO1,Weekday2_Midday,Weekday,Midday,20180717,1233,1243,,Sun-Exposed,76,UD4H,3,1,1,1,,,1,,,,,,,,,,,,1,,1,,,,,,,,,,,,,,,,,,,,,,1,,
"5,121",2018 People Staying Counts,PIO1,Weekday2_Midday,Weekday,Midday,20180717,1233,1243,,Sun-Exposed,76,UD4H,4,1,1,1,,,1,,,,,,,,,,,,1,,,,,,,1,,,,,,,,,,,,,,,,,1,,
"5,122",2018 People Staying Counts,PIO1,Weekday2_Midday,Weekday,Midday,20180717,1233,1243,,Sun-Exposed,76,UD4H,5,1,1,1,,,1,,,,,,,,,,,1,,,,,,,,,1,,,,,,,,,,,,,,,,1,,
"5,123",2018 People Staying Counts,PIO1,Weekday2_Midday,Weekday,Midday,20180717,1233,1243,,Sun-Exposed,76,UD4H,6,1,1,1,,,,1,,,,,,,,,,1,,,,,,,,,1,,,,,,,,,,,,,,,,1,,
"5,124",2018 People Staying Counts,PIO1,Weekday2_Midday,Weekday,Midday,20180717,1233,1243,,Sun-Exposed,76,UD4H,7,1,5,1,,,1,,,,,,,,,,,,1,,,,,,,1,,,,,,,1,,,,,,,,,,1,,
"5,125",2018 People Staying Counts,PIO1,Weekday2_Midday,Weekday,Midday,20180717,1233,1243,,Sun-Exposed,76,UD4H,8,1,5,1,,,,1,,,,,,,,,,1,,,,,,,,1,,,,,,,1,,1,,,,,,,,,,
"5,126",2018 People Staying Counts,PIO1,Weekday2_Midday,Weekday,Midday,20180717,1233,1243,,Sun-Exposed,76,UD4H,9,1,5,1,,,,1,,,,,,,,,,1,,,,,,,,1,,,,,,,1,,1,,,,,,,,,,
"5,127",2018 People Staying Counts,PIO1,Weekday2_Midday,Weekday,Midday,20180717,1233,1243,,Sun-Exposed,76,UD4H,10,1,5,1,,,,1,,,,,,,,,,,1,,,,,,,1,,,,,,,1,,,,,,,,,,,,
"5,128",2018 People Staying Counts,PIO1,Weekday2_Midday,Weekday,Midday,20180717,1233,1243,,Sun-Exposed,76,UD4H,11,1,5,1,,,,1,,,,,,,,,,,1,,,,,,,1,,,,,,,1,,,,,,,1,,,,,
"5,129",2018 People Staying Counts,PIO1,Weekday2_Midday,Weekday,Midday,20180717,1233,1243,,Sun-Exposed,76,UD4H,12,1,1,1,,,1,,,,,,,,,,,,1,,1,,,,,,,,,,,,,,,,,,,1,,,1,,
"5,130",2018 People Staying Counts,PIO1,Weekday2_Midday,Weekday,Midday,20180717,1233,1243,,Sun-Exposed,76,UD4H,13,1,1,,1,,,1,,,,,,,,,,1,,,1,,,,,,,,,,,,1,,,,1,,,,,,,,
"5,131",2018 People Staying Counts,PIO1,Weekday2_Midday,Weekday,Midday,20180717,1233,1243,,Sun-Exposed,76,UD4H,14,1,2,1,,,,1,,,,,,,,,,1,,,1,,,,,,,,,,,1,1,,,,,,,,,,,,
"5,132",2018 People Staying Counts,PIO1,Weekday2_Midday,Weekday,Midday,20180717,1233,1243,,Sun-Exposed,76,UD4H,15,1,2,,1,,,1,,,,,,,,,,1,,,1,,,,,,,,,,,,1,,,,,,,,,,,1,
"5,133",2018 People Staying Counts,PIO1,Weekday2_Evening,Weekday,Evening,20180717,1636,1646,,Sun-Shaded,83,UD4H,1,1,1,1,,,1,,,,,,,,,,,,1,,,,,,1,,,,,,,,,,,,,,,,,,1,,
"5,134",2018 People Staying Counts,PIO1,Weekday2_Evening,Weekday,Evening,20180717,1636,1646,,Sun-Shaded,83,UD4H,2,1,1,1,,,,1,,,,,,,,,,,1,,1,,,,,,,,,,,,,,,,,,,1,,,,,
"5,135",2018 People Staying Counts,PIO1,Weekday2_Evening,Weekday,Evening,20180717,1636,1646,,Sun-Shaded,83,UD4H,3,1,1,,1,,1,,,,,,,,,,,1,,,,,,,,,1,,,,,,,,,,,,,,,,1,,
"5,136",2018 People Staying Counts,PIO1,Weekday2_Evening,Weekday,Evening,20180717,1636,1646,,Sun-Shaded,83,UD4H,4,1,1,1,,,,1,,,,,,,,,,1,,,,,,,,,1,,,,,,,,,,,,,,,,1,,
"5,137",2018 People Staying Counts,PIO1,Weekday2_Evening,Weekday,Evening,20180717,1636,1646,,Sun-Shaded,83,UD4H,5,1,1,1,,,1,,,,,,,,,,,,1,,,,,,,,1,,,,,,,,1,,,,,,,,1,,
"5,138",2018 People Staying Counts,PIO1,Weekday2_Evening,Weekday,Evening,20180717,1636,1646,,Sun-Shaded,83,UD4H,6,1,1,1,,,,1,,,,,,,,,,1,,,,,,,,,1,,,,,,,,,,1,,,,,,,,
"5,139",2018 People Staying Counts,PIO1,Weekday2_Evening,Weekday,Evening,20180717,1636,1646,,Sun-Shaded,83,UD4H,7,1,3,,1,,1,,,,,,,,,,,1,,,,1,,,,,,,,,,,1,,,,,,,,,,,,
"5,140",2018 People Staying Counts,PIO1,Weekday2_Evening,Weekday,Evening,20180717,1636,1646,,Sun-Shaded,83,UD4H,8,1,3,1,,,,1,,,,,,,,,,1,,,,,,,,1,,,,,,,1,,,,,,,,,,,,
"5,141",2018 People Staying Counts,PIO1,Weekday2_Evening,Weekday,Evening,20180717,1636,1646,,Sun-Shaded,83,UD4H,9,1,3,1,,,,1,,,,,,,,,,1,,,,,,,,1,,,,,,,1,,,,,,,,,,,,
"5,142",2018 People Staying Counts,PIO1,Weekday2_Evening,Weekday,Evening,20180717,1636,1646,,Sun-Shaded,83,UD4H,10,1,1,,1,,1,,,,,,,,,,,1,,,,,,,,1,,,,,,,,,,,,,,,,,1,,
"5,143",2018 People Staying Counts,PIO1,Weekday2_Evening,Weekday,Evening,20180717,1636,1646,,Sun-Shaded,83,UD4H,11,1,2,,1,,,1,,,,,,,,,,1,,,1,,,,,,,,,,,,1,,,,,,,,,,,,
"5,144",2018 People Staying Counts,PIO1,Weekday2_Evening,Weekday,Evening,20180717,1636,1646,,Sun-Shaded,83,UD4H,12,1,2,1,,,,1,,,,,,,,,,,1,,1,,,,,,,,,,,,,,,,1,,,,,,,,
"5,145",2018 People Staying Counts,PIO1,Weekday2_Evening,Weekday,Evening,20180717,1636,1646,,Sun-Shaded,83,UD4H,13,1,1,1,,,1,,,,,,,,,,,,1,,1,,,,,,,,,,,,,,,,,,,1,,,1,,
"5,146",2018 People Staying Counts,PIO1,Weekday2_Evening,Weekday,Evening,20180717,1636,1646,,Sun-Shaded,83,UD4H,14,1,5,1,,,1,,,,,,,,,,,,1,,,,,,1,,,,,,,,1,,,,,,,,,,1,,
"5,147",2018 People Staying Counts,PIO1,Weekday2_Evening,Weekday,Evening,20180717,1636,1646,,Sun-Shaded,83,UD4H,15,1,5,1,,,,1,,,,,,,,,,,1,,,,,,1,,,,,,,,1,,,,,,,,,,1,,
"5,148",2018 People Staying Counts,PIO1,Weekday2_Evening,Weekday,Evening,20180717,1636,1646,,Sun-Shaded,83,UD4H,16,1,5,1,,,,1,,,,,,,,,1,,,,1,,,,,,,,,,,,1,,,,,,,,,,,,
"5,149",2018 People Staying Counts,PIO1,Weekday2_Evening,Weekday,Evening,20180717,1636,1646,,Sun-Shaded,83,UD4H,17,1,5,1,,,,1,,,,,,,,,,1,,,,,,,,1,,,,,,,1,,,,,,,,,,1,,
"5,150",2018 People Staying Counts,PIO1,Weekday2_Evening,Weekday,Evening,20180717,1636,1646,,Sun-Shaded,83,UD4H,18,1,5,1,,,,1,,,,,,,,,,1,,,,,,,1,,,,,,,,1,,,,,,,,,,1,,
"5,151",2018 People Staying Counts,PIO1,Weekday2_Evening,Weekday,Evening,20180717,1636,1646,,Sun-Shaded,83,UD4H,19,1,4,1,,,,1,,,,,,,,,,1,,,1,,,,,,,,,,,,1,,,,,,,,,,,,
"5,152",2018 People Staying Counts,PIO1,Weekday2_Evening,Weekday,Evening,20180717,1636,1646,,Sun-Shaded,83,UD4H,20,1,4,1,,,,1,,,,,,,,,,1,,,,,,,,1,,,,,,,1,,,,,,,,,,,,
"5,153",2018 People Staying Counts,PIO1,Weekday2_Evening,Weekday,Evening,20180717,1636,1646,,Sun-Shaded,83,UD4H,21,1,4,1,,,,1,,,,,,,,,,1,,,,,,,,1,,,,,,,1,,,,,,,,,,,,
"5,154",2018 People Staying Counts,PIO1,Weekday2_Evening,Weekday,Evening,20180717,1636,1646,,Sun-Shaded,83,UD4H,22,1,4,1,,,,1,,,,,,,,,,1,,,,,,,,1,,,,,,,1,,,,,,,,,,,,
"5,155",2018 People Staying Counts,WES2,Weekday1_Morning,Weekday,Morning,20180830,0923,0933,,Heavy Clouds,63,UD4H,1,1,1,1,,,,,,,,1,,,,,,,1,,1,,,,,,,,,,,,,,,,,,1,,,,,,
"5,156",2018 People Staying Counts,WES2,Weekday1_Morning,Weekday,Morning,20180830,0923,0933,,Heavy Clouds,63,UD4H,2,1,1,,1,,1,,,,,,,,,,,,,1,1,,,,,,,,,,1,,,,,,,,,,,,,,
"5,157",2018 People Staying Counts,WES2,Weekday1_Midday,Weekday,Midday,20180830,1317,1327,,Heavy Clouds,67,UD4H,1,1,1,,1,,1,,,,,,,,,,,,,1,1,,,,,,,,,,1,,,,,,1,,,,,,,,
"5,158",2018 People Staying Counts,WES2,Weekday1_Midday,Weekday,Midday,20180830,1317,1327,,Heavy Clouds,67,UD4H,2,1,3,,1,,1,,,,,,,,,,,1,,,1,,,,,,,,,,1,,1,,,,,,,,,,,,
"5,159",2018 People Staying Counts,WES2,Weekday1_Midday,Weekday,Midday,20180830,1317,1327,,Heavy Clouds,67,UD4H,3,1,3,,1,,1,,,,,,,,,,,,,1,1,,,,,,,,,,1,,1,,,,,,,,,,,,
"5,160",2018 People Staying Counts,WES2,Weekday1_Midday,Weekday,Midday,20180830,1317,1327,,Heavy Clouds,67,UD4H,4,1,3,1,,,1,,,,,,,,,,,,,1,1,,,,,,,,,,1,,1,,,,,,,,,,,,
"5,161",2018 People Staying Counts,WES2,Weekday1_Midday,Weekday,Midday,20180830,1317,1327,,Heavy Clouds,67,UD4H,5,1,2,1,,,1,,,,,,,,,,,,,1,1,,,,,,,,,,1,,1,,,,,,,,,,,,
"5,162",2018 People Staying Counts,WES2,Weekday1_Midday,Weekday,Midday,20180830,1317,1327,,Heavy Clouds,67,UD4H,6,1,2,1,,,1,,,,,,,,,,,1,,,1,,,,,,,,,,1,,1,,,,,,,,,,,,
"5,163",2018 People Staying Counts,WES2,Weekday1_Evening,Weekday,Evening,20180830,1720,1730,,Light Clouds,72,UD4H,1,1,2,,1,,1,,,,,,,,,,,1,,,1,,,,,,,,,,,,1,,1,,,,,,,,,,
"5,164",2018 People Staying Counts,WES2,Weekday1_Evening,Weekday,Evening,20180830,1720,1730,,Light Clouds,72,UD4H,2,1,2,1,,,1,,,,,,,,,,,,,1,1,,,,,,,,,,,,1,,,,,,,,,,,,
"5,165",2018 People Staying Counts,WES2,Weekday1_Evening,Weekday,Evening,20180830,1720,1730,,Light Clouds,72,UD4H,3,1,1,,1,,1,,,,,,,,,,,,,1,1,,,,,,,,,,1,,,,,,,,,,,,,,
"5,166",2018 People Staying Counts,WES2,Weekday1_Evening,Weekday,Evening,20180830,1720,1730,,Light Clouds,72,UD4H,4,1,1,,1,,1,,,,,,,,,,,,1,,1,,,,,,,,,,,,,,1,,,,,,,,,,
"5,167",2018 People Staying Counts,WES2,Weekday1_Evening,Weekday,Evening,20180830,1720,1730,,Light Clouds,72,UD4H,5,1,1,,1,,1,,,,,,,,,,,,1,,1,,,,,,,,,,,,,,1,,,,,,,,,,
"5,168",2018 People Staying Counts,WES2,Weekday1_Evening,Weekday,Evening,20180830,1720,1730,,Light Clouds,72,UD4H,6,1,1,1,,,1,,,,,,,,,,,,1,,1,,,,,,,,,,1,,,,1,,,,,,,,,,
"5,169",2018 People Staying Counts,WES2,Weekday1_Evening,Weekday,Evening,20180830,1720,1730,,Light Clouds,72,UD4H,7,1,1,,1,,1,,,,,,,,,,,1,,,1,,,,,,,,,,1,,,,,,,,,,,,,,
"5,170",2018 People Staying Counts,WES2,Weekday1_Evening,Weekday,Evening,20180830,1720,1730,,Light Clouds,72,UD4H,8,1,1,,1,,1,,,,,,,,,,,,1,,1,,,,,,,,,,1,,,,,,,,,,,,,,
"5,171",2018 People Staying Counts,WES2,Weekday2_Morning,Weekday,Morning,20180831,0918,0928,,Sun-Shaded,59,UD4H,1,1,1,,1,,,,,1,,,,,,,,1,,,1,,,,,,,,,,,,,,,,1,,,,,,,,
"5,172",2018 People Staying Counts,WES2,Weekday2_Midday,Weekday,Midday,20180831,1315,1325,,Sun-Shaded,65,UD4H,1,1,1,1,,,,,,1,,,,,,,,,,1,1,,,,,,,,,,1,,,,,,,,,,,,,,
"5,173",2018 People Staying Counts,WES2,Weekday2_Midday,Weekday,Midday,20180831,1315,1325,,Sun-Shaded,65,UD4H,2,1,1,1,,,1,,,,,,,,,,,,,1,1,,,,,,,,,,1,,,,,,,,,,,,,,
"5,174",2018 People Staying Counts,WES2,Weekday2_Midday,Weekday,Midday,20180831,1315,1325,,Sun-Shaded,65,UD4H,3,1,2,1,,,,1,,,,,,,,,,1,,,1,,,,,,,,,,,,1,,,,,,,,,,,,
"5,175",2018 People Staying Counts,WES2,Weekday2_Midday,Weekday,Midday,20180831,1315,1325,,Sun-Shaded,65,UD4H,4,1,2,1,,,,1,,,,,,,,,,1,,,1,,,,,,,,,,,,1,,,,,,,,,,,,
"5,176",2018 People Staying Counts,WES2,Weekday2_Evening,Weekday,Evening,20180831,1728,1738,,Heavy Clouds,68,UD4H,1,1,2,,1,,1,,,,,,,,,,1,,,,,,1,,,,,,,1,,1,1,,,,,,,,,,,,
"5,177",2018 People Staying Counts,WES2,Weekday2_Evening,Weekday,Evening,20180831,1728,1738,,Heavy Clouds,68,UD4H,2,1,2,,1,,1,,,,,,,,,,1,,,,,,1,,,,,,,1,,1,1,,,,,,,,,,,,
"5,178",2018 People Staying Counts,WES2,Weekday2_Evening,Weekday,Evening,20180831,1728,1738,,Heavy Clouds,68,UD4H,3,1,2,,1,,1,,,,,,,,,,,,,1,1,,,,,,,1,,,1,,1,,,,,,,,,,,,
"5,179",2018 People Staying Counts,WES2,Weekday2_Evening,Weekday,Evening,20180831,1728,1738,,Heavy Clouds,68,UD4H,4,1,2,,1,,1,,,,,,,,,,,,,1,1,,,,,,,,,,1,,1,,,,,,,,,,,,
"5,180",2018 People Staying Counts,WES2,Weekday2_Evening,Weekday,Evening,20180831,1728,1738,,Heavy Clouds,68,UD4H,5,1,1,1,,,1,,,,,,,,,,1,,,,,,,,,1,,,,1,,1,,,1,,,1,,,,,,,
"5,181",2018 People Staying Counts,WES2,Weekday2_Evening,Weekday,Evening,20180831,1728,1738,,Heavy Clouds,68,UD4H,6,1,1,1,,,1,,,,,,,,,,,1,,,1,,,,,,,,1,,,,,,,,1,,,,,,,,
"5,182",2018 People Staying Counts,WES2,Weekday2_Evening,Weekday,Evening,20180831,1728,1738,,Heavy Clouds,68,UD4H,7,1,1,1,,,1,,,,,,,,,,,1,,,1,,,,,,,,1,,,,,,,,1,,,,,,,,
"5,183",2018 People Staying Counts,WES2,Weekday2_Evening,Weekday,Evening,20180831,1728,1738,,Heavy Clouds,68,UD4H,8,1,2,1,,,1,,,,,,,,,,,1,,,1,,,,,,,,,,,,1,,,,,,,,,,,,
"5,184",2018 People Staying Counts,WES2,Weekday2_Evening,Weekday,Evening,20180831,1728,1738,,Heavy Clouds,68,UD4H,9,1,2,,1,,1,,,,,,,,,,,1,,,1,,,,,,,,,,,,1,,1,,,,,,,,,,
"5,185",2018 People Staying Counts,WES2,Weekday2_Evening,Weekday,Evening,20180831,1728,1738,,Heavy Clouds,68,UD4H,10,1,3,1,,,1,,,,,,,,,,,1,,,1,,,,,,,,,1,,1,1,,,,1,,,,,,,,
"5,186",2018 People Staying Counts,WES2,Weekday2_Evening,Weekday,Evening,20180831,1728,1738,,Heavy Clouds,68,UD4H,11,1,3,1,,,1,,,,,,,,1,,,,,,1,,,,,,,,,,,,1,,,,1,,,,,,,,
"5,187",2018 People Staying Counts,WES2,Weekday2_Evening,Weekday,Evening,20180831,1728,1738,,Heavy Clouds,68,UD4H,12,1,3,,1,,1,,,,,,,,1,,,,,,1,,,,,,,,,,,,1,,,,1,,,,,,,,
"5,188",2018 People Staying Counts,WES2,Weekday2_Evening,Weekday,Evening,20180831,1728,1738,,Heavy Clouds,68,UD4H,13,1,2,1,,,1,,,,,,,,,,,1,,,1,,,,,,,,,,1,,1,,,,,,,,,,,,
"5,189",2018 People Staying Counts,WES2,Weekday2_Evening,Weekday,Evening,20180831,1728,1738,,Heavy Clouds,68,UD4H,14,1,2,,1,,1,,,,,,,,,,,1,,,1,,,,,,,,,,1,,1,,,,,,,,,,,,
"5,190",2018 People Staying Counts,WES2,Weekday2_Evening,Weekday,Evening,20180831,1728,1738,,Heavy Clouds,68,UD4H,15,1,1,1,,,1,,,,,,,,,,,,,1,1,,,,,,,,,,1,,1,,,,,,,,,,,,
"5,191",2018 People Staying Counts,WES2,Weekend_Midday,Weekend,Midday,20180901,1318,1328,,Sun-Shaded,65,UD4H,1,1,4,1,,,1,,,,,,,,,,,1,,,1,,,,,,,,,,1,,1,,,,,,,,,,,,
"5,192",2018 People Staying Counts,WES2,Weekend_Midday,Weekend,Midday,20180901,1318,1328,,Sun-Shaded,65,UD4H,2,1,4,,1,,,,,1,,,,,,,,1,,,1,,,,,,,,,,1,,1,,,,,,,,,,,,
"5,193",2018 People Staying Counts,WES2,Weekend_Midday,Weekend,Midday,20180901,1318,1328,,Sun-Shaded,65,UD4H,3,1,4,,1,,,,,,,,1,,,1,,,,,1,,,,,,,,,,,,1,,,,1,,,,,,,,
"5,194",2018 People Staying Counts,WES2,Weekend_Midday,Weekend,Midday,20180901,1318,1328,,Sun-Shaded,65,UD4H,4,1,4,1,,,,,,,,,1,,1,,,,,,1,,,,,,,,,,,,,,,,1,,,,,,,,
"5,195",2018 People Staying Counts,WES2,Weekend_Midday,Weekend,Midday,20180901,1318,1328,,Sun-Shaded,65,UD4H,5,1,2,,1,,1,,,,,,,,,,,1,,,1,,,,,,,,,,1,,1,,,,,,,,,,,,
"5,196",2018 People Staying Counts,WES2,Weekend_Midday,Weekend,Midday,20180901,1318,1328,,Sun-Shaded,65,UD4H,6,1,2,1,,,1,,,,,,,,,1,,,,,1,,,,,,,,,,1,,1,,,,1,,,,,,,,
"5,197",2018 People Staying Counts,WES2,Weekend_Midday,Weekend,Midday,20180901,1318,1328,,Sun-Shaded,65,UD4H,7,1,1,,1,,1,,,,,,,,,,,,,1,1,,,,,,,,,,1,,,,,,,,,,,,,,
"5,198",2018 People Staying Counts,WES2,Weekend_Midday,Weekend,Midday,20180901,1318,1328,,Sun-Shaded,65,UD4H,8,1,1,,1,,1,,,,,,,,,,,,,1,1,,,,,,,,,,,,1,,,,,,,,,,,,
"5,199",2018 People Staying Counts,WES2,Weekend_Midday,Weekend,Midday,20180901,1318,1328,,Sun-Shaded,65,UD4H,9,1,1,,1,,1,,,,,,,,,,,,,1,1,,,,,,,,,,1,,,,,,,,,,,,,,
"5,200",2018 People Staying Counts,WES2,Weekend_Midday,Weekend,Midday,20180901,1318,1328,,Sun-Shaded,65,UD4H,10,1,4,1,,,1,,,,,,,,,,,1,,,1,,,,,,,,,,1,,1,,,,1,,,,,,,,
"5,201",2018 People Staying Counts,WES2,Weekend_Midday,Weekend,Midday,20180901,1318,1328,,Sun-Shaded,65,UD4H,11,1,4,,1,,1,,,,,,,,,,,1,,,1,,,,,,,,,,1,,1,,,,1,,,,,,,,
"5,202",2018 People Staying Counts,WES2,Weekend_Midday,Weekend,Midday,20180901,1318,1328,,Sun-Shaded,65,UD4H,12,1,4,,1,,1,,,,,,,,,,,,,1,1,,,,,,,,,,1,,1,,,,,,,,,,,,
"5,203",2018 People Staying Counts,WES2,Weekend_Midday,Weekend,Midday,20180901,1318,1328,,Sun-Shaded,65,UD4H,13,1,4,1,,,1,,,,,,,,,,,,,1,1,,,,,,,,,,1,,1,,,,,,,,,,,,
"5,204",2018 People Staying Counts,WES2,Weekend_Midday,Weekend,Midday,20180901,1318,1328,,Sun-Shaded,65,UD4H,14,1,1,1,,,,,,,,1,,,,,,1,,,,,1,,,,,,,,1,,,,1,,,,,,,,,,
"5,205",2018 People Staying Counts,WES2,Weekend_Evening,Weekend,Evening,20180901,1721,1731,,Sun-Exposed,70,UD4H,1,1,1,1,,,1,,,,,,,,,,,1,,,1,,,,,,,,,,1,,,,,,,,,,,,,,
"5,206",2018 People Staying Counts,WES2,Weekend_Evening,Weekend,Evening,20180901,1721,1731,,Sun-Exposed,70,UD4H,2,1,1,,1,,1,,,,,,,,,,,,,1,1,,,,,,,,,,1,,,,,,,,,,,,,,
"5,207",2018 People Staying Counts,WES2,Weekend_Evening,Weekend,Evening,20180901,1721,1731,,Sun-Exposed,70,UD4H,3,1,1,1,,,1,,,,,,,,,,,1,,,1,,,,,,,,,,,,,,1,,,,,,,,,,
"5,208",2018 People Staying Counts,WES2,Weekend_Evening,Weekend,Evening,20180901,1721,1731,,Sun-Exposed,70,UD4H,4,1,1,,1,,,,,1,,,,,,,,1,,,1,,,,,,,,,,1,,,,,,,,,,,,,,
"5,209",2018 People Staying Counts,UNI1,Weekday1_Morning,Weekday,Morning,20180816,0900,0910,,Heavy Clouds,57,UD4H,1,0,,,,,,,,,,,,,,,,,,,,,,,,,,,,,,,,,,,,,,,,,,,
"5,210",2018 People Staying Counts,UNI1,Weekday1_Midday,Weekday,Midday,20180816,1234,1244,,Heavy Clouds,67,UD4H,1,0,,,,,,,,,,,,,,,,,,,,,,,,,,,,,,,,,,,,,,,,,,,
"5,211",2018 People Staying Counts,UNI1,Weekday1_Evening,Weekday,Evening,20180816,1624,1634,,Light Clouds,75,UD4H,1,1,1,,1,,,,,,1,,,,,,,,1,,,,1,,,,,,,,,,,,,,1,,,,,,,,
"5,212",2018 People Staying Counts,UNI1,Weekday1_Evening,Weekday,Evening,20180816,1624,1634,,Light Clouds,75,UD4H,2,1,2,,1,,,,,,,1,,,,,,1,,,,,1,,,,,,,,,1,1,,,,1,,,,,,,,
"5,213",2018 People Staying Counts,UNI1,Weekday1_Evening,Weekday,Evening,20180816,1624,1634,,Light Clouds,75,UD4H,3,1,2,,1,,1,,,,,,,,,,,1,,,,,1,,,,,,,,,1,1,,,,1,,,,,,,,
"5,214",2018 People Staying Counts,UNI1,Weekday2_Morning,Weekday,Morning,20180817,0903,0913,,Heavy Clouds,56,UD4H,1,0,,,,,,,,,,,,,,,,,,,,,,,,,,,,,,,,,,,,,,,,,,,
"5,215",2018 People Staying Counts,UNI1,Weekday2_Midday,Weekday,Midday,20180817,1238,1248,,Light Clouds,62,UD4H,1,0,,,,,,,,,,,,,,,,,,,,,,,,,,,,,,,,,,,,,,,,,,,
"5,216",2018 People Staying Counts,UNI1,Weekday2_Evening,Weekday,Evening,20180817,1634,1644,,Light Clouds,73,UD4H,1,0,,,,,,,,,,,,,,,,,,,,,,,,,,,,,,,,,,,,,,,,,,,
"5,217",2018 People Staying Counts,UNI1,Weekend_Midday,Weekend,Midday,20180818,1248,1258,,Light Clouds,70,UD4H,1,0,,,,,,,,,,,,,,,,,,,,,,,,,,,,,,,,,,,,,,,,,,,
"5,218",2018 People Staying Counts,UNI1,Weekend_Evening,Weekend,Evening,20180818,1626,1636,,Sun-Shaded,78,UD4H,1,0,,,,,,,,,,,,,,,,,,,,,,,,,,,,,,,,,,,,,,,,,,,
"5,219",2018 People Staying Counts,TUJ2,Weekday1_Morning,Weekday,Morning,20180801,0938,0948,event:accidents_emergency,Heavy Clouds,61,UD4H,1,1,1,1,,,1,,,,,,,,,,,1,,,,,1,,,,,,,,,,,,,,,1,,1,,,,,
"5,220",2018 People Staying Counts,TUJ2,Weekday1_Morning,Weekday,Morning,20180801,0938,0948,event:accidents_emergency,Heavy Clouds,61,UD4H,2,1,1,1,,,1,,,,,,,,,,,1,,,1,,,,,,,,,,,,,,,1,,1,,,,,,,
"5,221",2018 People Staying Counts,TUJ2,Weekday1_Morning,Weekday,Morning,20180801,0938,0948,event:accidents_emergency,Heavy Clouds,61,UD4H,3,1,1,,1,,1,,,,,,,,,,,1,,,,,1,,,,,,,,,,,,,,,1,,,,,,,
"5,222",2018 People Staying Counts,TUJ2,Weekday1_Morning,Weekday,Morning,20180801,0938,0948,event:accidents_emergency,Heavy Clouds,61,UD4H,4,1,1,1,,,,1,,,,,,,,,,1,,,1,,,,,,,,,,,,1,,,,,,,,,,,,
"5,223",2018 People Staying Counts,TUJ2,Weekday1_Morning,Weekday,Morning,20180801,0938,0948,event:accidents_emergency,Heavy Clouds,61,UD4H,5,1,1,1,,,,1,,,,,,,,,,1,,,1,,,,,,,,,,,,1,,,,,,,,,,,,
"5,224",2018 People Staying Counts,TUJ2,Weekday1_Morning,Weekday,Morning,20180801,0938,0948,event:accidents_emergency,Heavy Clouds,61,UD4H,6,1,1,1,,,1,,,,,,,,,,,,1,,1,,,,,,,,,,,,,,,,,,,1,,,,,
"5,225",2018 People Staying Counts,TUJ2,Weekday1_Midday,Weekday,Midday,20180801,1340,1350,,Sun-Exposed,71,UD4H,1,1,1,1,,,,1,,,,,,,,,1,,,,,,1,,,,,,,,,,,,1,,,1,,,,,,,
"5,226",2018 People Staying Counts,TUJ2,Weekday1_Midday,Weekday,Midday,20180801,1340,1350,,Sun-Exposed,71,UD4H,2,1,1,,1,,,1,,,,,,,,,,,1,,,,1,,,,,,,,,,,,,,,1,,,,,,,
"5,227",2018 People Staying Counts,TUJ2,Weekday1_Midday,Weekday,Midday,20180801,1340,1350,,Sun-Exposed,71,UD4H,3,1,1,,1,,,,,1,,,,,,,1,,,,,,1,,,,,,,,,,,,,,,1,,,,,,,
"5,228",2018 People Staying Counts,TUJ2,Weekday1_Midday,Weekday,Midday,20180801,1340,1350,,Sun-Exposed,71,UD4H,4,1,1,1,,,,1,,,,,,,,,,,1,,1,,,,,,,,,,,,1,,,,,1,,,,,,,
"5,229",2018 People Staying Counts,TUJ2,Weekday1_Midday,Weekday,Midday,20180801,1340,1350,,Sun-Exposed,71,UD4H,5,1,1,,1,,,,,1,,,,,,,,,,1,1,,,,,,,,,,,,,,,,,1,,,,,,,
"5,230",2018 People Staying Counts,TUJ2,Weekday1_Midday,Weekday,Midday,20180801,1340,1350,,Sun-Exposed,71,UD4H,6,1,1,1,,,,1,,,,,,,,,,1,,,,,,,,1,,,,,,,1,,,,,,,1,,,,,
"5,231",2018 People Staying Counts,TUJ2,Weekday1_Midday,Weekday,Midday,20180801,1340,1350,,Sun-Exposed,71,UD4H,7,1,1,1,,,,1,,,,,,,,,,,1,,1,,,,,,,,,,,,,,1,,,1,,,,,,,
"5,232",2018 People Staying Counts,TUJ2,Weekday1_Midday,Weekday,Midday,20180801,1340,1350,,Sun-Exposed,71,UD4H,8,1,1,1,,,1,,,,,,,,,,,1,,,,,1,,,,,,,,,,,,,,1,,,,,,,,
"5,233",2018 People Staying Counts,TUJ2,Weekday1_Midday,Weekday,Midday,20180801,1340,1350,,Sun-Exposed,71,UD4H,9,1,3,,1,,,1,,,,,,,,,,,1,,,,1,,,,,,,,,,1,,,,,1,,,,,,,
"5,234",2018 People Staying Counts,TUJ2,Weekday1_Midday,Weekday,Midday,20180801,1340,1350,,Sun-Exposed,71,UD4H,10,1,3,,1,,,1,,,,,,,,1,,,,,,,1,,,,,,,,,,1,,,,,1,,,,,,,
"5,235",2018 People Staying Counts,TUJ2,Weekday1_Midday,Weekday,Midday,20180801,1340,1350,,Sun-Exposed,71,UD4H,11,1,3,1,,,,1,,,,,,,,1,,,,,,,1,,,,,,,,,,1,,,,,1,,,,,,,
"5,236",2018 People Staying Counts,TUJ2,Weekday1_Midday,Weekday,Midday,20180801,1340,1350,,Sun-Exposed,71,UD4H,12,1,1,,1,,1,,,,,,,,,,,,1,,1,,,,,,,,,,,,,,,,,1,,,,,,,
"5,237",2018 People Staying Counts,TUJ2,Weekday1_Midday,Weekday,Midday,20180801,1340,1350,,Sun-Exposed,71,UD4H,13,1,2,,1,,,,,1,,,,,,,,,,1,1,,,,,,,1,,,,,1,,,,,,,,,,,,
"5,238",2018 People Staying Counts,TUJ2,Weekday1_Midday,Weekday,Midday,20180801,1340,1350,,Sun-Exposed,71,UD4H,14,1,2,,1,,,,,1,,,,,,,,,,1,1,,,,,,,,,,,,,,,,1,,,,,,,,
"5,239",2018 People Staying Counts,TUJ2,Weekday1_Midday,Weekday,Midday,20180801,1340,1350,,Sun-Exposed,71,UD4H,15,1,1,1,,,,1,,,,,,,,,,1,,,1,,,,,,,,,,,,,,1,,,,,,,,,,
"5,240",2018 People Staying Counts,TUJ2,Weekday1_Midday,Weekday,Midday,20180801,1340,1350,,Sun-Exposed,71,UD4H,16,1,1,1,,,1,,,,,,,,,,,1,,,,,1,,,,,,,,,,1,,,,,1,,,,,,,
"5,241",2018 People Staying Counts,TUJ2,Weekday1_Midday,Weekday,Midday,20180801,1340,1350,,Sun-Exposed,71,UD4H,17,1,1,1,,,,1,,,,,,,,,,1,,,1,,,,,,,,,,,,1,,,,,1,,,,,,,
"5,242",2018 People Staying Counts,TUJ2,Weekday1_Evening,Weekday,Evening,20180801,1740,1750,,Sun-Exposed,77,UD4H,1,1,2,,1,,1,,,,,,,,,,,,1,,1,,,,,,,,,,,,1,,,,,1,,,,,,,
"5,243",2018 People Staying Counts,TUJ2,Weekday1_Evening,Weekday,Evening,20180801,1740,1750,,Sun-Exposed,77,UD4H,2,1,2,,1,,1,,,,,,,,,,,,1,,1,,,,,,,,,,,,1,,,,,1,,,,,,,
"5,244",2018 People Staying Counts,TUJ2,Weekday1_Evening,Weekday,Evening,20180801,1740,1750,,Sun-Exposed,77,UD4H,3,1,1,1,,,,1,,,,,,,,,,1,,,1,,,,,,,,,,,,,,1,,,1,,1,,,,,
"5,245",2018 People Staying Counts,TUJ2,Weekday1_Evening,Weekday,Evening,20180801,1740,1750,,Sun-Exposed,77,UD4H,4,1,2,1,,,,1,,,,,,,,,,1,,,1,,,,,,,,,,,,1,,,,,1,,,,,,,
"5,246",2018 People Staying Counts,TUJ2,Weekday1_Evening,Weekday,Evening,20180801,1740,1750,,Sun-Exposed,77,UD4H,5,1,2,1,,,,1,,,,,,,,,,1,,,1,,,,,,,,,,,,1,,,,,1,,,,,,,
"5,247",2018 People Staying Counts,TUJ2,Weekday2_Morning,Weekday,Morning,20180803,0926,0936,,Heavy Clouds,61,UD4H,1,1,1,,1,,1,,,,,,,,,,,1,,,1,,,,,,,,,,,,,,1,,,1,,,,,,,
"5,248",2018 People Staying Counts,TUJ2,Weekday2_Morning,Weekday,Morning,20180803,0926,0936,,Heavy Clouds,61,UD4H,2,1,1,1,,,,1,,,,,,,,,,1,,,,,1,,,,,,,,,,,,,,,1,,,,,,,
"5,249",2018 People Staying Counts,TUJ2,Weekday2_Morning,Weekday,Morning,20180803,0926,0936,,Heavy Clouds,61,UD4H,3,1,2,1,,,1,,,,,,,,,,,,1,,1,,,,,,,,,,,,1,,,,,1,,,,,,,
"5,250",2018 People Staying Counts,TUJ2,Weekday2_Morning,Weekday,Morning,20180803,0926,0936,,Heavy Clouds,61,UD4H,4,1,2,1,,,,1,,,,,,,,,,,1,,,1,,,,,,,,,,,1,,,,,1,,,,,,,
"5,251",2018 People Staying Counts,TUJ2,Weekday2_Morning,Weekday,Morning,20180803,0926,0936,,Heavy Clouds,61,UD4H,5,1,1,1,,,1,,,,,,,,,,1,,,,1,,,,,,,,,,,,,,1,,,1,,,,,,,
"5,252",2018 People Staying Counts,TUJ2,Weekday2_Morning,Weekday,Morning,20180803,0926,0936,,Heavy Clouds,61,UD4H,6,1,1,1,,,,,,1,,,,,,,1,,,,1,,,,,,,,,,,,,,,,,1,,,,,,,
"5,253",2018 People Staying Counts,TUJ2,Weekday2_Morning,Weekday,Morning,20180803,0926,0936,,Heavy Clouds,61,UD4H,7,1,1,,1,,,,,,,1,,,,,,,1,,,,1,,,,,,,,,,,,1,,,1,,,,,,,
"5,254",2018 People Staying Counts,TUJ2,Weekday2_Morning,Weekday,Morning,20180803,0926,0936,,Heavy Clouds,61,UD4H,8,1,1,1,,,,1,,,,,,,,,,,1,,1,,,,,,,,,,,,1,,,,,1,,,,,,,
"5,255",2018 People Staying Counts,TUJ2,Weekday2_Midday,Weekday,Midday,20180803,1313,1323,,Sun-Exposed,72,UD4H,1,1,1,1,,,1,,,,,,,,,,,,1,,,,1,,,,,,,,,,,,,,,1,,,,,,,
"5,256",2018 People Staying Counts,TUJ2,Weekday2_Midday,Weekday,Midday,20180803,1313,1323,,Sun-Exposed,72,UD4H,2,1,1,,1,,,1,,,,,,,,,,,1,,,,1,,,,,,,,,,,,,,1,,,,,,,,
"5,257",2018 People Staying Counts,TUJ2,Weekday2_Midday,Weekday,Midday,20180803,1313,1323,,Sun-Exposed,72,UD4H,3,1,1,1,,,,1,,,,,,,,,,,1,,,,1,,,,,,,,,,,,,,,,,,,,1,,
"5,258",2018 People Staying Counts,TUJ2,Weekday2_Midday,Weekday,Midday,20180803,1313,1323,,Sun-Exposed,72,UD4H,4,1,1,,1,,,,,,,1,,,,,,,1,,1,,,,,,,,,,,,,,,,,1,,,,,,,
"5,259",2018 People Staying Counts,TUJ2,Weekday2_Midday,Weekday,Midday,20180803,1313,1323,,Sun-Exposed,72,UD4H,5,1,1,,1,,,,,,,1,,,,,,1,,,1,,,,,,,,,,,,,,,,,1,,,,,,,
"5,260",2018 People Staying Counts,TUJ2,Weekday2_Midday,Weekday,Midday,20180803,1313,1323,,Sun-Exposed,72,UD4H,6,1,1,1,,,,1,,,,,,,,,1,,,,1,,,,,,,1,,,,,,,1,,,1,,,,,,,
"5,261",2018 People Staying Counts,TUJ2,Weekday2_Evening,Weekday,Evening,20180803,1715,1725,,Sun-Exposed,75,UD4H,1,1,1,,1,,1,,,,,,,,,,1,,,,1,,,,,,,,,,,,,,1,,,1,,,,,,,
"5,262",2018 People Staying Counts,TUJ2,Weekday2_Evening,Weekday,Evening,20180803,1715,1725,,Sun-Exposed,75,UD4H,2,1,1,1,,,,1,,,,,,,,,,1,,,,,1,,,,,,,,,,,,,,1,,,1,,,,,
"5,263",2018 People Staying Counts,TUJ2,Weekday2_Evening,Weekday,Evening,20180803,1715,1725,,Sun-Exposed,75,UD4H,3,1,1,,1,,,1,,,,,,,,,,,1,,,,,,,1,,,,,,,1,,,,,,,,,,,,
"5,264",2018 People Staying Counts,TUJ2,Weekday2_Evening,Weekday,Evening,20180803,1715,1725,,Sun-Exposed,75,UD4H,4,1,1,,1,,,1,,,,,,,,,,,1,,,,1,,,,,,,,,,1,,,,,1,,,,,,,
"5,265",2018 People Staying Counts,TUJ2,Weekday2_Evening,Weekday,Evening,20180803,1715,1725,,Sun-Exposed,75,UD4H,5,1,1,1,,,,1,,,,,,,,,,,1,,,,,,1,,,1,,,,,1,,,,,,,,,,,,
"5,266",2018 People Staying Counts,TUJ2,Weekday2_Evening,Weekday,Evening,20180803,1715,1725,,Sun-Exposed,75,UD4H,6,1,1,1,,,,1,,,,,,,,,,,1,,1,,,,,,,,,,,,1,,,,,,,,,,,,
"5,267",2018 People Staying Counts,TUJ2,Weekday2_Evening,Weekday,Evening,20180803,1715,1725,,Sun-Exposed,75,UD4H,7,1,1,,1,,,1,,,,,,,,,,1,,,1,,,,,,,,,,,,,,,,1,,,,,,,,
"5,268",2018 People Staying Counts,TUJ2,Weekday2_Evening,Weekday,Evening,20180803,1715,1725,,Sun-Exposed,75,UD4H,8,1,1,,1,,1,,,,,,,,,,,1,,,,,1,,,,,,,,,,1,,,,,,,,,,,,
"5,269",2018 People Staying Counts,TUJ2,Weekend_Midday,Weekend,Midday,20180825,1158,1208,,Heavy Clouds,58,UD4H,1,1,1,1,,,,1,,,,,,,,,,,1,,1,,,,,,,1,,,,,1,,,,1,,,1,,,,,
"5,270",2018 People Staying Counts,TUJ2,Weekend_Midday,Weekend,Midday,20180825,1158,1208,,Heavy Clouds,58,UD4H,2,1,1,,1,,,1,,,,,,,,,,1,,,1,,,,,,,,,,,,1,,,,,,,,,,,,
"5,271",2018 People Staying Counts,TUJ2,Weekend_Midday,Weekend,Midday,20180825,1158,1208,,Heavy Clouds,58,UD4H,3,1,2,,1,,,1,,,,,,,,,1,,,,,,1,,,,,,,1,,,1,,,,,1,,,,,,,
"5,272",2018 People Staying Counts,TUJ2,Weekend_Midday,Weekend,Midday,20180825,1158,1208,,Heavy Clouds,58,UD4H,4,1,2,1,,,,1,,,,,,,,1,,,,,,,1,,,,,,,,,1,1,,,,,1,,,,,,,
"5,273",2018 People Staying Counts,TUJ2,Weekend_Midday,Weekend,Midday,20180825,1158,1208,,Heavy Clouds,58,UD4H,5,1,1,,1,,,,,,,1,,,,,,1,,,1,,,,,,,,,,,,,,1,,,1,,,,,,,
"5,274",2018 People Staying Counts,TUJ2,Weekend_Midday,Weekend,Midday,20180825,1158,1208,,Heavy Clouds,58,UD4H,6,1,2,,1,,,,,1,,,,,,,,1,,,,,1,,,,,,,,,,,,1,,,1,,,,,,,
"5,275",2018 People Staying Counts,TUJ2,Weekend_Midday,Weekend,Midday,20180825,1158,1208,,Heavy Clouds,58,UD4H,7,1,2,1,,,,,,1,,,,,,,1,,,,1,,,,,,,,,1,,1,1,,,,,1,,,,,,,
"5,276",2018 People Staying Counts,TUJ2,Weekend_Midday,Weekend,Midday,20180825,1158,1208,,Heavy Clouds,58,UD4H,8,1,1,1,,,1,,,,,,,,,,,1,,,1,,,,,,,,,,,,,,,,1,,,,,,,,
"5,277",2018 People Staying Counts,TUJ2,Weekend_Midday,Weekend,Midday,20180825,1158,1208,,Heavy Clouds,58,UD4H,9,1,1,1,,,,1,,,,,,,,,,,1,,,,,,,1,,,,,,,1,,,,1,,,,,,,,
"5,278",2018 People Staying Counts,TUJ2,Weekend_Evening,Weekend,Evening,20180804,1658,1708,,Sun-Exposed,75,UD4H,1,1,1,1,,,,1,,,,,,,,,,1,,,,,,,,1,,,,,,,,,,,1,,,,,,,,
"5,279",2018 People Staying Counts,TUJ2,Weekend_Evening,Weekend,Evening,20180804,1658,1708,,Sun-Exposed,75,UD4H,2,1,1,,1,,1,,,,,,,,,,1,,,,1,,,,,,,,,,,,,,1,,,1,,,,,,,
"5,280",2018 People Staying Counts,TUJ2,Weekend_Evening,Weekend,Evening,20180804,1658,1708,,Sun-Exposed,75,UD4H,3,1,1,1,,,1,,,,,,,,,,,1,,,1,,,,,,,,,,,,1,,1,,,1,,,,,,,
"5,281",2018 People Staying Counts,PIK1,Weekday1_Morning,Weekday,Morning,20180731,0902,0912,,Heavy Clouds,63,UD4H,1,1,1,1,,,1,,,,,,,,,,,1,,,1,,,,,,,,,,,,,,1,,,,,,,,,,
"5,282",2018 People Staying Counts,PIK1,Weekday1_Midday,Weekday,Midday,20180731,1234,1244,,Sun-Exposed,68,UD4H,1,1,1,1,,,1,,,,,,,,,,,,1,,1,,,,,,,,,,,,,,,,1,,,,,,,,
"5,283",2018 People Staying Counts,PIK1,Weekday1_Midday,Weekday,Midday,20180731,1234,1244,,Sun-Exposed,68,UD4H,2,1,1,1,,,1,,,,,,,,,,,1,,,1,,,,,,,,,,,,,,,,1,,,,,,,,
"5,284",2018 People Staying Counts,PIK1,Weekday1_Evening,Weekday,Evening,20180731,1626,1636,,Sun-Exposed,76,UD4H,1,0,,,,,,,,,,,,,,,,,,,,,,,,,,,,,,,,,,,,,,,,,,,
"5,285",2018 People Staying Counts,PIK1,Weekend_Midday,Weekend,Midday,20180728,1250,1300,,Sun-Exposed,79,UD4H,1,1,1,1,,,1,,,,,,,,,,,1,,,1,,,,,,,,,,,,,,1,,,,,,,,,,
"5,286",2018 People Staying Counts,PIK1,Weekend_Midday,Weekend,Midday,20180728,1250,1300,,Sun-Exposed,79,UD4H,2,1,1,1,,,1,,,,,,,,,,,1,,,1,,,,,,,,,,1,,,,,,,,,,,,,,
"5,287",2018 People Staying Counts,PIK1,Weekend_Evening,Weekend,Evening,20180728,1630,1640,,Sun-Exposed,83,UD4H,1,1,1,1,,,,,,,,,,1,,,,1,,,1,,,,,,,,,,,,,,,,,,1,,,,,,
"5,288",2018 People Staying Counts,PIK1,Weekend_Evening,Weekend,Evening,20180728,1630,1640,,Sun-Exposed,83,UD4H,2,1,1,,1,,1,,,,,,,,,,,1,,,1,,,,,,,,,,,,,,,,1,,,,,,,,
"5,289",2018 People Staying Counts,PIK1,Weekend_Evening,Weekend,Evening,20180728,1630,1640,,Sun-Exposed,83,UD4H,3,1,1,,1,,1,,,,,,,,,,,1,,,1,,,,,,,,,,,,1,,1,,1,,,,,,,,
"5,290",2018 People Staying Counts,PIK1,Weekday2_Morning,Weekday,Morning,20180730,0905,0915,,Sun-Exposed,64,UD4H,1,1,1,1,,,1,,,,,,,,,,,,1,,,,,,,1,,,,,,1,,,,,,,,,,,1,,
"5,291",2018 People Staying Counts,PIK1,Weekday2_Midday,Weekday,Midday,20180730,1247,1257,,Sun-Exposed,77,UD4H,1,1,1,1,,,1,,,,,,,,,,,1,,,1,,,,,,,,,,,,,,1,,1,,,,,,,,
"5,292",2018 People Staying Counts,PIK1,Weekday2_Evening,Weekday,Evening,20180730,1642,1652,,Sun-Exposed,82,UD4H,1,1,2,,1,,,,,,,,,1,,,,1,,,1,,,,,,,,,,,,1,,,1,,,,,,,,,
"5,293",2018 People Staying Counts,PIK1,Weekday2_Evening,Weekday,Evening,20180730,1642,1652,,Sun-Exposed,82,UD4H,2,1,2,,1,,1,,,,,,,,,,,1,,,1,,,,,,,,,,,,1,,,,,,,,,,,,
"5,294",2018 People Staying Counts,PIK1,Weekday2_Evening,Weekday,Evening,20180730,1642,1652,,Sun-Exposed,82,UD4H,3,1,2,,1,,1,,,,,,,,,,,,1,,1,,,,,,,,,1,,,1,,,,,,,,,,,,
"5,295",2018 People Staying Counts,PIK1,Weekday2_Evening,Weekday,Evening,20180730,1642,1652,,Sun-Exposed,82,UD4H,4,1,2,1,,,1,,,,,,,,,,,,1,,1,,,,,,,,,,,,1,,,,,,,,,,,,
"5,296",2018 People Staying Counts,FRE2,Weekday1_Morning,Weekday,Morning,20180823,0921,0931,,Heavy Clouds,57,UD4H,1,0,,,,,,,,,,,,,,,,,,,,,,,,,,,,,,,,,,,,,,,,,,,
"5,297",2018 People Staying Counts,FRE2,Weekday1_Midday,Weekday,Midday,20180823,1327,1337,,Heavy Clouds,68,UD4H,1,0,,,,,,,,,,,,,,,,,,,,,,,,,,,,,,,,,,,,,,,,,,,
"5,298",2018 People Staying Counts,FRE2,Weekday1_Evening,Weekday,Evening,20180823,1723,1733,,Sun-Shaded,70,UD4H,1,1,1,1,,,1,,,,,,,,,,,1,,,1,,,,,,,,,,,,,,,,1,,,,,,,1,
"5,299",2018 People Staying Counts,FRE2,Weekday1_Evening,Weekday,Evening,20180823,1723,1733,,Sun-Shaded,70,UD4H,2,1,2,1,,,1,,,,,,,,,,,,,1,,,1,,,,,1,,1,,1,1,,,,1,,,,,,,,
"5,300",2018 People Staying Counts,FRE2,Weekday1_Evening,Weekday,Evening,20180823,1723,1733,,Sun-Shaded,70,UD4H,3,1,2,1,,,1,,,,,,,,,,,,1,,,,1,,,,,,,1,,1,1,,,,,,,,,,,,
"5,301",2018 People Staying Counts,FRE2,Weekday1_Evening,Weekday,Evening,20180823,1723,1733,,Sun-Shaded,70,UD4H,4,1,2,,1,,,,,1,,,,,,,,1,,,1,,,,,,,,,1,1,1,1,,,,,,,,,,,,
"5,302",2018 People Staying Counts,FRE2,Weekday1_Evening,Weekday,Evening,20180823,1723,1733,,Sun-Shaded,70,UD4H,5,1,2,,1,,1,,,,,,,,,,,1,,,1,,,,,,,,,1,,1,1,,,,,,,,,,,,
"5,303",2018 People Staying Counts,FRE2,Weekday1_Evening,Weekday,Evening,20180823,1723,1733,,Sun-Shaded,70,UD4H,6,1,3,1,,,1,,,,,,,,,,,1,,,,,1,,,,,,,,,,1,,,,,,,,,,,,
"5,304",2018 People Staying Counts,FRE2,Weekday1_Evening,Weekday,Evening,20180823,1723,1733,,Sun-Shaded,70,UD4H,7,1,3,,1,,1,,,,,,,,,,,1,,,,,1,,,,,,,,,,1,,,,,,,,,,,,
"5,305",2018 People Staying Counts,FRE2,Weekday1_Evening,Weekday,Evening,20180823,1723,1733,,Sun-Shaded,70,UD4H,8,1,3,1,,,,,,,,,,1,1,,,,,,,,,,1,,,,,,,,,,,,1,,,,,,,,
"5,306",2018 People Staying Counts,FRE2,Weekday1_Evening,Weekday,Evening,20180823,1723,1733,,Sun-Shaded,70,UD4H,9,1,1,1,,,1,,,,,,,,,,1,,,,1,,,,,,,,,,,,,,,,1,,,,,,,,
"5,307",2018 People Staying Counts,FRE2,Weekday1_Evening,Weekday,Evening,20180823,1723,1733,,Sun-Shaded,70,UD4H,10,1,1,1,,,1,,,,,,,,,,,,1,,1,,,,,,,,,,,,,,,,1,,,1,,,,,
"5,308",2018 People Staying Counts,FRE2,Weekday1_Evening,Weekday,Evening,20180823,1723,1733,,Sun-Shaded,70,UD4H,11,1,2,1,,,1,,,,,,,,,,,1,,,,,1,,,,,,,1,1,1,1,,1,,,,,,,,,,
"5,309",2018 People Staying Counts,FRE2,Weekday1_Evening,Weekday,Evening,20180823,1723,1733,,Sun-Shaded,70,UD4H,12,1,2,,1,,1,,,,,,,,,,,1,,,,,1,,,,,,,1,1,1,1,,,,,,,,,,,,
"5,310",2018 People Staying Counts,FRE2,Weekday2_Morning,Weekday,Morning,20180824,0925,0935,,Sun-Shaded,59,UD4H,1,1,1,1,,,1,,,,,,,,,,1,,,,,,,,,1,,,,,,1,,,1,,,,,1,,,,,
"5,311",2018 People Staying Counts,FRE2,Weekday2_Morning,Weekday,Morning,20180824,0925,0935,,Sun-Shaded,59,UD4H,2,1,2,,1,,1,,,,,,,,,,,1,,,,,1,,,,,,,1,,1,1,,,,,,,,,,,,
"5,312",2018 People Staying Counts,FRE2,Weekday2_Morning,Weekday,Morning,20180824,0925,0935,,Sun-Shaded,59,UD4H,3,1,2,1,,,1,,,,,,,,,,,1,,,,,1,,,,,,,1,,1,1,,,,,,,,,,,,
"5,313",2018 People Staying Counts,FRE2,Weekday2_Midday,Weekday,Midday,20180824,1322,1332,,Light Clouds,67,UD4H,1,1,1,,1,,1,,,,,,,,,,,1,,,1,,,,,,,,,,,,,,,,1,,,,,,,,
"5,314",2018 People Staying Counts,FRE2,Weekday2_Midday,Weekday,Midday,20180824,1322,1332,,Light Clouds,67,UD4H,2,1,2,1,,,1,,,,,,,,,,,1,,,1,,,,,,,,,,1,,1,,,,,,,,,,,,
"5,315",2018 People Staying Counts,FRE2,Weekday2_Midday,Weekday,Midday,20180824,1322,1332,,Light Clouds,67,UD4H,3,1,2,,1,,1,,,,,,,,,,,1,,,1,,,,,,,,,,1,,1,,,,,,,,,,,,
"5,316",2018 People Staying Counts,FRE2,Weekday2_Midday,Weekday,Midday,20180824,1322,1332,,Light Clouds,67,UD4H,4,1,1,1,,,1,,,,,,,,,,,,,1,1,,,,,,,,,,1,,,,,,,,,,,,,,
"5,317",2018 People Staying Counts,FRE2,Weekday2_Midday,Weekday,Midday,20180824,1322,1332,,Light Clouds,67,UD4H,5,1,1,1,,,,,,1,,,,,,,,1,,,1,,,,,,,,,,,,,,1,,1,,,,,,,,
"5,318",2018 People Staying Counts,FRE2,Weekday2_Midday,Weekday,Midday,20180824,1322,1332,,Light Clouds,67,UD4H,6,1,1,1,,,1,,,,,,,,,,,1,,,1,,,,,,,,,,,,,,1,,,,,,,,,,
"5,319",2018 People Staying Counts,FRE2,Weekday2_Midday,Weekday,Midday,20180824,1322,1332,,Light Clouds,67,UD4H,7,1,2,1,,,,,,1,,,,,,,,1,,,1,,,,,,,,,,,,1,,1,,,,,,,,,,
"5,320",2018 People Staying Counts,FRE2,Weekday2_Midday,Weekday,Midday,20180824,1322,1332,,Light Clouds,67,UD4H,8,1,2,,1,,,,,1,,,,,,,,1,,,1,,,,,,,,,,,,1,,1,,,,,,,,,,
"5,321",2018 People Staying Counts,FRE2,Weekday2_Evening,Weekday,Evening,20180824,1723,1733,,Light Clouds,70,UD4H,1,1,2,1,,,1,,,,,,,,,,,,1,,1,,,,,,,,,,,,1,,,,1,,,,,,,,
"5,322",2018 People Staying Counts,FRE2,Weekday2_Evening,Weekday,Evening,20180824,1723,1733,,Light Clouds,70,UD4H,2,1,2,1,,,1,,,,,,,,,,1,,,,1,,,,,,,,,,,,1,,,,1,,,,,,,,
"5,323",2018 People Staying Counts,FRE2,Weekday2_Evening,Weekday,Evening,20180824,1723,1733,,Light Clouds,70,UD4H,3,1,2,1,,,1,,,,,,,,,,,1,,,,,1,,,,,,,,,,1,,1,,1,,,,,,,,
"5,324",2018 People Staying Counts,FRE2,Weekday2_Evening,Weekday,Evening,20180824,1723,1733,,Light Clouds,70,UD4H,4,1,2,,1,,,,,1,,,,,,,,1,,,,,1,,,,,,,,,,1,,1,,1,,,,,,,,
"5,325",2018 People Staying Counts,FRE2,Weekday2_Evening,Weekday,Evening,20180824,1723,1733,,Light Clouds,70,UD4H,5,1,2,,1,,1,,,,,,,,,,,1,,,1,,,,,,,,,1,1,1,1,,,,,,,,,,,,
"5,326",2018 People Staying Counts,FRE2,Weekday2_Evening,Weekday,Evening,20180824,1723,1733,,Light Clouds,70,UD4H,6,1,2,,1,,1,,,,,,,,,,,1,,,1,,,,,,,,,1,1,1,1,,,,,,,,,,,,
"5,327",2018 People Staying Counts,FRE2,Weekday2_Evening,Weekday,Evening,20180824,1723,1733,,Light Clouds,70,UD4H,7,1,1,,1,,1,,,,,,,,,,,1,,,,1,,,,,,,,,,,,,1,,,,,,,,,,
"5,328",2018 People Staying Counts,FRE2,Weekday2_Evening,Weekday,Evening,20180824,1723,1733,,Light Clouds,70,UD4H,8,1,1,,1,,,,,,,1,,,,,,1,,,1,,,,,,,,,,,,,,,,1,,,,,,,,
"5,329",2018 People Staying Counts,FRE2,Weekend_Midday,Weekend,Midday,20180915,1340,1350,,Heavy Clouds,63,UD4H,1,1,2,1,,,1,,,,,,,,,,,1,,,1,,,,,,,,,,1,,1,,,,,,,,,,,,
"5,330",2018 People Staying Counts,FRE2,Weekend_Midday,Weekend,Midday,20180915,1340,1350,,Heavy Clouds,63,UD4H,2,1,2,1,,,1,,,,,,,,,,,,1,,1,,,,,,,,,,1,,1,,,,,,,,,,,,
"5,331",2018 People Staying Counts,FRE2,Weekend_Midday,Weekend,Midday,20180915,1340,1350,,Heavy Clouds,63,UD4H,3,1,4,1,,,1,,,,,,,,,,,1,,,1,,,,,,,,,,,,1,,1,,,,,,,,,,
"5,332",2018 People Staying Counts,FRE2,Weekend_Midday,Weekend,Midday,20180915,1340,1350,,Heavy Clouds,63,UD4H,4,1,4,,1,,,,,1,,,,,,,,1,,,1,,,,,,,,,,,,1,,,,1,,,,,,,,
"5,333",2018 People Staying Counts,FRE2,Weekend_Midday,Weekend,Midday,20180915,1340,1350,,Heavy Clouds,63,UD4H,5,1,4,1,,,,,,,,,1,,,1,,,,,1,,,,,,,,,,,,1,,,1,,,,,,,,,
"5,334",2018 People Staying Counts,FRE2,Weekend_Midday,Weekend,Midday,20180915,1340,1350,,Heavy Clouds,63,UD4H,6,1,4,,1,,,,,,,,1,,,1,,,,,1,,,,,,,,,,,,1,,,1,,,,,,,,,
"5,335",2018 People Staying Counts,FRE2,Weekend_Midday,Weekend,Midday,20180915,1340,1350,,Heavy Clouds,63,UD4H,7,1,1,1,,,1,,,,,,,,,,,1,,,,,1,,,,,,,1,,1,,,,,,,,,,,,,
"5,336",2018 People Staying Counts,FRE2,Weekend_Evening,Weekend,Evening,20180915,1732,1742,,Heavy Rain,63,UD4H,1,1,1,,1,,1,,,,,,,,,,,1,,,1,,,,,,,,,,,,,,1,,,,,,,,,,
"5,337",2018 People Staying Counts,FRE2,Weekend_Evening,Weekend,Evening,20180915,1732,1742,,Heavy Rain,63,UD4H,2,1,1,1,,,,,,1,,,,,,,,1,,,1,,,,,,,,,,,,,,,,1,,,1,,,,,
"5,338",2018 People Staying Counts,FRE2,Weekend_Evening,Weekend,Evening,20180915,1732,1742,,Heavy Rain,63,UD4H,3,1,1,1,,,1,,,,,,,,,,,1,,,1,,,,,,,,,,,,,,,,1,,,,,1,,,
"5,339",2018 People Staying Counts,FRE2,Weekend_Evening,Weekend,Evening,20180915,1732,1742,,Heavy Rain,63,UD4H,4,1,1,1,,,,,,1,,,,,,,,1,,,1,,,,,,,,,1,,,,,,,,,,,,,,,
"5,340",2018 People Staying Counts,SLU1,Weekend_Midday,Weekend,Midday,20180714,1225,1235,event:roadwork_construction,Sun-Shaded,73,UD4H,1,1,1,1,,,1,,,,,,,,,,,1,,,1,,,,,,,,,,,,,,,1,,,,,,,,,
"5,341",2018 People Staying Counts,SLU1,Weekend_Evening,Weekend,Evening,20180714,1626,1636,event:roadwork_construction,Sun-Shaded,82,UD4H,1,1,2,1,,,1,,,,,,,,,,,1,,,,1,,,,,,,,,,,1,,,,,,,,,,,,
"5,342",2018 People Staying Counts,SLU1,Weekend_Evening,Weekend,Evening,20180714,1626,1636,event:roadwork_construction,Sun-Shaded,82,UD4H,2,1,2,,1,,1,,,,,,,,,,,1,,,1,,,,,,,,,,,,1,,,,1,,,,,,,,
"5,343",2018 People Staying Counts,SLU1,Weekend_Evening,Weekend,Evening,20180714,1626,1636,event:roadwork_construction,Sun-Shaded,82,UD4H,3,1,1,1,,,1,,,,,,,,,,,1,,,,1,,,,,,,,,,,,,,,1,,,,,,,,
"5,344",2018 People Staying Counts,SLU1,Weekend_Evening,Weekend,Evening,20180714,1626,1636,event:roadwork_construction,Sun-Shaded,82,UD4H,4,1,1,1,,,1,,,,,,,,,,1,,,,,1,,,,,,,,,,,1,,,,,,,,,,,,
"5,345",2018 People Staying Counts,SLU1,Weekday1_Midday,Weekday,Midday,20180718,1322,1332,event:roadwork_construction,Sun-Shaded,68,UD4H,1,1,1,,1,,1,,,,,,,,,,,,,1,1,,,,,,,1,,,,,,,,,1,,,,,,,,
"5,346",2018 People Staying Counts,SLU1,Weekday1_Evening,Weekday,Evening,20180718,1722,1732,,Sun-Shaded,74,UD4H,1,0,,,,,,,,,,,,,,,,,,,,,,,,,,,,,,,,,,,,,,,,,,,
"5,347",2018 People Staying Counts,SLU1,Weekday2_Morning,Weekday,Morning,20180719,0923,0933,event:roadwork_construction,Heavy Clouds,59,UD4H,1,0,,,,,,,,,,,,,,,,,,,,,,,,,,,,,,,,,,,,,,,,,,,
"5,348",2018 People Staying Counts,SLU1,Weekday2_Midday,Weekday,Midday,20180719,1340,1350,event:roadwork_construction,Heavy Clouds,62,UD4H,1,0,,,,,,,,,,,,,,,,,,,,,,,,,,,,,,,,,,,,,,,,,,,
"5,349",2018 People Staying Counts,SLU1,Weekday2_Evening,Weekday,Evening,20180718,1723,1733,event:roadwork_construction,Heavy Clouds,65,UD4H,1,1,1,1,,,1,,,,,,,,,,,,,1,1,,,,,,,,,,,,,,1,,1,,,,,,,,
"5,350",2018 People Staying Counts,SLU1,Weekday1_Morning,Weekday,Morning,20180718,0926,0936,event:roadwork_construction,Heavy Clouds,61,UD4H,1,1,2,,1,,1,,,,,,,,,,,1,,,1,,,,,,,,,,,,1,,,,1,,,,,,,,
"5,351",2018 People Staying Counts,SLU1,Weekday1_Morning,Weekday,Morning,20180718,0926,0936,event:roadwork_construction,Heavy Clouds,61,UD4H,2,1,2,1,,,1,,,,,,,,,,1,,,,1,,,,,,,,,,,,1,,,,1,,,,,,,,
"5,352",2018 People Staying Counts,SLU1,Weekday1_Morning,Weekday,Morning,20180718,0926,0936,event:roadwork_construction,Heavy Clouds,61,UD4H,3,1,1,1,,,1,,,,,,,,,,,,,1,1,,,,,,,,,,,,,,1,,,,,,,,,,
"5,353",2018 People Staying Counts,RAV3,Weekday1_Morning,Weekday,Morning,20180913,0910,0920,,Heavy Clouds,56,UD4H,1,1,2,1,,,1,,,,,,,,,,,,,1,1,,,,,,,,,,,,1,,,,,,,,,,,,
"5,354",2018 People Staying Counts,RAV3,Weekday1_Morning,Weekday,Morning,20180913,0910,0920,,Heavy Clouds,56,UD4H,2,1,2,,1,,1,,,,,,,,,,,,,1,1,,,,,,,,,,,,1,,,,,,,,,,,,
"5,355",2018 People Staying Counts,RAV3,Weekday1_Morning,Weekday,Morning,20180913,0910,0920,,Heavy Clouds,56,UD4H,3,1,1,1,,,,1,,,,,,,,,,1,,,1,,,,,,,,,,,,,,1,,,1,,,,,,,
"5,356",2018 People Staying Counts,RAV3,Weekday1_Midday,Weekday,Midday,20180913,1230,1240,,Sun-Shaded,62,UD4H,1,1,1,1,,,,,,1,,,,,,,,1,,,1,,,,,,,,,,,,,,,,,1,,,,,,,
"5,357",2018 People Staying Counts,RAV3,Weekday1_Midday,Weekday,Midday,20180913,1230,1240,,Sun-Shaded,62,UD4H,2,1,2,1,,,1,,,,,,,,,,,1,,,1,,,,,,,,,,,,1,,,,,,,,,,,,
"5,358",2018 People Staying Counts,RAV3,Weekday1_Midday,Weekday,Midday,20180913,1230,1240,,Sun-Shaded,62,UD4H,3,1,2,,1,,1,,,,,,,,1,,,,,,1,,,,,,,,,,,,,,,,1,,,,,,,,
"5,359",2018 People Staying Counts,RAV3,Weekday1_Evening,Weekday,Evening,20180913,1622,1632,,Light Clouds,66,UD4H,1,1,1,1,,,1,,,,,,,,,,,1,,,,,,,,1,,,,,,,,,,,,,,1,,,,,
"5,360",2018 People Staying Counts,RAV3,Weekday1_Evening,Weekday,Evening,20180913,1622,1632,,Light Clouds,66,UD4H,2,1,1,1,,,,1,,,,,,,,,,,1,,1,,,,,,,,,,,,,,1,,,,,,,,,,
"5,361",2018 People Staying Counts,RAV3,Weekday1_Evening,Weekday,Evening,20180913,1622,1632,,Light Clouds,66,UD4H,3,1,1,1,,,,1,,,,,,,,,,1,,,,,,,,1,,,,,,,,,,,,1,,,,,,,
"5,362",2018 People Staying Counts,RAV3,Weekday2_Morning,Weekday,Morning,20180914,0850,0900,,Light Rain,55,UD4H,1,0,,,,,,,,,,,,,,,,,,,,,,,,,,,,,,,,,,,,,,,,,,,
"5,363",2018 People Staying Counts,RAV3,Weekday2_Midday,Weekday,Midday,20180914,1224,1234,,Heavy Clouds,62,UD4H,1,1,1,1,,,1,,,,,,,,,,,,1,,1,,,,,,,,,,,,,,1,,,,,,,,,,
"5,364",2018 People Staying Counts,RAV3,Weekday2_Midday,Weekday,Midday,20180914,1224,1234,,Heavy Clouds,62,UD4H,2,1,1,1,,,,,,,,1,,,,,,1,,,1,,,,,,,,,,,1,,,,,,,,1,,,,,
"5,365",2018 People Staying Counts,RAV3,Weekday2_Midday,Weekday,Midday,20180914,1224,1234,,Heavy Clouds,62,UD4H,3,1,1,1,,,1,,,,,,,,,,,1,,,1,,,,,,,,,,,,,,,,1,1,,,,,,,
"5,366",2018 People Staying Counts,RAV3,Weekday2_Evening,Weekday,Evening,20180914,1622,1632,,Heavy Clouds,66,UD4H,1,1,1,1,,,1,,,,,,,,,,,,1,,1,,,,,,,,,,,,,,,,1,1,,,,,,,
"5,367",2018 People Staying Counts,RAV3,Weekend_Midday,Weekend,Midday,20180915,1240,1250,,Light Rain,59,UD4H,1,1,1,1,,,,1,,,,,,,,,1,,,,,1,,,,,,,,,,,,,1,,,1,,,,,,,
"5,368",2018 People Staying Counts,RAV3,Weekend_Midday,Weekend,Midday,20180915,1240,1250,,Light Rain,59,UD4H,2,1,2,,1,,1,,,,,,,,,,,,1,,1,,,,,,,,,,,,1,,,,,,,,,,,,
"5,369",2018 People Staying Counts,RAV3,Weekend_Midday,Weekend,Midday,20180915,1240,1250,,Light Rain,59,UD4H,3,1,2,,1,,1,,,,,,,,,,,,1,,1,,,,,,,,,,,,1,,,,,,,,,,,,
"5,370",2018 People Staying Counts,RAV3,Weekend_Evening,Weekend,Evening,20180915,1621,1631,,Light Rain,64,UD4H,1,1,4,1,,,1,,,,,,,,,,,1,,,1,,,,,,,,,,,,1,,,,,,,,,,,,
"5,371",2018 People Staying Counts,RAV3,Weekend_Evening,Weekend,Evening,20180915,1621,1631,,Light Rain,64,UD4H,2,1,4,1,,,1,,,,,,,,,,,1,,,1,,,,,,,,,,,,1,,,,,,,,,,,,
"5,372",2018 People Staying Counts,RAV3,Weekend_Evening,Weekend,Evening,20180915,1621,1631,,Light Rain,64,UD4H,3,1,4,,1,,1,,,,,,,,,,,1,,,1,,,,,,,,,,,,1,,,,,,,,,,,,
"5,373",2018 People Staying Counts,RAV3,Weekend_Evening,Weekend,Evening,20180915,1621,1631,,Light Rain,64,UD4H,4,1,4,,1,,1,,,,,,,,,,,1,,,1,,,,,,,,,,,,1,,,,,,,,,,,,
"5,374",2018 People Staying Counts,SOP1,Weekday1_Morning,Weekday,Morning,20180828,0949,0959,,Sun-Exposed,61,UD4H,1,0,,,,,,,,,,,,,,,,,,,,,,,,,,,,,,,,,,,,,,,,,,,
"5,375",2018 People Staying Counts,SOP1,Weekday1_Midday,Weekday,Midday,20180828,1227,1237,,Sun-Exposed,75,UD4H,1,1,1,1,,,,,,,,1,,,,,,1,,,1,,,,,,,,,,1,,,,,,,,,,,,,,
"5,376",2018 People Staying Counts,SOP1,Weekday1_Midday,Weekday,Midday,20180828,1227,1237,,Sun-Exposed,75,UD4H,2,1,1,1,,,,1,,,,,,,,,,1,,,,,1,,,,,,,,,,,,,,1,,,,,,,,
"5,377",2018 People Staying Counts,SOP1,Weekday1_Midday,Weekday,Midday,20180828,1227,1237,,Sun-Exposed,75,UD4H,3,1,2,1,,,,,,,,1,,,,1,,,,,1,,,,,,,,,,1,,1,,,,,,,,,,,,
"5,378",2018 People Staying Counts,SOP1,Weekday1_Midday,Weekday,Midday,20180828,1227,1237,,Sun-Exposed,75,UD4H,4,1,2,,1,,,,,,,1,,,,,,1,,,1,,,,,,,,,,1,,1,,,,,,,,,,,,
"5,379",2018 People Staying Counts,SOP1,Weekday1_Midday,Weekday,Midday,20180828,1227,1237,,Sun-Exposed,75,UD4H,5,1,1,,1,,1,,,,,,,,,,,1,,,1,,,,,,,,,,,,,,1,,,,,,,,,,
"5,380",2018 People Staying Counts,SOP1,Weekday1_Midday,Weekday,Midday,20180828,1227,1237,,Sun-Exposed,75,UD4H,6,1,3,1,,,1,,,,,,,,,,,1,,,1,,,,,,,,,,,,1,,,,1,,,,,,,,
"5,381",2018 People Staying Counts,SOP1,Weekday1_Midday,Weekday,Midday,20180828,1227,1237,,Sun-Exposed,75,UD4H,7,1,3,,1,,1,,,,,,,,,,,,1,,1,,,,,,,,,,,,1,,,,1,,,,,,,,
"5,382",2018 People Staying Counts,SOP1,Weekday1_Midday,Weekday,Midday,20180828,1227,1237,,Sun-Exposed,75,UD4H,8,1,3,,1,,1,,,,,,,,,,,1,,,1,,,,,,,,,,,,1,,,,,,,,,,,,
"5,383",2018 People Staying Counts,SOP1,Weekday1_Evening,Weekday,Evening,20180828,1621,1631,,Sun-Exposed,85,UD4H,1,1,1,1,,,1,,,,,,,,,,,1,,,1,,,,,,,,,,,,,,,1,,,,,,,,,
"5,384",2018 People Staying Counts,SOP1,Weekday2_Morning,Weekday,Morning,20180905,0830,0840,,Sun-Exposed,62,UD4H,1,0,,,,,,,,,,,,,,,,,,,,,,,,,,,,,,,,,,,,,,,,,,,
"5,385",2018 People Staying Counts,SOP1,Weekday2_Midday,Weekday,Midday,20180905,1223,1233,,Sun-Exposed,71,UD4H,1,1,1,1,,,,1,,,,,,,,,,1,,,1,,,,,,,,,,,,,,,,,1,,,,,,,
"5,386",2018 People Staying Counts,SOP1,Weekday2_Evening,Weekday,Evening,20180905,1620,1630,,Sun-Shaded,76,UD4H,1,0,,,,,,,,,,,,,,,,,,,,,,,,,,,,,,,,,,,,,,,,,,,
"5,387",2018 People Staying Counts,SOP1,Weekend_Midday,Weekend,Midday,20180915,1250,1300,,Heavy Clouds,61,UD4H,1,1,1,,1,,,,,,,1,,,,,1,,,,1,,,,,,,,,,,,,,1,,,,,,,,,,
"5,388",2018 People Staying Counts,SOP1,Weekend_Midday,Weekend,Midday,20180915,1250,1300,,Heavy Clouds,61,UD4H,2,1,2,1,,,1,,,,,,,,,,,1,,,1,,,,,,,,,1,,,1,,,,,,,,,,,,
"5,389",2018 People Staying Counts,SOP1,Weekend_Midday,Weekend,Midday,20180915,1250,1300,,Heavy Clouds,61,UD4H,3,1,2,,1,,1,,,,,,,,,,,1,,,1,,,,,,,,,1,,,,,,,,,,,,,,,
"5,390",2018 People Staying Counts,SOP1,Weekend_Midday,Weekend,Midday,20180915,1250,1300,,Heavy Clouds,61,UD4H,4,1,2,,1,,,,,,,1,,,,,1,,,,1,,,,,,,,,1,,,,,,,,,,,,,,,
"5,391",2018 People Staying Counts,SOP1,Weekend_Midday,Weekend,Midday,20180915,1250,1300,,Heavy Clouds,61,UD4H,5,1,2,,1,,,,,,,1,,,,,,1,,,1,,,,,,,,,,,,1,,1,,,,,,,,,,
"5,392",2018 People Staying Counts,SOP1,Weekend_Midday,Weekend,Midday,20180915,1250,1300,,Heavy Clouds,61,UD4H,6,1,2,,1,,,,,,,1,,,,,1,,,,1,,,,,,,,,,,,1,,1,,,,,,,,,,
"5,393",2018 People Staying Counts,SOP1,Weekend_Midday,Weekend,Midday,20180915,1250,1300,,Heavy Clouds,61,UD4H,7,1,1,,1,,1,,,,,,,,,,,1,,,1,,,,,,,,,,1,,,,,,,,,,,,,,
"5,394",2018 People Staying Counts,SOP1,Weekend_Evening,Weekend,Evening,20180915,1620,1630,,Light Rain,65,UD4H,1,1,2,1,,,1,,,,,,,,,,,1,,,1,,,,,,,,,,,,1,,,,,,,,,,,,
"5,395",2018 People Staying Counts,SOP1,Weekend_Evening,Weekend,Evening,20180915,1620,1630,,Light Rain,65,UD4H,2,1,2,,1,,1,,,,,,,,,,,1,,,1,,,,,,,,,,,,1,,,,,,,,,,,,
"5,396",2018 People Staying Counts,SOP1,Weekend_Evening,Weekend,Evening,20180915,1620,1630,,Light Rain,65,UD4H,3,1,3,,1,,,,,,,1,,,,,1,,,,1,,,,,,,,,,1,,1,,,,,,,,,,,,
"5,397",2018 People Staying Counts,SOP1,Weekend_Evening,Weekend,Evening,20180915,1620,1630,,Light Rain,65,UD4H,4,1,3,,1,,,,,,,1,,,,,1,,,,1,,,,,,,,,,1,,1,,,,,,,,,,,,
"5,398",2018 People Staying Counts,SOP1,Weekend_Evening,Weekend,Evening,20180915,1620,1630,,Light Rain,65,UD4H,5,1,3,,1,,,,,,,1,,,,,1,,,,1,,,,,,,,,,1,,1,,,,,,,,,,,,
"5,399",2018 People Staying Counts,SOP1,Weekend_Evening,Weekend,Evening,20180915,1620,1630,,Light Rain,65,UD4H,6,1,1,1,,,,,,,,1,,,,,,1,,,1,,,,,,,,,,,,,,,,1,,,,,,,,
"5,400",2018 People Staying Counts,WAL3,Weekday1_Morning,Weekday,Morning,20180822,0850,0900,,Light Clouds,70,UD4H,1,0,,,,,,,,,,,,,,,,,,,,,,,,,,,,,,,,,,,,,,,,,,,
"5,401",2018 People Staying Counts,WAL3,Weekday1_Midday,Weekday,Midday,20180821,1237,1247,,Sun-Shaded,77,UD4H,1,0,,,,,,,,,,,,,,,,,,,,,,,,,,,,,,,,,,,,,,,,,,,
"5,402",2018 People Staying Counts,WAL3,Weekday1_Evening,Weekday,Evening,20180821,1640,1650,,Light Clouds,86,UD4H,1,1,2,,1,,1,,,,,,,,,,,,1,,1,,,,,,,,,,,,,,1,,,,,,,,,,
"5,403",2018 People Staying Counts,WAL3,Weekday1_Evening,Weekday,Evening,20180821,1640,1650,,Light Clouds,86,UD4H,2,1,2,1,,,1,,,,,,,,,1,,,,,1,,,,,,,,,,,,,,,,1,,,,,,,,
"5,404",2018 People Staying Counts,WAL3,Weekday1_Evening,Weekday,Evening,20180821,1640,1650,,Light Clouds,86,UD4H,3,1,1,,1,,1,,,,,,,,,,,1,,,,1,,,,,,,,,,,1,,,,,,,,,,,,
"5,405",2018 People Staying Counts,WAL3,Weekday1_Evening,Weekday,Evening,20180821,1640,1650,,Light Clouds,86,UD4H,4,1,1,,1,,1,,,,,,,,,,,1,,,,,1,,,,,,,,,1,,,1,,,,,,,,,,
"5,407",2018 People Staying Counts,WAL3,Weekday2_Midday,Weekday,Midday,20180823,1316,1326,,Heavy Clouds,67,UD4H,1,1,1,1,,,1,,,,,,,,,,,1,,,1,,,,,,,,,,,,,,,,1,,,,,,,,
"5,408",2018 People Staying Counts,WAL3,Weekday2_Evening,Weekday,Evening,20180823,1628,1638,,Sun-Shaded,71,UD4H,1,1,1,,1,,1,,,,,,,,,,,,1,,1,,,,,,,,,,,,,,1,,,,,,,,,,
"5,409",2018 People Staying Counts,WAL3,Weekday2_Evening,Weekday,Evening,20180823,1628,1638,,Sun-Shaded,71,UD4H,2,1,1,1,,,1,,,,,,,,,,,,1,,1,,,,,,,,,,,,,,1,1,,,,,,,,,
"5,410",2018 People Staying Counts,WAL3,Weekday2_Evening,Weekday,Evening,20180823,1628,1638,,Sun-Shaded,71,UD4H,3,1,3,,1,,1,,,,,,,,,,,,1,,1,,,,,,,,,,,,1,,,,,,,,,,,,
"5,411",2018 People Staying Counts,WAL3,Weekday2_Evening,Weekday,Evening,20180823,1628,1638,,Sun-Shaded,71,UD4H,4,1,3,,1,,1,,,,,,,,,,,,1,,1,,,,,,,,,,,,1,,,,,,,,,,,,
"5,412",2018 People Staying Counts,WAL3,Weekday2_Evening,Weekday,Evening,20180823,1628,1638,,Sun-Shaded,71,UD4H,5,1,3,1,,,1,,,,,,,,,1,,,,,1,,,,,,,,,,,,1,,,,,,,,,,,,
"5,413",2018 People Staying Counts,WAL3,Weekday2_Evening,Weekday,Evening,20180823,1628,1638,,Sun-Shaded,71,UD4H,6,1,1,,1,,1,,,,,,,,,,,,1,,1,,,,,,,,,,1,,,,,,,,,,,,,,
"5,414",2018 People Staying Counts,WAL3,Weekday2_Evening,Weekday,Evening,20180823,1628,1638,,Sun-Shaded,71,UD4H,7,1,5,,1,,,,,,,,,1,,,,,1,,1,,,,,,,,,,,,1,,,1,,,,,,,,,
"5,415",2018 People Staying Counts,WAL3,Weekday2_Evening,Weekday,Evening,20180823,1628,1638,,Sun-Shaded,71,UD4H,8,1,5,,1,,,,,,,,,1,,1,,,,,1,,,,,,,,,,,,1,,,1,,,,,,,,,
"5,416",2018 People Staying Counts,WAL3,Weekday2_Evening,Weekday,Evening,20180823,1628,1638,,Sun-Shaded,71,UD4H,9,1,5,,1,,1,,,,,,,,,1,,,,,1,,,,,,,,,,,,1,,,1,,,,,,,,,
"5,417",2018 People Staying Counts,WAL3,Weekday2_Evening,Weekday,Evening,20180823,1628,1638,,Sun-Shaded,71,UD4H,10,1,5,,1,,1,,,,,,,,,,,,1,,1,,,,,,,,,,,,1,,,1,,,,,,,,,
"5,418",2018 People Staying Counts,WAL3,Weekday2_Evening,Weekday,Evening,20180823,1628,1638,,Sun-Shaded,71,UD4H,11,1,5,1,,,1,,,,,,,,,,,,1,,1,,,,,,,,,,,,1,,,1,,,,,,,,,
"5,419",2018 People Staying Counts,WAL3,Weekend_Midday,Weekend,Midday,20180825,1259,1309,,Heavy Clouds,60,UD4H,1,1,1,,1,,,,,1,,,,,,,,,1,,1,,,,,,,,,,1,,,,,,,,,,,,,,
"5,420",2018 People Staying Counts,WAL3,Weekend_Midday,Weekend,Midday,20180825,1259,1309,,Heavy Clouds,60,UD4H,2,1,4,,1,,,,,1,,,,,,,,,1,,1,,,,,,,,,,,,1,,1,,,,,,,,,,
"5,421",2018 People Staying Counts,WAL3,Weekend_Midday,Weekend,Midday,20180825,1259,1309,,Heavy Clouds,60,UD4H,3,1,4,,1,,,,,1,,,,,,1,,,,,1,,,,,,,,,,,,1,,,,,,,,,,,,
"5,422",2018 People Staying Counts,WAL3,Weekend_Midday,Weekend,Midday,20180825,1259,1309,,Heavy Clouds,60,UD4H,4,1,4,1,,,,,,1,,,,,,1,,,,,1,,,,,,,,,,,,1,,,,,,,,,,,,
"5,423",2018 People Staying Counts,WAL3,Weekend_Midday,Weekend,Midday,20180825,1259,1309,,Heavy Clouds,60,UD4H,5,1,4,1,,,,,,1,,,,,,1,,,,,1,,,,,,,,,,,,1,,,,,,,,,,,,
"5,424",2018 People Staying Counts,WAL3,Weekend_Midday,Weekend,Midday,20180825,1259,1309,,Heavy Clouds,60,UD4H,6,1,1,1,,,1,,,,,,,,,,,1,,,1,,,,,,,,,,1,,,,1,,,,,,,,,,
"5,425",2018 People Staying Counts,WAL3,Weekend_Midday,Weekend,Midday,20180825,1259,1309,,Heavy Clouds,60,UD4H,7,1,2,1,,,1,,,,,,,,,,,1,,,1,,,,,,,,,,,,1,,,1,,,,,,,,,
"5,426",2018 People Staying Counts,WAL3,Weekend_Midday,Weekend,Midday,20180825,1259,1309,,Heavy Clouds,60,UD4H,8,1,2,,1,,1,,,,,,,,,,,1,,,1,,,,,,,,,,,,1,,,1,,,,,,,,,
"5,427",2018 People Staying Counts,WAL3,Weekend_Evening,Weekend,Evening,20180825,1639,1649,,Heavy Clouds,62,UD4H,1,1,2,1,,,1,,,,,,,,,,1,,,,,,1,,,,,,,,,1,1,,,,,,,,,,,,
"5,428",2018 People Staying Counts,WAL3,Weekend_Evening,Weekend,Evening,20180825,1639,1649,,Heavy Clouds,62,UD4H,2,1,2,,1,,1,,,,,,,,,,1,,,,,,1,,,,,,,,,1,1,,,,,,,,,,,,
"5,429",2018 People Staying Counts,WAL3,Weekend_Evening,Weekend,Evening,20180825,1639,1649,,Heavy Clouds,62,UD4H,3,1,2,,1,,1,,,,,,,,,,,1,,,1,,,,,,,,,,1,,1,,,,,,,,,,,,
"5,430",2018 People Staying Counts,WAL3,Weekend_Evening,Weekend,Evening,20180825,1639,1649,,Heavy Clouds,62,UD4H,4,1,2,1,,,1,,,,,,,,,,,1,,,1,,,,,,,,,,1,,1,,,,,,,,,,,,
"5,431",2018 People Staying Counts,LAK2,Weekday1_Morning,Weekday,Morning,20180910,1019,1029,,Heavy Clouds,62,UD4H,1,1,2,1,,,1,,,,,,,,,,,1,,,,,1,,,,,,,,,1,1,,,,,,,,,,,,
"5,432",2018 People Staying Counts,LAK2,Weekday1_Morning,Weekday,Morning,20180910,1019,1029,,Heavy Clouds,62,UD4H,2,1,2,1,,,1,,,,,,,,,,,,,1,,,1,,,,,,,,,1,1,,,,,,,,,,,,
"5,433",2018 People Staying Counts,LAK2,Weekday1_Midday,Weekday,Midday,20180910,1340,1350,,Light Clouds,66,UD4H,1,1,1,1,,,1,,,,,,,,,,,,1,,,,1,,,,,,,,,1,,,,,,,,,,,,,
"5,434",2018 People Staying Counts,LAK2,Weekday1_Midday,Weekday,Midday,20180910,1340,1350,,Light Clouds,66,UD4H,2,1,1,1,,,1,,,,,,,,,,,,1,,,1,,,,,,,,,,,,,1,,,,,,,,,,
"5,435",2018 People Staying Counts,LAK2,Weekday1_Evening,Weekday,Evening,20180910,1737,1747,,Heavy Clouds,65,UD4H,1,1,1,1,,,,,,,,,,1,,,,1,,,1,,,,,,,,,,,,,,,1,,,,,,,,,
"5,436",2018 People Staying Counts,LAK2,Weekday1_Evening,Weekday,Evening,20180910,1737,1747,,Heavy Clouds,65,UD4H,2,1,2,1,,,1,,,,,,,,,,,1,,,1,,,,,,,,,,,,1,,,,,,,,,,,,
"5,437",2018 People Staying Counts,LAK2,Weekday1_Evening,Weekday,Evening,20180910,1737,1747,,Heavy Clouds,65,UD4H,3,1,2,1,,,1,,,,,,,,,,,1,,,1,,,,,,,,,,,,1,,,,,,,,,,,,
"5,438",2018 People Staying Counts,LAK2,Weekday2_Morning,Weekday,Morning,20180914,0841,0851,,Light Rain,57,UD4H,1,0,,,,,,,,,,,,,,,,,,,,,,,,,,,,,,,,,,,,,,,,,,,
"5,439",2018 People Staying Counts,LAK2,Weekday2_Midday,Weekday,Midday,20180911,1335,1345,,Sun-Shaded,66,UD4H,1,1,1,1,,,1,,,,,,,,,,,,1,,1,,,,,,,,,,,,,,,,,,,1,,,,,
"5,440",2018 People Staying Counts,LAK2,Weekday2_Evening,Weekday,Evening,20180911,1750,1800,,Sun-Shaded,65,UD4H,1,1,2,1,,,1,,,,,,,,,,,,1,,1,,,,,,,,,,,,1,,,,,,1,,,,,,
"5,441",2018 People Staying Counts,LAK2,Weekday2_Evening,Weekday,Evening,20180911,1750,1800,,Sun-Shaded,65,UD4H,2,1,2,1,,,1,,,,,,,,,,,,1,,1,,,,,,,,,,,,1,,,,,,1,,,,,,
"5,442",2018 People Staying Counts,LAK2,Weekday2_Evening,Weekday,Evening,20180911,1750,1800,,Sun-Shaded,65,UD4H,3,1,1,,1,,1,,,,,,,,,,,,1,,1,,,,,,,,,,,,,,,,,,,1,,,,,
"5,443",2018 People Staying Counts,LAK2,Weekday2_Evening,Weekday,Evening,20180911,1750,1800,,Sun-Shaded,65,UD4H,4,1,1,1,,,1,,,,,,,,,,,1,,,1,,,,,,,,,,,,,,1,,,1,,,,,,,
"5,444",2018 People Staying Counts,LAK2,Weekend_Midday,Weekend,Midday,20180915,1400,1410,,Heavy Clouds,62,UD4H,1,1,4,1,,,1,,,,,,,,,,,1,,,1,,,,,,,,,,,,1,,,,,,,,,,,,
"5,445",2018 People Staying Counts,LAK2,Weekend_Midday,Weekend,Midday,20180915,1400,1410,,Heavy Clouds,62,UD4H,2,1,4,1,,,1,,,,,,,,,,,,1,,1,,,,,,,,,,,,1,,,,,,,,,,,,
"5,446",2018 People Staying Counts,LAK2,Weekend_Midday,Weekend,Midday,20180915,1400,1410,,Heavy Clouds,62,UD4H,3,1,4,,1,,1,,,,,,,,,,,1,,,,,1,,,,,,,,,1,1,,,,,,,,,,,,
"5,447",2018 People Staying Counts,LAK2,Weekend_Midday,Weekend,Midday,20180915,1400,1410,,Heavy Clouds,62,UD4H,4,1,4,,1,,1,,,,,,,,,,,1,,,,,1,,,,,,,,,1,1,,,,,,,,,,,,
"5,448",2018 People Staying Counts,LAK2,Weekend_Midday,Weekend,Midday,20180915,1400,1410,,Heavy Clouds,62,UD4H,5,1,1,1,,,1,,,,,,,,,,,1,,,,,1,,,,,,,,,1,1,,,,,,,,,,,,
"5,449",2018 People Staying Counts,LAK2,Weekend_Midday,Weekend,Midday,20180915,1400,1410,,Heavy Clouds,62,UD4H,6,1,2,1,,,,,,1,,,,,,,,1,,,1,,,,,,,,,,,,1,,1,,,,,,,,,,
"5,450",2018 People Staying Counts,LAK2,Weekend_Midday,Weekend,Midday,20180915,1400,1410,,Heavy Clouds,62,UD4H,7,1,2,,1,,,,,1,,,,,,,,1,,,1,,,,,,,,,,,,1,,1,,,,,,,,,,
"5,451",2018 People Staying Counts,LAK2,Weekend_Midday,Weekend,Midday,20180915,1400,1410,,Heavy Clouds,62,UD4H,8,1,2,1,,,,,,,,,,1,,,,1,,,1,,,,,,,,,,,,1,,,,,,,,,,,,
"5,452",2018 People Staying Counts,LAK2,Weekend_Midday,Weekend,Midday,20180915,1400,1410,,Heavy Clouds,62,UD4H,9,1,2,,1,,,,,,,,,1,,1,,,,,,,,,,1,,,,,,,1,,,,,,,,,,,,
"5,453",2018 People Staying Counts,LAK2,Weekend_Evening,Weekend,Evening,20180915,1735,1745,,Heavy Rain,61,UD4H,1,1,1,1,,,,,,1,,,,,,,,1,,,1,,,,,,,,,,,,,,1,,,,,1,,,,,
"5,454",2018 People Staying Counts,LAK2,Weekend_Evening,Weekend,Evening,20180915,1735,1745,,Heavy Rain,61,UD4H,2,1,3,1,,,1,,,,,,,,1,,,,,,,,,,,1,,,,,,,1,,,,,,,,,,,,
"5,455",2018 People Staying Counts,LAK2,Weekend_Evening,Weekend,Evening,20180915,1735,1745,,Heavy Rain,61,UD4H,3,1,3,1,,,1,,,,,,,,,,,1,,,1,,,,,,,,,,,,1,,,,,,,,,,,,
"5,456",2018 People Staying Counts,LAK2,Weekend_Evening,Weekend,Evening,20180915,1735,1745,,Heavy Rain,61,UD4H,4,1,3,,1,,1,,,,,,,,,,,1,,,1,,,,,,,,,,,,1,,,,,,,,,,,,
"5,457",2018 People Staying Counts,LAK2,Weekend_Evening,Weekend,Evening,20180915,1735,1745,,Heavy Rain,61,UD4H,5,1,2,1,,,1,,,,,,,,,,,1,,,1,,,,,,,,,,,,1,,,,1,,,,,,,,
"5,458",2018 People Staying Counts,LAK2,Weekend_Evening,Weekend,Evening,20180915,1735,1745,,Heavy Rain,61,UD4H,6,1,2,,1,,1,,,,,,,,1,,,,,,,,,,,1,,,,,,,,,,,1,,,,,,,,
"5,459",2018 People Staying Counts,WAL2,Weekday1_Morning,Weekday,Morning,20180809,0913,0923,,Sun-Shaded,65,UD4H,1,1,1,1,,,1,,,,,,,,,,,,,1,1,,,,,,,,,,,,,,,1,,,,,,,,,
"5,460",2018 People Staying Counts,WAL2,Weekday1_Midday,Weekday,Midday,20180809,1308,1318,,Sun-Shaded,72,UD4H,1,1,1,1,,,1,,,,,,,,,,,1,,,1,,,,,,,,1,,,1,,,,,,,,,,,,,
"5,461",2018 People Staying Counts,WAL2,Weekday1_Midday,Weekday,Midday,20180809,1308,1318,,Sun-Shaded,72,UD4H,2,1,1,,1,,1,,,,,,,,,,,1,,,1,,,,,,,,,,,,,,1,,,,,,,,,,
"5,462",2018 People Staying Counts,WAL2,Weekday1_Midday,Weekday,Midday,20180809,1308,1318,,Sun-Shaded,72,UD4H,3,1,2,1,,,1,,,,,,,,,,,1,,,1,,,,,,,,,,,,1,,1,,,,,,,,,,
"5,463",2018 People Staying Counts,WAL2,Weekday1_Midday,Weekday,Midday,20180809,1308,1318,,Sun-Shaded,72,UD4H,4,1,2,1,,,1,,,,,,,,,,,1,,,1,,,,,,,,,,1,,1,,,,,,,,,,,,
"5,464",2018 People Staying Counts,WAL2,Weekday1_Evening,Weekday,Evening,20180809,1707,1717,,Sun-Shaded,88,UD4H,1,0,,,,,,,,,,,,,,,,,,,,,,,,,,,,,,,,,,,,,,,,,,,
"5,465",2018 People Staying Counts,WAL2,Weekday2_Morning,Weekday,Morning,20180810,0910,0920,,Sun-Shaded,70,UD4H,1,1,1,1,,,1,,,,,,,,,,,1,,,,,1,,,,,,,1,,1,,,1,,,,,,,,,,
"5,466",2018 People Staying Counts,WAL2,Weekday2_Morning,Weekday,Morning,20180810,0910,0920,,Sun-Shaded,70,UD4H,2,1,1,1,,,1,,,,,,,,,,,,1,,1,,,,,,,,1,,,,,,,,,,1,,,,,,
"5,467",2018 People Staying Counts,WAL2,Weekday2_Midday,Weekday,Midday,20180810,1316,1326,,Sun-Shaded,76,UD4H,1,1,1,1,,,1,,,,,,,,,,,1,,,,,1,,,,,,,1,,1,,,1,,,,,,,,,,
"5,468",2018 People Staying Counts,WAL2,Weekday2_Midday,Weekday,Midday,20180810,1316,1326,,Sun-Shaded,76,UD4H,2,1,1,,1,,1,,,,,,,,,,,1,,,1,,,,,,,,,1,,,,,1,,,,,,,,,,
"5,469",2018 People Staying Counts,WAL2,Weekday2_Midday,Weekday,Midday,20180810,1316,1326,,Sun-Shaded,76,UD4H,3,1,3,,1,,1,,,,,,,,,,,1,,,1,,,,,,,,,,1,,1,,,,,,,,,,,,
"5,470",2018 People Staying Counts,WAL2,Weekday2_Midday,Weekday,Midday,20180810,1316,1326,,Sun-Shaded,76,UD4H,4,1,3,1,,,1,,,,,,,,,1,,,,,1,,,,,,,,,,,,1,,,,,,,,,,,,
"5,471",2018 People Staying Counts,WAL2,Weekday2_Midday,Weekday,Midday,20180810,1316,1326,,Sun-Shaded,76,UD4H,5,1,3,1,,,1,,,,,,,,,1,,,,,1,,,,,,,,,,,,1,,,,,,,,,,,,
"5,472",2018 People Staying Counts,WAL2,Weekday2_Evening,Weekday,Evening,20180810,1706,1716,,Sun-Shaded,82,UD4H,1,1,1,1,,,1,,,,,,,,,,,1,,,,,1,,,,,,,,,,,,1,,,,,,,,,,
"5,473",2018 People Staying Counts,WAL2,Weekday2_Evening,Weekday,Evening,20180810,1706,1716,,Sun-Shaded,82,UD4H,2,1,1,,1,,,,,,,1,,,,,,1,,,,,1,,,,,,,1,,,,,1,,,,,,,,,,
"5,474",2018 People Staying Counts,WAL2,Weekday2_Evening,Weekday,Evening,20180810,1706,1716,,Sun-Shaded,82,UD4H,3,1,1,1,,,1,,,,,,,,,,,1,,,1,,,,,,,,,,,1,1,,1,,,,,,,,,,
"5,475",2018 People Staying Counts,WAL2,Weekday2_Evening,Weekday,Evening,20180810,1706,1716,,Sun-Shaded,82,UD4H,4,1,1,,1,,,1,,,,,,,,,,,1,,1,,,,,,,,,,1,,1,,,,,,,,,,,,
"5,476",2018 People Staying Counts,WAL2,Weekday2_Evening,Weekday,Evening,20180810,1706,1716,,Sun-Shaded,82,UD4H,5,1,1,,1,,1,,,,,,,,,,1,,,,,,1,,,,,,,,,,,,1,,,,,,,,,,
"5,477",2018 People Staying Counts,WAL2,Weekend_Midday,Weekend,Midday,20180818,1304,1314,,Sun-Shaded,70,UD4H,1,1,5,1,,,1,,,,,,,,,,,,,1,1,,,,,,,,,,1,,1,,,,,,,,,,,,
"5,478",2018 People Staying Counts,WAL2,Weekend_Midday,Weekend,Midday,20180818,1304,1314,,Sun-Shaded,70,UD4H,2,1,5,,1,,1,,,,,,,,,,,,1,,1,,,,,,,,,,1,,1,,,,,,,,,,,,
"5,479",2018 People Staying Counts,WAL2,Weekend_Midday,Weekend,Midday,20180818,1304,1314,,Sun-Shaded,70,UD4H,3,1,5,,1,,1,,,,,,,,,,,1,,,1,,,,,,,,,,1,,1,,1,,,,,,,,,,
"5,480",2018 People Staying Counts,WAL2,Weekend_Midday,Weekend,Midday,20180818,1304,1314,,Sun-Shaded,70,UD4H,4,1,5,1,,,1,,,,,,,,,,,1,,,1,,,,,,,,,,1,,1,,1,,,,,,,,,,
"5,481",2018 People Staying Counts,WAL2,Weekend_Midday,Weekend,Midday,20180818,1304,1314,,Sun-Shaded,70,UD4H,5,1,5,,,1,1,,,,,,,,1,,,,,,,,,,,1,,,,,,,1,,,,1,,,,,,,,
"5,482",2018 People Staying Counts,WAL2,Weekend_Evening,Weekend,Evening,20180818,1716,1726,,Sun-Shaded,76,UD4H,1,1,1,,1,,1,,,,,,,,,,,,,1,,,1,,,,,,,1,,1,,,,,,,,,,,,,
"5,483",2018 People Staying Counts,WAL2,Weekend_Evening,Weekend,Evening,20180818,1716,1726,,Sun-Shaded,76,UD4H,2,1,1,,1,,1,,,,,,,,,,1,,,,1,,,,,,,,,1,,,,,,,,,,,,,,,
"5,484",2018 People Staying Counts,WAL2,Weekend_Evening,Weekend,Evening,20180818,1716,1726,,Sun-Shaded,76,UD4H,3,1,1,,1,,,,,1,,,,,,,1,,,,,,1,,,,,,,1,1,1,,,1,,,,,,,,,,
"5,490",2018 People Staying Counts,RAI2,Weekday2_Morning,Weekday,Morning,20180822,0920,0930,,Light Clouds,68,UD4H,1,1,1,1,,,1,,,,,,,,,,,1,,,,,1,,,,,,,,,1,,,,,,1,,,,,,,
"5,491",2018 People Staying Counts,RAI2,Weekday2_Morning,Weekday,Morning,20180822,0920,0930,,Light Clouds,68,UD4H,2,1,3,,1,,,1,,,,,,,,,,1,,,,,1,,,,,,,,,,1,,,,,1,,,,,,,
"5,492",2018 People Staying Counts,RAI2,Weekday2_Morning,Weekday,Morning,20180822,0920,0930,,Light Clouds,68,UD4H,3,1,3,,1,,,1,,,,,,,,,,1,,,,,1,,,,,,,,,,1,,,,,1,,,,,,,
"5,493",2018 People Staying Counts,RAI2,Weekday2_Morning,Weekday,Morning,20180822,0920,0930,,Light Clouds,68,UD4H,4,1,3,,1,,,1,,,,,,,,1,,,,,,,1,,,,,,,,,,1,,,,,1,,,,,,,
"5,494",2018 People Staying Counts,RAI2,Weekday2_Midday,Weekday,Midday,20180822,1310,1320,,Light Clouds,80,UD4H,1,1,1,1,,,,1,,,,,,,,,,1,,,,,,,,1,,,,,,,,,,,1,,,,,,1,,
"5,495",2018 People Staying Counts,RAI2,Weekday2_Evening,Weekday,Evening,20180822,1705,1715,,Light Clouds,89,UD4H,1,0,,,,,,,,,,,,,,,,,,,,,,,,,,,,,,,,,,,,,,,,,,,
"5,496",2018 People Staying Counts,MAG2,Weekday1_Morning,Weekday,Morning,20180806,0950,1000,,Sun-Shaded,63,UD4H,1,1,1,,1,,1,,,,,,,,,,,,1,,1,,,,,,,,,,,,1,,,,,,,,,,,1,
"5,497",2018 People Staying Counts,MAG2,Weekday1_Morning,Weekday,Morning,20180806,0950,1000,,Sun-Shaded,63,UD4H,2,1,1,,1,,1,,,,,,,,,,,1,,,,,1,,,,,,,,,1,,,1,,1,,,,,,,,
"5,498",2018 People Staying Counts,MAG2,Weekday1_Morning,Weekday,Morning,20180806,0950,1000,,Sun-Shaded,63,UD4H,3,1,1,1,,,1,,,,,,,,,,,1,,,,,1,,,,,,,,,1,,,1,,,,,,,,,,
"5,499",2018 People Staying Counts,MAG2,Weekday1_Morning,Weekday,Morning,20180806,0950,1000,,Sun-Shaded,63,UD4H,4,1,2,1,,,1,,,,,,,,,,,,1,,,,1,,,,,,,,,1,1,,,,,,,,,,,,
"5,500",2018 People Staying Counts,MAG2,Weekday1_Morning,Weekday,Morning,20180806,0950,1000,,Sun-Shaded,63,UD4H,5,1,2,,1,,1,,,,,,,,,,,,1,,,,1,,,,,,,,,1,1,,,,,,,,,,,,
"5,501",2018 People Staying Counts,MAG2,Weekday1_Midday,Weekday,Midday,20180806,1323,1333,,Sun-Shaded,77,UD4H,1,1,1,,1,,1,,,,,,,,,,,1,,,,,1,,,,,,,1,,,,,1,,1,,,,,,,,
"5,502",2018 People Staying Counts,MAG2,Weekday1_Midday,Weekday,Midday,20180806,1323,1333,,Sun-Shaded,77,UD4H,2,1,2,1,,,1,,,,,,,,,,,1,,,,,1,,,,,,,,,1,,,1,,,,,,,,,,
"5,503",2018 People Staying Counts,MAG2,Weekday1_Midday,Weekday,Midday,20180806,1323,1333,,Sun-Shaded,77,UD4H,3,1,2,,,1,1,,,,,,,,1,,,,,,,,,,1,,,,,,,,,,,,1,,,,,,,,
"5,504",2018 People Staying Counts,MAG2,Weekday1_Midday,Weekday,Midday,20180806,1323,1333,,Sun-Shaded,77,UD4H,4,1,1,1,,,1,,,,,,,,,,,1,,,,1,,,,,,,,,,,,,1,,,,,,,,,,
"5,505",2018 People Staying Counts,MAG2,Weekday1_Evening,Weekday,Evening,20180806,1714,1724,,Sun-Shaded,84,UD4H,1,1,1,,1,,1,,,,,,,,,,1,,,,,,1,,,,,,,,,1,,,1,,,,,,,,,,
"5,506",2018 People Staying Counts,MAG2,Weekday2_Morning,Weekday,Morning,20180810,0923,0933,,Sun-Shaded,65,UD4H,1,1,1,1,,,1,,,,,,,,,,,1,,,,,1,,,,,,,,,,,,1,,,,,,,,,,
"5,507",2018 People Staying Counts,MAG2,Weekday2_Morning,Weekday,Morning,20180810,0923,0933,,Sun-Shaded,65,UD4H,2,1,2,,1,,1,,,,,,,,,,,1,,,,,1,,,,,,,,,1,1,,1,,,,,,,,,,
"5,508",2018 People Staying Counts,MAG2,Weekday2_Morning,Weekday,Morning,20180810,0923,0933,,Sun-Shaded,65,UD4H,3,1,2,,1,,1,,,,,,,,,,,1,,,,,1,,,,,,,,,1,1,,1,,,,,,,,,,
"5,509",2018 People Staying Counts,MAG2,Weekday2_Morning,Weekday,Morning,20180810,0923,0933,,Sun-Shaded,65,UD4H,4,1,2,1,,,1,,,,,,,,,,,,,1,,,1,,,,,,,,,1,1,,,,,,,,,,,,
"5,510",2018 People Staying Counts,MAG2,Weekday2_Morning,Weekday,Morning,20180810,0923,0933,,Sun-Shaded,65,UD4H,5,1,2,,1,,1,,,,,,,,,,,,,1,,,1,,,,,,,,,1,1,,,,,,,,,,,,
"5,511",2018 People Staying Counts,MAG2,Weekday2_Midday,Weekday,Midday,20180810,1323,1333,,Sun-Shaded,75,UD4H,1,1,1,1,,,1,,,,,,,,,,,,1,,,,1,,,,,,,,,1,,,1,,1,,,,,,,,
"5,512",2018 People Staying Counts,MAG2,Weekday2_Evening,Weekday,Evening,20180810,1718,1728,,Sun-Shaded,82,UD4H,1,1,1,1,,,1,,,,,,,,,,,,1,,1,,,,,,,,,,,,,,,,1,,,,,,,,
"5,513",2018 People Staying Counts,MAG2,Weekend_Midday,Weekend,Midday,20180811,1416,1426,event:commercial_event,Heavy Clouds,69,UD4H,1,1,2,,1,,1,,,,,,,,,,1,,,,1,,,,,,,,,,,,1,,,,,,,,,,,,
"5,514",2018 People Staying Counts,MAG2,Weekend_Midday,Weekend,Midday,20180811,1416,1426,event:commercial_event,Heavy Clouds,69,UD4H,2,1,2,,1,,1,,,,,,,,,,1,,,,,,1,,,,,,,,,,1,,,,,,,,,,,,
"5,515",2018 People Staying Counts,MAG2,Weekend_Midday,Weekend,Midday,20180811,1416,1426,event:commercial_event,Heavy Clouds,69,UD4H,3,1,1,,1,,1,,,,,,,,,,,,1,,1,,,,,,,,1,,,,,,,,,,,,,,,,
"5,516",2018 People Staying Counts,MAG2,Weekend_Midday,Weekend,Midday,20180811,1416,1426,event:commercial_event,Heavy Clouds,69,UD4H,4,1,2,1,,,,,,,,,,1,,,1,,,,,,1,,,,,,,,,1,1,,,,,,,,,,,,
"5,517",2018 People Staying Counts,MAG2,Weekend_Midday,Weekend,Midday,20180811,1416,1426,event:commercial_event,Heavy Clouds,69,UD4H,5,1,2,,1,,,,,,,,,1,,,,,1,,,,1,,,,,,,1,,1,1,,,,,,,,,,,,
"5,518",2018 People Staying Counts,MAG2,Weekend_Midday,Weekend,Midday,20180811,1416,1426,event:commercial_event,Heavy Clouds,69,UD4H,6,1,2,1,,,1,,,,,,,,,,,,,1,,,1,,,,,,,1,,1,1,,,,,,,,,,,,
"5,519",2018 People Staying Counts,MAG2,Weekend_Midday,Weekend,Midday,20180811,1416,1426,event:commercial_event,Heavy Clouds,69,UD4H,7,1,2,,1,,1,,,,,,,,,,,,,1,,,1,,,,,,,,,1,1,,,,,,,,,,,,
"5,520",2018 People Staying Counts,MAG2,Weekend_Midday,Weekend,Midday,20180811,1416,1426,event:commercial_event,Heavy Clouds,69,UD4H,8,1,7,,1,,1,,,,,,,,,,,1,,,1,,,,,,,,,,1,,1,,,,,,,,,,,,
"5,521",2018 People Staying Counts,MAG2,Weekend_Midday,Weekend,Midday,20180811,1416,1426,event:commercial_event,Heavy Clouds,69,UD4H,9,1,7,1,,,1,,,,,,,,,,,,1,,1,,,,,,,,,,1,,1,,,,,,,,,,,,
"5,522",2018 People Staying Counts,MAG2,Weekend_Midday,Weekend,Midday,20180811,1416,1426,event:commercial_event,Heavy Clouds,69,UD4H,10,1,7,,1,,1,,,,,,,,,,,,1,,1,,,,,,,,,,1,,1,,,,,,,,,,,,
"5,523",2018 People Staying Counts,MAG2,Weekend_Midday,Weekend,Midday,20180811,1416,1426,event:commercial_event,Heavy Clouds,69,UD4H,11,1,7,,1,,1,,,,,,,,,,,1,,,1,,,,,,,,,,1,,1,,,,,,,,,,,,
"5,524",2018 People Staying Counts,MAG2,Weekend_Midday,Weekend,Midday,20180811,1416,1426,event:commercial_event,Heavy Clouds,69,UD4H,12,1,7,,1,,1,,,,,,,,,,,1,,,,1,,,,,,,,,1,,1,,,,,,,,,,,,
"5,525",2018 People Staying Counts,MAG2,Weekend_Midday,Weekend,Midday,20180811,1416,1426,event:commercial_event,Heavy Clouds,69,UD4H,13,1,7,,1,,1,,,,,,,,,,,,,1,1,,,,,,,,,,,,1,,,,,,1,,,,,,
"5,526",2018 People Staying Counts,MAG2,Weekend_Midday,Weekend,Midday,20180811,1416,1426,event:commercial_event,Heavy Clouds,69,UD4H,14,1,7,1,,,,,,,,,,1,,,,1,,,1,,,,,,,,,,1,,1,,,,,,,,,,,,
"5,527",2018 People Staying Counts,MAG2,Weekend_Midday,Weekend,Midday,20180811,1416,1426,event:commercial_event,Heavy Clouds,69,UD4H,15,1,2,1,,,1,,,,,,,,,,,,1,,1,,,,,,,,,1,,,1,,,,,,,,,,,,
"5,528",2018 People Staying Counts,MAG2,Weekend_Midday,Weekend,Midday,20180811,1416,1426,event:commercial_event,Heavy Clouds,69,UD4H,16,1,2,1,,,,,,,,,,1,,,,,1,,1,,,,,,,,,1,,,1,,1,,,,,,,,,,
"5,529",2018 People Staying Counts,MAG2,Weekend_Midday,Weekend,Midday,20180811,1416,1426,event:commercial_event,Heavy Clouds,69,UD4H,17,1,1,1,,,1,,,,,,,,,,,1,,,1,,,,,,,,1,,,,1,,,,,,,,,,,,
"5,530",2018 People Staying Counts,MAG2,Weekend_Midday,Weekend,Midday,20180811,1416,1426,event:commercial_event,Heavy Clouds,69,UD4H,18,1,1,,1,,1,,,,,,,,,,1,,,,1,,,,,,,,,,,,,,,,,,1,,,,,,
"5,531",2018 People Staying Counts,MAG2,Weekend_Evening,Weekend,Evening,20180811,1628,1638,,Sun-Shaded,71,UD4H,1,1,1,1,,,1,,,,,,,,,,,1,,,,,1,,,,,,,,,1,,,1,,,,,,,,,,
"5,532",2018 People Staying Counts,MAG2,Weekend_Evening,Weekend,Evening,20180811,1628,1638,,Sun-Shaded,71,UD4H,2,1,1,,1,,1,,,,,,,,,,,1,,,1,,,,,,,,,,1,,,,,,,,,,,,,,
"5,533",2018 People Staying Counts,MAG2,Weekend_Evening,Weekend,Evening,20180811,1628,1638,,Sun-Shaded,71,UD4H,3,1,3,,1,,1,,,,,,,,,,,,1,,1,,,,,,,,,,1,,1,,,,,,,,,,,,
"5,534",2018 People Staying Counts,MAG2,Weekend_Evening,Weekend,Evening,20180811,1628,1638,,Sun-Shaded,71,UD4H,4,1,3,,1,,1,,,,,,,,,,1,,,,1,,,,,,,,1,,,,1,,,,,,,,,,,,
"5,535",2018 People Staying Counts,MAG2,Weekend_Evening,Weekend,Evening,20180811,1628,1638,,Sun-Shaded,71,UD4H,5,1,3,,1,,1,,,,,,,,,,1,,,,1,,,,,,,,1,,,,1,,,,,,,,,,,,
"5,536",2018 People Staying Counts,MAG2,Weekend_Evening,Weekend,Evening,20180811,1628,1638,,Sun-Shaded,71,UD4H,6,1,1,,1,,1,,,,,,,,,,,,1,,1,,,,,,,,,,1,,,,,,,,,,,,,,
"5,537",2018 People Staying Counts,MAG2,Weekend_Evening,Weekend,Evening,20180811,1628,1638,,Sun-Shaded,71,UD4H,7,1,1,1,,,1,,,,,,,,,,,,1,,1,,,,,,,,,,,,,,1,,,,,,,,,,
"5,538",2018 People Staying Counts,DEN4,Weekend_Midday,Weekend,Midday,20180804,1339,1349,,Sun-Shaded,62,UD4H,1,1,2,1,,,,,,,,1,,,,,,1,,,1,,,,,,,,,,,,,,1,,,,,,,,,,
"5,539",2018 People Staying Counts,DEN4,Weekend_Midday,Weekend,Midday,20180804,1339,1349,,Sun-Shaded,62,UD4H,2,1,2,1,,,,,,,,1,,,,,1,,,,1,,,,,,,,,,,,,,1,,,,,,,,,,
"5,540",2018 People Staying Counts,DEN4,Weekend_Midday,Weekend,Midday,20180804,1339,1349,,Sun-Shaded,62,UD4H,3,1,1,1,,,,,,1,,,,,,,,1,,,1,,,,,,,,,,,,,,,,1,,,,,,,,
"5,541",2018 People Staying Counts,DEN4,Weekend_Midday,Weekend,Midday,20180804,1339,1349,,Sun-Shaded,62,UD4H,4,1,1,1,,,1,,,,,,,,,,,1,,,1,,,,,,,,,,,,,,,,,1,1,,,,,,
"5,542",2018 People Staying Counts,DEN4,Weekend_Midday,Weekend,Midday,20180804,1339,1349,,Sun-Shaded,62,UD4H,5,1,1,1,,,,1,,,,,,,,,,1,,,,,1,,,,,,,,,,,,1,,,,,,,,,,
"5,543",2018 People Staying Counts,DEN4,Weekend_Midday,Weekend,Midday,20180804,1339,1349,,Sun-Shaded,62,UD4H,6,1,2,1,,,1,,,,,,,,,,,1,,,1,,,,,,,,,,,,1,,,,,,,,,,,,
"5,544",2018 People Staying Counts,DEN4,Weekend_Midday,Weekend,Midday,20180804,1339,1349,,Sun-Shaded,62,UD4H,7,1,2,,1,,1,,,,,,,,,,1,,,,1,,,,,,,,,,,,1,,,,,1,,,,,,,
"5,545",2018 People Staying Counts,DEN4,Weekend_Evening,Weekend,Evening,20180804,1719,1729,,Sun-Shaded,72,UD4H,1,1,2,1,,,1,,,,,,,,,,,1,,,,,1,,,,,,,,,,1,,1,,,,,,,,,,
"5,546",2018 People Staying Counts,DEN4,Weekend_Evening,Weekend,Evening,20180804,1719,1729,,Sun-Shaded,72,UD4H,2,1,2,1,,,,1,,,,,,,,,1,,,,,,1,,,,,,,,,,1,,1,,,,,,,,,,
"5,547",2018 People Staying Counts,DEN4,Weekend_Evening,Weekend,Evening,20180804,1719,1729,,Sun-Shaded,72,UD4H,3,1,1,1,,,1,,,,,,,,,,,1,,,,,1,,,,,,,,,,,,1,,,,,,,,,,
"5,548",2018 People Staying Counts,DEN4,Weekend_Evening,Weekend,Evening,20180804,1719,1729,,Sun-Shaded,72,UD4H,4,1,3,1,,,,,,1,,,,,,,1,,,,,,,1,,,,,,1,1,1,1,,1,,,,,,,,,,
"5,549",2018 People Staying Counts,DEN4,Weekend_Evening,Weekend,Evening,20180804,1719,1729,,Sun-Shaded,72,UD4H,5,1,3,,1,,1,,,,,,,,,,1,,,,,,,1,,,,,,1,1,1,1,,1,,,,,,,,,,
"5,550",2018 People Staying Counts,DEN4,Weekend_Evening,Weekend,Evening,20180804,1719,1729,,Sun-Shaded,72,UD4H,6,1,3,,1,,1,,,,,,,,,,1,,,,,,,1,,,,,,1,1,1,1,,1,,,,,,,,,,
"5,551",2018 People Staying Counts,DEN4,Weekend_Evening,Weekend,Evening,20180804,1719,1729,,Sun-Shaded,72,UD4H,7,1,3,,1,,1,,,,,,,,,,1,,,,,,,1,,,,,,1,1,1,1,,1,,,,,,,,,,
"5,552",2018 People Staying Counts,DEN4,Weekend_Evening,Weekend,Evening,20180804,1719,1729,,Sun-Shaded,72,UD4H,8,1,2,,1,,1,,,,,,,,,,1,,,,,,,1,,,,,,,1,1,1,,1,,,,,,,,,,
"5,553",2018 People Staying Counts,DEN4,Weekend_Evening,Weekend,Evening,20180804,1719,1729,,Sun-Shaded,72,UD4H,9,1,2,1,,,1,,,,,,,,,,1,,,,,,,1,,,,,,,1,1,1,,1,,,,,,,,,,
"5,554",2018 People Staying Counts,DEN4,Weekend_Evening,Weekend,Evening,20180804,1719,1729,,Sun-Shaded,72,UD4H,10,1,1,1,,,1,,,,,,,,,,,1,,,,,,1,,,,,,,,1,1,,1,,,,,,,,,,
"5,555",2018 People Staying Counts,DEN4,Weekend_Evening,Weekend,Evening,20180804,1719,1729,,Sun-Shaded,72,UD4H,11,1,1,1,,,1,,,,,,,,,,,1,,,,,,1,,,,,,,1,1,,,1,,,,,,,,,,
"5,556",2018 People Staying Counts,DEN4,Weekday1_Morning,Weekday,Morning,20180807,0939,0949,,Sun-Shaded,68,UD4H,1,1,1,1,,,1,,,,,,,,,,,1,,,,,1,,,,,,,,,1,,,1,,,1,,,,,,,
"5,557",2018 People Staying Counts,DEN4,Weekday1_Midday,Weekday,Midday,20180807,1253,1303,event:commercial_event,Sun-Shaded,76,UD4H,1,1,1,1,,,1,,,,,,,,,,,1,,,,,1,,,,,,,,,1,,,1,,,,,,,,,,
"5,558",2018 People Staying Counts,DEN4,Weekday1_Midday,Weekday,Midday,20180807,1253,1303,event:commercial_event,Sun-Shaded,76,UD4H,2,1,2,1,,,1,,,,,,,,,,,1,,,,,1,,,,,,,,,1,1,,,,,,,,,,,,
"5,559",2018 People Staying Counts,DEN4,Weekday1_Midday,Weekday,Midday,20180807,1253,1303,event:commercial_event,Sun-Shaded,76,UD4H,3,1,2,1,,,1,,,,,,,,,,,1,,,,,1,,,,,,,,,1,1,,,,,,,,,,,,
"5,560",2018 People Staying Counts,DEN4,Weekday1_Midday,Weekday,Midday,20180807,1253,1303,event:commercial_event,Sun-Shaded,76,UD4H,4,1,1,,1,,1,,,,,,,,,,,1,,,,,1,,,,,,,,,1,,,,,,,,,,,,,
"5,561",2018 People Staying Counts,DEN4,Weekday1_Midday,Weekday,Midday,20180807,1253,1303,event:commercial_event,Sun-Shaded,76,UD4H,5,1,1,1,,,,,,1,,,,,,,,1,,,,,1,,,,,,,,,1,,,1,,,,,,,,,,
"5,562",2018 People Staying Counts,DEN4,Weekday1_Midday,Weekday,Midday,20180807,1253,1303,event:commercial_event,Sun-Shaded,76,UD4H,6,1,2,1,,,1,,,,,,,,,,,1,,,,,1,,,,,,,,,1,1,,,,,,,,,,,,
"5,563",2018 People Staying Counts,DEN4,Weekday1_Midday,Weekday,Midday,20180807,1253,1303,event:commercial_event,Sun-Shaded,76,UD4H,7,1,2,1,,,1,,,,,,,,,,,1,,,,,1,,,,,,,,,1,,,1,,,,,,,,,,
"5,564",2018 People Staying Counts,DEN4,Weekday1_Midday,Weekday,Midday,20180807,1253,1303,event:commercial_event,Sun-Shaded,76,UD4H,8,1,2,1,,,1,,,,,,,,,,,1,,,,,,1,,,,,,,,1,1,,,,,,,,,,,,
"5,565",2018 People Staying Counts,DEN4,Weekday1_Midday,Weekday,Midday,20180807,1253,1303,event:commercial_event,Sun-Shaded,76,UD4H,9,1,2,1,,,1,,,,,,,,,,,1,,,,,,1,,,,,,,,1,1,,,,,,,,,,,,
"5,566",2018 People Staying Counts,DEN4,Weekday1_Midday,Weekday,Midday,20180807,1253,1303,event:commercial_event,Sun-Shaded,76,UD4H,10,1,1,1,,,1,,,,,,,,,,,1,,,,,1,,,,,,,,,1,,,1,,,,,,,,,,
"5,567",2018 People Staying Counts,DEN4,Weekday1_Midday,Weekday,Midday,20180807,1253,1303,event:commercial_event,Sun-Shaded,76,UD4H,11,1,3,1,,,1,,,,,,,,,,1,,,,,,,1,,,,,,,,1,1,,,,,,,,,,,,
"5,568",2018 People Staying Counts,DEN4,Weekday1_Midday,Weekday,Midday,20180807,1253,1303,event:commercial_event,Sun-Shaded,76,UD4H,12,1,3,,1,,1,,,,,,,,,,,1,,,,,,1,,,,,,,,1,1,,,,,,,,,,,,
"5,569",2018 People Staying Counts,DEN4,Weekday1_Midday,Weekday,Midday,20180807,1253,1303,event:commercial_event,Sun-Shaded,76,UD4H,13,1,3,1,,,,,,1,,,,,,,,1,,,,,,1,,,,,,,,1,1,,,,,,,,,,,,
"5,570",2018 People Staying Counts,DEN4,Weekday1_Midday,Weekday,Midday,20180807,1253,1303,event:commercial_event,Sun-Shaded,76,UD4H,14,1,2,1,,,,1,,,,,,,,,,1,,,,,1,,,,,,,,,,1,,,,,,,,,,,,
"5,571",2018 People Staying Counts,DEN4,Weekday1_Midday,Weekday,Midday,20180807,1253,1303,event:commercial_event,Sun-Shaded,76,UD4H,15,1,2,1,,,,1,,,,,,,,,,1,,,,,1,,,,,,,,,,1,,,,,,,,,,,,
"5,572",2018 People Staying Counts,DEN4,Weekday1_Midday,Weekday,Midday,20180807,1253,1303,event:commercial_event,Sun-Shaded,76,UD4H,16,1,2,1,,,1,,,,,,,,,,,1,,,,,1,,,,,,,,,1,1,,,,,,,,,,,,
"5,573",2018 People Staying Counts,DEN4,Weekday1_Midday,Weekday,Midday,20180807,1253,1303,event:commercial_event,Sun-Shaded,76,UD4H,17,1,2,1,,,1,,,,,,,,,,,1,,,,,1,,,,,,,,,1,1,,,,,,,,,,,,
"5,574",2018 People Staying Counts,DEN4,Weekday1_Midday,Weekday,Midday,20180807,1253,1303,event:commercial_event,Sun-Shaded,76,UD4H,18,1,2,1,,,1,,,,,,,,,,,1,,,,,,1,,,,,,,,1,1,,,,,,,,,,,,
"5,575",2018 People Staying Counts,DEN4,Weekday1_Midday,Weekday,Midday,20180807,1253,1303,event:commercial_event,Sun-Shaded,76,UD4H,19,1,2,,1,,1,,,,,,,,,,,1,,,,,,1,,,,,,,,1,1,,,,,,,,,,,,
"5,576",2018 People Staying Counts,DEN4,Weekday1_Midday,Weekday,Midday,20180807,1253,1303,event:commercial_event,Sun-Shaded,76,UD4H,20,1,2,,1,,1,,,,,,,,,,,1,,,,,,1,,,,,,,,1,1,,,,,,,,,,,,
"5,577",2018 People Staying Counts,DEN4,Weekday1_Midday,Weekday,Midday,20180807,1253,1303,event:commercial_event,Sun-Shaded,76,UD4H,21,1,2,1,,,1,,,,,,,,,,,1,,,,,,1,,,,,,,,1,1,,,,,,,,,,,,
"5,578",2018 People Staying Counts,DEN4,Weekday1_Midday,Weekday,Midday,20180807,1253,1303,event:commercial_event,Sun-Shaded,76,UD4H,22,1,3,1,,,,,,1,,,,,,,,1,,,,,,1,,,,,,,,1,1,,,,,,,,,,,,
"5,579",2018 People Staying Counts,DEN4,Weekday1_Midday,Weekday,Midday,20180807,1253,1303,event:commercial_event,Sun-Shaded,76,UD4H,23,1,3,,1,,,,,1,,,,,,,,1,,,,,,1,,,,,,,,1,1,,,,,,,,,,,,
"5,580",2018 People Staying Counts,DEN4,Weekday1_Midday,Weekday,Midday,20180807,1253,1303,event:commercial_event,Sun-Shaded,76,UD4H,24,1,3,1,,,1,,,,,,,,,,,1,,,,,,1,,,,,,,,1,1,,,,,,,,,,,,
"5,581",2018 People Staying Counts,DEN4,Weekday1_Midday,Weekday,Midday,20180807,1253,1303,event:commercial_event,Sun-Shaded,76,UD4H,25,1,1,,1,,,,,1,,,,,,,,1,,,,,,1,,,,,,,,1,1,,,,,,,,,,,,
"5,582",2018 People Staying Counts,DEN4,Weekday1_Midday,Weekday,Midday,20180807,1253,1303,event:commercial_event,Sun-Shaded,76,UD4H,26,1,2,1,,,1,,,,,,,,,,,1,,,,,,1,,,,,,,,1,1,,,,,,,,,,,,
"5,583",2018 People Staying Counts,DEN4,Weekday1_Midday,Weekday,Midday,20180807,1253,1303,event:commercial_event,Sun-Shaded,76,UD4H,27,1,2,1,,,1,,,,,,,,,,,1,,,,,,1,,,,,,,,1,1,,,,,,,,,,,,
"5,584",2018 People Staying Counts,DEN4,Weekday1_Midday,Weekday,Midday,20180807,1253,1303,event:commercial_event,Sun-Shaded,76,UD4H,28,1,1,1,,,1,,,,,,,,,,,1,,,1,,,,,,,,,,,,1,,,,,,,,,,,,
"5,585",2018 People Staying Counts,DEN4,Weekday1_Midday,Weekday,Midday,20180807,1253,1303,event:commercial_event,Sun-Shaded,76,UD4H,29,1,1,,1,,,1,,,,,,,,,1,,,,1,,,,,,,,,,1,,1,,,,,,,,,,,,
"5,586",2018 People Staying Counts,DEN4,Weekday1_Evening,Weekday,Evening,20180807,1654,1704,,Sun-Shaded,86,UD4H,1,1,1,,1,,,,,1,,,,,,,1,,,,,,1,,,,,,,,,,,,1,,,,,,,,,,
"5,587",2018 People Staying Counts,DEN4,Weekday1_Evening,Weekday,Evening,20180807,1654,1704,,Sun-Shaded,86,UD4H,2,1,2,1,,,1,,,,,,,,,,,1,,,,,,1,,,,,,,,1,1,,,,,,,,,,,,
"5,588",2018 People Staying Counts,DEN4,Weekday1_Evening,Weekday,Evening,20180807,1654,1704,,Sun-Shaded,86,UD4H,3,1,2,1,,,1,,,,,,,,,,,1,,,,,,1,,,,,,,,1,,,,,,,,,,,,,
"5,589",2018 People Staying Counts,DEN4,Weekday1_Evening,Weekday,Evening,20180807,1654,1704,,Sun-Shaded,86,UD4H,4,1,3,,1,,1,,,,,,,,,,,1,,,,,,1,,,,,,,,1,1,,,,,,,,,,,,
"5,590",2018 People Staying Counts,DEN4,Weekday1_Evening,Weekday,Evening,20180807,1654,1704,,Sun-Shaded,86,UD4H,5,1,3,1,,,1,,,,,,,,,,,1,,,,,,1,,,,,,,,1,1,,,,,,,,,,,,
"5,591",2018 People Staying Counts,DEN4,Weekday1_Evening,Weekday,Evening,20180807,1654,1704,,Sun-Shaded,86,UD4H,6,1,3,1,,,1,,,,,,,,,,,1,,,,,,1,,,,,,,,1,1,,,,1,,,,,,,,
"5,592",2018 People Staying Counts,DEN4,Weekday1_Evening,Weekday,Evening,20180807,1654,1704,,Sun-Shaded,86,UD4H,7,1,1,1,,,1,,,,,,,,,,,1,,,,,1,,,,,,,,,1,,,1,,,,,,,,,,
"5,593",2018 People Staying Counts,DEN4,Weekday2_Morning,Weekday,Morning,20180809,0917,0927,,Sun-Shaded,68,UD4H,1,0,,,,,,,,,,,,,,,,,,,,,,,,,,,,,,,,,,,,,,,,,,,
"5,594",2018 People Staying Counts,DEN4,Weekday2_Midday,Weekday,Midday,20180809,1255,1305,,Sun-Shaded,75,UD4H,1,1,2,1,,,,,,1,,,,,,,1,,,,,,1,,,,,,,,,1,1,,,,,,,,,,,,
"5,595",2018 People Staying Counts,DEN4,Weekday2_Midday,Weekday,Midday,20180809,1255,1305,,Sun-Shaded,75,UD4H,2,1,2,,1,,,,,1,,,,,,,,1,,,,,1,,,,,,,,,1,1,,,,,,,,,,,,
"5,596",2018 People Staying Counts,DEN4,Weekday2_Midday,Weekday,Midday,20180809,1255,1305,,Sun-Shaded,75,UD4H,3,1,2,1,,,1,,,,,,,,,,,1,,,,,1,,,,,,,,,,1,,,,1,,,,,,,,
"5,597",2018 People Staying Counts,DEN4,Weekday2_Midday,Weekday,Midday,20180809,1255,1305,,Sun-Shaded,75,UD4H,4,1,2,1,,,1,,,,,,,,,,,1,,,,,1,,,,,,,,,,1,,,,1,,,,,,,,
"5,598",2018 People Staying Counts,DEN4,Weekday2_Midday,Weekday,Midday,20180809,1255,1305,,Sun-Shaded,75,UD4H,5,1,1,1,,,1,,,,,,,,,,,1,,,,,1,,,,,,,,,1,,,1,,,,,,,,,,
"5,599",2018 People Staying Counts,DEN4,Weekday2_Midday,Weekday,Midday,20180809,1255,1305,,Sun-Shaded,75,UD4H,6,1,2,1,,,1,,,,,,,,,,,1,,,,,1,,,,,,,,,1,1,,,,,,,,,,,,
"5,600",2018 People Staying Counts,DEN4,Weekday2_Midday,Weekday,Midday,20180809,1255,1305,,Sun-Shaded,75,UD4H,7,1,2,1,,,1,,,,,,,,,,,1,,,,,1,,,,,,,,,1,1,,,,,,,,,,,,
"5,601",2018 People Staying Counts,DEN4,Weekday2_Midday,Weekday,Midday,20180809,1255,1305,,Sun-Shaded,75,UD4H,8,1,1,1,,,1,,,,,,,,,,,1,,,,,1,,,,,,,,,1,,,,,,,,,,,,,
"5,602",2018 People Staying Counts,DEN4,Weekday2_Midday,Weekday,Midday,20180809,1255,1305,,Sun-Shaded,75,UD4H,9,1,3,1,,,1,,,,,,,,,,,,1,,1,,,,,,,,,,,,1,,,,,,,,,,,,
"5,603",2018 People Staying Counts,DEN4,Weekday2_Midday,Weekday,Midday,20180809,1255,1305,,Sun-Shaded,75,UD4H,10,1,3,1,,,1,,,,,,,,,,,,1,,1,,,,,,,,,,,,1,,,,1,,,,,,,,
"5,604",2018 People Staying Counts,DEN4,Weekday2_Midday,Weekday,Midday,20180809,1255,1305,,Sun-Shaded,75,UD4H,11,1,2,1,,,1,,,,,,,,,,,1,,,,,1,,,,,,,,,1,1,,,,,,,,,,,,
"5,605",2018 People Staying Counts,DEN4,Weekday2_Midday,Weekday,Midday,20180809,1255,1305,,Sun-Shaded,75,UD4H,12,1,2,,1,,1,,,,,,,,,,,1,,,,,1,,,,,,,,,1,1,,,,,,,,,,,,
"5,606",2018 People Staying Counts,DEN4,Weekday2_Midday,Weekday,Midday,20180809,1255,1305,,Sun-Shaded,75,UD4H,13,1,1,,1,,1,,,,,,,,,1,,,,,1,,,,,,,,,,,,1,,,1,,,,,,,,,
"5,607",2018 People Staying Counts,DEN4,Weekday2_Midday,Weekday,Midday,20180809,1255,1305,,Sun-Shaded,75,UD4H,14,1,3,1,,,1,,,,,,,,,,,1,,,,,1,,,,,,,,,1,1,,,,,1,,,,,,,
"5,608",2018 People Staying Counts,DEN4,Weekday2_Midday,Weekday,Midday,20180809,1255,1305,,Sun-Shaded,75,UD4H,15,1,3,1,,,1,,,,,,,,,,,1,,,,,1,,,,,,,,,1,1,,,,,,,,,,,,
"5,609",2018 People Staying Counts,DEN4,Weekday2_Midday,Weekday,Midday,20180809,1255,1305,,Sun-Shaded,75,UD4H,16,1,3,1,,,1,,,,,,,,,,,1,,,,,1,,,,,,,,,1,1,,,,,,,,,,,,
"5,610",2018 People Staying Counts,DEN4,Weekday2_Midday,Weekday,Midday,20180809,1255,1305,,Sun-Shaded,75,UD4H,17,1,2,,1,,1,,,,,,,,,,,1,,,,,,1,,,,,,,,,1,,,,,,,,,,,,
"5,611",2018 People Staying Counts,DEN4,Weekday2_Midday,Weekday,Midday,20180809,1255,1305,,Sun-Shaded,75,UD4H,18,1,2,1,,,,1,,,,,,,,,,1,,,,,,1,,,,,,,,1,1,,,,,,,,,,,,
"5,612",2018 People Staying Counts,DEN4,Weekday2_Midday,Weekday,Midday,20180809,1255,1305,,Sun-Shaded,75,UD4H,19,1,2,1,,,1,,,,,,,,,,,1,,,,,,1,,,,,,,,1,1,,,,,,,,,,,,
"5,613",2018 People Staying Counts,DEN4,Weekday2_Midday,Weekday,Midday,20180809,1255,1305,,Sun-Shaded,75,UD4H,20,1,2,1,,,1,,,,,,,,,,,1,,,,,,1,,,,,,,,1,1,,,,,,,,,,,,
"5,614",2018 People Staying Counts,DEN4,Weekday2_Midday,Weekday,Midday,20180809,1255,1305,,Sun-Shaded,75,UD4H,21,1,1,,1,,1,,,,,,,,,,,1,,,,,1,,,,,,,,,,,,1,,1,,,,,,,,
"5,615",2018 People Staying Counts,DEN4,Weekday2_Evening,Weekday,Evening,20180809,1709,1719,,Sun-Shaded,86,UD4H,1,1,2,1,,,1,,,,,,,,,,,1,,,,,,1,,,,,,,,1,1,,,,,,,,,,,,
"5,616",2018 People Staying Counts,DEN4,Weekday2_Evening,Weekday,Evening,20180809,1709,1719,,Sun-Shaded,86,UD4H,2,1,2,1,,,1,,,,,,,,,,,1,,,,,1,,,,,,,,,1,1,,,,,,,,,,,,
"5,617",2018 People Staying Counts,DEN4,Weekday2_Evening,Weekday,Evening,20180809,1709,1719,,Sun-Shaded,86,UD4H,3,1,3,1,,,1,,,,,,,,,,,1,,,,,,1,,,,,,,,1,1,,,,,,,,,,,,
"5,618",2018 People Staying Counts,DEN4,Weekday2_Evening,Weekday,Evening,20180809,1709,1719,,Sun-Shaded,86,UD4H,4,1,3,1,,,,1,,,,,,,,,,1,,,,,,1,,,,,,,,1,1,,,,,,,,,,,,
"5,619",2018 People Staying Counts,DEN4,Weekday2_Evening,Weekday,Evening,20180809,1709,1719,,Sun-Shaded,86,UD4H,5,1,3,1,,,1,,,,,,,,,,,1,,,,,,1,,,,,,,,1,1,,,,,,,,,,,,
"5,620",2018 People Staying Counts,DEN4,Weekday2_Evening,Weekday,Evening,20180809,1709,1719,,Sun-Shaded,86,UD4H,6,1,2,,1,,1,,,,,,,,,,1,,,,,,,1,,,,,,,,1,1,,,,,,,,,,,,
"5,621",2018 People Staying Counts,DEN4,Weekday2_Evening,Weekday,Evening,20180809,1709,1719,,Sun-Shaded,86,UD4H,7,1,2,,1,,1,,,,,,,,,,1,,,,,,,1,,,,,,,,1,1,,,,,,,,,,,,
"5,622",2018 People Staying Counts,DEN4,Weekday2_Evening,Weekday,Evening,20180809,1709,1719,,Sun-Shaded,86,UD4H,8,1,1,,1,,1,,,,,,,,,,,1,,,1,,,,,,,,,,,,,,1,,,,,,,,,,
"5,623",2018 People Staying Counts,DEN4,Weekday2_Evening,Weekday,Evening,20180809,1709,1719,,Sun-Shaded,86,UD4H,9,1,1,1,,,1,,,,,,,,,,,1,,,,,1,,,,,,,,,1,,,,,,,,,,,,,
"5,624",2018 People Staying Counts,DEN4,Weekday2_Evening,Weekday,Evening,20180809,1709,1719,,Sun-Shaded,86,UD4H,10,1,2,,1,,1,,,,,,,,,,,1,,,,,,1,,,,,,,,1,1,,,,,,,,,,,,
"5,625",2018 People Staying Counts,DEN4,Weekday2_Evening,Weekday,Evening,20180809,1709,1719,,Sun-Shaded,86,UD4H,11,1,2,,1,,1,,,,,,,,,,,1,,,,,,1,,,,,,,,1,1,,,,,,,,,,,,
"5,626",2018 People Staying Counts,DEN4,Weekday2_Evening,Weekday,Evening,20180809,1709,1719,,Sun-Shaded,86,UD4H,12,1,2,,1,,1,,,,,,,,,,,1,,,,,,1,,,,,,,,1,1,,,,,,,,,,,,
"5,627",2018 People Staying Counts,DEN4,Weekday2_Evening,Weekday,Evening,20180809,1709,1719,,Sun-Shaded,86,UD4H,13,1,2,,1,,1,,,,,,,,,,,1,,,,,,1,,,,,,,,1,1,,,,,,,,,,,,
"5,628",2018 People Staying Counts,DEN4,Weekday2_Evening,Weekday,Evening,20180809,1709,1719,,Sun-Shaded,86,UD4H,14,1,2,,1,,1,,,,,,,,,,,1,,,,,,1,,,,,,,,1,1,,,,,,,,,,,,
"5,629",2018 People Staying Counts,LAK1,Weekday1_Morning,Weekday,Morning,20180910,0923,0933,,Heavy Clouds,62,UD4H,1,0,,,,,,,,,,,,,,,,,,,,,,,,,,,,,,,,,,,,,,,,,,,
"5,630",2018 People Staying Counts,LAK1,Weekday1_Midday,Weekday,Midday,20180910,1251,1301,,Heavy Clouds,68,UD4H,1,1,1,1,,,1,,,,,,,,,,,1,,,1,,,,,,,,,,,,,,1,,,,,,,,,,
"5,631",2018 People Staying Counts,LAK1,Weekday1_Evening,Weekday,Evening,20180910,1643,1653,,Heavy Clouds,66,UD4H,1,0,,,,,,,,,,,,,,,,,,,,,,,,,,,,,,,,,,,,,,,,,,,
"5,632",2018 People Staying Counts,LAK1,Weekday2_Morning,Weekday,Morning,20180912,0907,0917,,Light Clouds,57,UD4H,1,1,1,,1,,,1,,,,,,,,,,,1,,1,,,,,,,,,,,,,,,,,1,,,,,,,
"5,633",2018 People Staying Counts,LAK1,Weekday2_Midday,Weekday,Midday,20180911,1230,1240,,Sun-Exposed,66,UD4H,1,0,,,,,,,,,,,,,,,,,,,,,,,,,,,,,,,,,,,,,,,,,,,
"5,634",2018 People Staying Counts,LAK1,Weekday2_Evening,Weekday,Evening,20180911,1700,1710,,Sun-Exposed,65,UD4H,1,1,2,,1,,1,,,,,,,,1,,,,,,,,1,,,,,,,,,1,1,,,,,1,,,,,,,
"5,635",2018 People Staying Counts,LAK1,Weekday2_Evening,Weekday,Evening,20180911,1700,1710,,Sun-Exposed,65,UD4H,2,1,2,1,,,1,,,,,,,,,,,1,,,,,1,,,,,,,,,,1,,,,,1,,,,,,,
"5,636",2018 People Staying Counts,LAK1,Weekday2_Evening,Weekday,Evening,20180911,1700,1710,,Sun-Exposed,65,UD4H,3,1,1,,1,,1,,,,,,,,,,,1,,,1,,,,,,,,,,,,,,,,,1,,,,,,,
"5,637",2018 People Staying Counts,LAK1,Weekday2_Evening,Weekday,Evening,20180911,1700,1710,,Sun-Exposed,65,UD4H,4,1,1,1,,,1,,,,,,,,,,,,1,,,,,,1,,,1,,,,,,,,,,1,,,,,,,
"5,638",2018 People Staying Counts,LAK1,Weekend_Midday,Weekend,Midday,20180915,1310,1320,,Light Rain,61,UD4H,1,0,,,,,,,,,,,,,,,,,,,,,,,,,,,,,,,,,,,,,,,,,,,
"5,639",2018 People Staying Counts,LAK1,Weekend_Evening,Weekend,Evening,20180915,1631,1641,,Light Rain,62,UD4H,1,1,2,1,,,,,,,,,,1,,,,1,,,1,,,,,,,,,,,,1,,,,,,,,,,,,
"5,640",2018 People Staying Counts,LAK1,Weekend_Evening,Weekend,Evening,20180915,1631,1641,,Light Rain,62,UD4H,2,1,2,1,,,,1,,,,,,,,,1,,,,1,,,,,,,,,,,,1,,,,,,,,,,,,
"5,641",2018 People Staying Counts,ALK1,Weekday1_Morning,Weekday,Morning,20180814,0822,0832,,Light Clouds,63,UD4H,1,1,1,1,,,,,,1,,,,,,,,,1,,1,,,,,,,,,,,,,,,,,,1,,,,,,
"5,642",2018 People Staying Counts,ALK1,Weekday1_Midday,Weekday,Midday,20180814,1223,1233,,Light Clouds,73,UD4H,1,1,1,,1,,,,,1,,,,,,,,,1,,,,,1,,,,,,,,1,,,,,,,,,,,,,
"5,643",2018 People Staying Counts,ALK1,Weekday1_Midday,Weekday,Midday,20180814,1223,1233,,Light Clouds,73,UD4H,2,1,1,1,,,1,,,,,,,,,,,,1,,,,,1,,,,,,,,,,,,,1,,,,,,,,
"5,644",2018 People Staying Counts,ALK1,Weekday1_Midday,Weekday,Midday,20180814,1223,1233,,Light Clouds,73,UD4H,3,1,1,1,,,,,,,,1,,,,,,1,,,1,,,,,,,,,,,,,,1,,,,,,,,,,
"5,645",2018 People Staying Counts,ALK1,Weekday1_Midday,Weekday,Midday,20180814,1223,1233,,Light Clouds,73,UD4H,4,1,1,1,,,1,,,,,,,,,,,,1,,,,,1,,,,,,,,,,,,,1,,,1,,,,,
"5,646",2018 People Staying Counts,ALK1,Weekday1_Midday,Weekday,Midday,20180814,1223,1233,,Light Clouds,73,UD4H,5,1,1,,1,,1,,,,,,,,,,1,,,,1,,,,,,,,,,1,1,,,,,,,,,,,,,
"5,647",2018 People Staying Counts,ALK1,Weekday1_Midday,Weekday,Midday,20180814,1223,1233,,Light Clouds,73,UD4H,6,1,1,1,,,,,,,,1,,,,,,1,,,1,,,,,,,,,,1,,,,,,,,,,,,,,
"5,648",2018 People Staying Counts,ALK1,Weekday1_Midday,Weekday,Midday,20180814,1223,1233,,Light Clouds,73,UD4H,7,1,3,,1,,1,,,,,,,,,1,,,,,1,,,,,,,,,,1,,,,,,,,,,,,,,
"5,649",2018 People Staying Counts,ALK1,Weekday1_Midday,Weekday,Midday,20180814,1223,1233,,Light Clouds,73,UD4H,8,1,3,,1,,1,,,,,,,,,1,,,,,1,,,,,,,,,,1,,,,,,,,,,,,,,
"5,650",2018 People Staying Counts,ALK1,Weekday1_Midday,Weekday,Midday,20180814,1223,1233,,Light Clouds,73,UD4H,9,1,3,,1,,1,,,,,,,,,,,1,,,1,,,,,,,,,,1,,,,,,,,,,,,,,
"5,651",2018 People Staying Counts,ALK1,Weekday1_Midday,Weekday,Midday,20180814,1223,1233,,Light Clouds,73,UD4H,10,1,1,1,,,1,,,,,,,,,,1,,,,1,,,,,,,,,,,,,,1,,1,,,,,,,,
"5,652",2018 People Staying Counts,ALK1,Weekday1_Midday,Weekday,Midday,20180814,1223,1233,,Light Clouds,73,UD4H,11,1,1,1,,,1,,,,,,,,,,,,1,,1,,,,,,,,,,,,,,,,1,,,,,,,,
"5,653",2018 People Staying Counts,ALK1,Weekday1_Midday,Weekday,Midday,20180814,1223,1233,,Light Clouds,73,UD4H,12,1,3,1,,,,,,1,,,,,,,1,,,,,,,1,,,,,,,,1,,,,,,,,,,,,,
"5,654",2018 People Staying Counts,ALK1,Weekday1_Midday,Weekday,Midday,20180814,1223,1233,,Light Clouds,73,UD4H,13,1,3,,1,,1,,,,,,,,,,1,,,,1,,,,,,,,,,,1,1,,,,,,,,,,,,
"5,655",2018 People Staying Counts,ALK1,Weekday1_Midday,Weekday,Midday,20180814,1223,1233,,Light Clouds,73,UD4H,14,1,3,,1,,1,,,,,,,,,,1,,,,,,,1,,,,,,,,1,1,,,,,,,,,,,,
"5,656",2018 People Staying Counts,ALK1,Weekday1_Evening,Weekday,Evening,20180814,1624,1634,,Light Clouds,78,UD4H,1,1,2,1,,,1,,,,,,,,,,,1,,,,,,1,,,,,,,,1,1,,,,,,,,,,,,
"5,657",2018 People Staying Counts,ALK1,Weekday1_Evening,Weekday,Evening,20180814,1624,1634,,Light Clouds,78,UD4H,2,1,2,,1,,,1,,,,,,,,,,1,,,,,,1,,,,,,,,,1,,1,,,,,,,,,,
"5,658",2018 People Staying Counts,ALK1,Weekday1_Evening,Weekday,Evening,20180814,1624,1634,,Light Clouds,78,UD4H,3,1,2,,1,,1,,,,,,,,,,1,,,,1,,,,,,,,,,,,,,1,,,,,,,,,,
"5,659",2018 People Staying Counts,ALK1,Weekday1_Evening,Weekday,Evening,20180814,1624,1634,,Light Clouds,78,UD4H,4,1,2,,1,,1,,,,,,,,,,1,,,,1,,,,,,,,,,,,,,,,1,,,,,,,,
"5,660",2018 People Staying Counts,ALK1,Weekday1_Evening,Weekday,Evening,20180814,1624,1634,,Light Clouds,78,UD4H,5,1,1,,1,,,1,,,,,,,,,,1,,,1,,,,,,,,,,,,,,1,,,,,,,,,,
"5,661",2018 People Staying Counts,ALK1,Weekday1_Evening,Weekday,Evening,20180814,1624,1634,,Light Clouds,78,UD4H,6,1,2,1,,,1,,,,,,,,,,,1,,,1,,,,,,,,,,,,1,,1,,,,,,,,,,
"5,662",2018 People Staying Counts,ALK1,Weekday1_Evening,Weekday,Evening,20180814,1624,1634,,Light Clouds,78,UD4H,7,1,2,,1,,1,,,,,,,,,,,1,,,1,,,,,,,,,,,,1,,,,,,,,,,,,
"5,663",2018 People Staying Counts,ALK1,Weekday1_Evening,Weekday,Evening,20180814,1624,1634,,Light Clouds,78,UD4H,8,1,1,1,,,1,,,,,,,,,,1,,,,,,,1,,,,,,,,1,,,,,,,,,,,,,
"5,664",2018 People Staying Counts,ALK1,Weekday1_Evening,Weekday,Evening,20180814,1624,1634,,Light Clouds,78,UD4H,9,1,1,,1,,1,,,,,,,,,,,1,,,,,,1,,,,,,,,1,,,,,1,,,,,,,,
"5,665",2018 People Staying Counts,ALK1,Weekday2_Morning,Weekday,Morning,20180815,0829,0839,,Light Clouds,63,UD4H,1,1,1,1,,,1,,,,,,,,,,,,,1,1,,,,,,,,,,,,,,,,1,,,,,,,,
"5,666",2018 People Staying Counts,ALK1,Weekday2_Morning,Weekday,Morning,20180815,0829,0839,,Light Clouds,63,UD4H,2,1,1,1,,,,,,,,,1,,,,,1,,,1,,,,,,,,,,,,,,1,,,,,,,,,,
"5,667",2018 People Staying Counts,ALK1,Weekday2_Midday,Weekday,Midday,20180815,1222,1232,,Light Clouds,74,UD4H,1,1,1,1,,,1,,,,,,,,,,,,1,,1,,,,,,,,,,,,,,1,,,,,,,,,,
"5,668",2018 People Staying Counts,ALK1,Weekday2_Midday,Weekday,Midday,20180815,1222,1232,,Light Clouds,74,UD4H,2,1,2,1,,,,,,1,,,,,,,,1,,,1,,,,,,,,,,1,,1,,,,,,,,,,,,
"5,669",2018 People Staying Counts,ALK1,Weekday2_Midday,Weekday,Midday,20180815,1222,1232,,Light Clouds,74,UD4H,3,1,2,1,,,,,,1,,,,,,1,,,,,1,,,,,,,,,,1,,1,,,,,,,,,,,,
"5,670",2018 People Staying Counts,ALK1,Weekday2_Evening,Weekday,Evening,20180815,1623,1633,,Light Clouds,84,UD4H,1,1,1,,1,,1,,,,,,,,,,,,1,,,,,1,,,,,,,,,,,1,,,,,,,,,,
"5,671",2018 People Staying Counts,ALK1,Weekday2_Evening,Weekday,Evening,20180815,1623,1633,,Light Clouds,84,UD4H,2,1,1,,1,,1,,,,,,,,,,,,1,,1,,,,,,,,,,,1,,,,,1,,,,,,,,
"5,672",2018 People Staying Counts,ALK1,Weekday2_Evening,Weekday,Evening,20180815,1623,1633,,Light Clouds,84,UD4H,3,1,2,1,,,1,,,,,,,,,,,1,,,,,,1,,,,,,,,1,1,,,,,,,,,,,,
"5,673",2018 People Staying Counts,ALK1,Weekday2_Evening,Weekday,Evening,20180815,1623,1633,,Light Clouds,84,UD4H,4,1,2,,1,,1,,,,,,,,,,,1,,,,,,1,,,,,,,,1,1,,,,,,,,,,,,
"5,674",2018 People Staying Counts,ALK1,Weekday2_Evening,Weekday,Evening,20180815,1623,1633,,Light Clouds,84,UD4H,5,1,1,,1,,,,,1,,,,,,,,1,,,,,,1,,,,,,,,,,,1,,,,,,,,,,
"5,675",2018 People Staying Counts,ALK1,Weekday2_Evening,Weekday,Evening,20180815,1623,1633,,Light Clouds,84,UD4H,6,1,2,1,,,,,,1,,,,,,1,,,,,1,,,,,,,,,,,,1,,,,,,,,,,,,
"5,676",2018 People Staying Counts,ALK1,Weekday2_Evening,Weekday,Evening,20180815,1623,1633,,Light Clouds,84,UD4H,7,1,2,,1,,,,,1,,,,,,,1,,,,1,,,,,,,,,,,,1,,,,,,,,,,,,
"5,677",2018 People Staying Counts,ALK1,Weekday2_Evening,Weekday,Evening,20180815,1623,1633,,Light Clouds,84,UD4H,8,1,3,1,,,1,,,,,,,,,,,1,,,1,,,,,,,,,,1,,1,,,,,,,,,,,,
"5,678",2018 People Staying Counts,ALK1,Weekday2_Evening,Weekday,Evening,20180815,1623,1633,,Light Clouds,84,UD4H,9,1,3,,1,,1,,,,,,,,,,,1,,,1,,,,,,,,,,1,,1,,,,,,,,,,,,
"5,679",2018 People Staying Counts,ALK1,Weekday2_Evening,Weekday,Evening,20180815,1623,1633,,Light Clouds,84,UD4H,10,1,3,,1,,1,,,,,,,,,,,1,,,1,,,,,,,,,,1,,1,,,,,,,,,,,,
"5,680",2018 People Staying Counts,ALK1,Weekday2_Evening,Weekday,Evening,20180815,1623,1633,,Light Clouds,84,UD4H,11,1,2,1,,,1,,,,,,,,,,,1,,,1,,,,,,,,,,,,1,,,,,,,,,,,,
"5,681",2018 People Staying Counts,ALK1,Weekday2_Evening,Weekday,Evening,20180815,1623,1633,,Light Clouds,84,UD4H,12,1,2,1,,,1,,,,,,,,,,,1,,,1,,,,,,,,,,,,1,,,,,,,,,,,,
"5,682",2018 People Staying Counts,ALK1,Weekday2_Evening,Weekday,Evening,20180815,1623,1633,,Light Clouds,84,UD4H,13,1,2,1,,,1,,,,,,,,,,,1,,,1,,,,,,,,,,,,1,,1,,,,,,,,,,
"5,683",2018 People Staying Counts,ALK1,Weekday2_Evening,Weekday,Evening,20180815,1623,1633,,Light Clouds,84,UD4H,14,1,2,,1,,1,,,,,,,,,,,1,,,,,,1,,,,,,,,1,1,,,,,,,,,,,,
"5,684",2018 People Staying Counts,ALK1,Weekday2_Evening,Weekday,Evening,20180815,1623,1633,,Light Clouds,84,UD4H,15,1,2,1,,,1,,,,,,,,,,,1,,,1,,,,,,,,,,1,,1,,,,,,,,,,,,
"5,685",2018 People Staying Counts,ALK1,Weekday2_Evening,Weekday,Evening,20180815,1623,1633,,Light Clouds,84,UD4H,16,1,2,,1,,1,,,,,,,,,,,1,,,1,,,,,,,,,,1,,1,,,,,,,,,,,,
"5,686",2018 People Staying Counts,ALK1,Weekend_Midday,Weekend,Midday,20180818,1138,1148,,Light Clouds,65,UD4H,1,1,2,1,,,,,,,,1,,,,,,1,,,,,,1,,,,,,,,1,1,,,,,,,,,,,,
"5,687",2018 People Staying Counts,ALK1,Weekend_Midday,Weekend,Midday,20180818,1138,1148,,Light Clouds,65,UD4H,2,1,2,,1,,,,,,,1,,,,,,1,,,,,,1,,,,,,,,1,1,,,,,,,,,,,,
"5,688",2018 People Staying Counts,ALK1,Weekend_Midday,Weekend,Midday,20180818,1138,1148,,Light Clouds,65,UD4H,3,1,3,1,,,,,,1,,,,,,,,1,,,,,,1,,,,,,,,1,,,,,1,,,,,,,,
"5,689",2018 People Staying Counts,ALK1,Weekend_Midday,Weekend,Midday,20180818,1138,1148,,Light Clouds,65,UD4H,4,1,3,,1,,,,,1,,,,,,,,1,,,,,,1,,,,,,,,1,,,,,1,,,,,,,,
"5,690",2018 People Staying Counts,ALK1,Weekend_Midday,Weekend,Midday,20180818,1138,1148,,Light Clouds,65,UD4H,5,1,3,,1,,,,,1,,,,,,,1,,,,,,,1,,,,,,,,1,,,,,1,,,,,,,,
"5,691",2018 People Staying Counts,ALK1,Weekend_Midday,Weekend,Midday,20180818,1138,1148,,Light Clouds,65,UD4H,6,1,1,,1,,1,,,,,,,,,,,,1,,1,,,,,,,,,,,,,,,,1,,,,,,,,
"5,692",2018 People Staying Counts,ALK1,Weekend_Midday,Weekend,Midday,20180818,1138,1148,,Light Clouds,65,UD4H,7,1,2,1,,,1,,,,,,,,,,,1,,,1,,,,,,,,,,,,1,,,,,,,,,,,,
"5,693",2018 People Staying Counts,ALK1,Weekend_Midday,Weekend,Midday,20180818,1138,1148,,Light Clouds,65,UD4H,8,1,2,,1,,1,,,,,,,,,,,1,,,1,,,,,,,,,,,,1,,,,,,,,,,,,
"5,694",2018 People Staying Counts,ALK1,Weekend_Midday,Weekend,Midday,20180818,1138,1148,,Light Clouds,65,UD4H,9,1,1,1,,,1,,,,,,,,,,,1,,,1,,,,,,,,,,,,,,1,,,,,,,,,,
"5,695",2018 People Staying Counts,ALK1,Weekend_Midday,Weekend,Midday,20180818,1138,1148,,Light Clouds,65,UD4H,10,1,1,,1,,,,,1,,,,,,,,1,,,,,,1,,,,,,,,1,,,,,1,,,,,,,,
"5,696",2018 People Staying Counts,ALK1,Weekend_Evening,Weekend,Evening,20180818,1539,1549,,Sun-Shaded,74,UD4H,1,1,2,1,,,,,,1,,,,,,,,1,,,1,,,,,,,,,,,,,,,,1,,,,,,,,
"5,697",2018 People Staying Counts,ALK1,Weekend_Evening,Weekend,Evening,20180818,1539,1549,,Sun-Shaded,74,UD4H,2,1,2,,1,,,,,1,,,,,,,,1,,,1,,,,,,,,,,,,,,,,1,,,,,,,,
"5,698",2018 People Staying Counts,ALK1,Weekend_Evening,Weekend,Evening,20180818,1539,1549,,Sun-Shaded,74,UD4H,3,1,1,1,,,,1,,,,,,,,,,1,,,1,,,,,,,,,,,,,,1,,,1,,,,,,,
"5,699",2018 People Staying Counts,ALK1,Weekend_Evening,Weekend,Evening,20180818,1539,1549,,Sun-Shaded,74,UD4H,4,1,4,1,,,1,,,,,,,,,,,1,,,1,,,,,,,,,,,1,,,,,,,,,,,,,
"5,700",2018 People Staying Counts,ALK1,Weekend_Evening,Weekend,Evening,20180818,1539,1549,,Sun-Shaded,74,UD4H,5,1,4,1,,,1,,,,,,,,,,,1,,,1,,,,,,,,,,,,1,,,,,,,,,,,,
"5,701",2018 People Staying Counts,ALK1,Weekend_Evening,Weekend,Evening,20180818,1539,1549,,Sun-Shaded,74,UD4H,6,1,4,,1,,1,,,,,,,,,,,1,,,1,,,,,,,,,,,,1,,,,,,,,,,,,
"5,702",2018 People Staying Counts,ALK1,Weekend_Evening,Weekend,Evening,20180818,1539,1549,,Sun-Shaded,74,UD4H,7,1,4,,1,,1,,,,,,,,,,,1,,,1,,,,,,,,,,,,,,,,1,,,,,,,,
"5,703",2018 People Staying Counts,ALK1,Weekend_Evening,Weekend,Evening,20180818,1539,1549,,Sun-Shaded,74,UD4H,8,1,2,1,,,1,,,,,,,,,,,1,,,1,,,,,,,,,,,,1,,,,1,,,,,,,,
"5,704",2018 People Staying Counts,ALK1,Weekend_Evening,Weekend,Evening,20180818,1539,1549,,Sun-Shaded,74,UD4H,9,1,2,,1,,1,,,,,,,,,,,1,,,1,,,,,,,,,,,,1,,,,1,,,,,,,,
"5,705",2018 People Staying Counts,ALK1,Weekend_Evening,Weekend,Evening,20180818,1539,1549,,Sun-Shaded,74,UD4H,10,1,2,,1,,,1,,,,,,,,1,,,,,1,,,,,,,,,,,,1,,,,1,,,,,,,,
"5,706",2018 People Staying Counts,ALK1,Weekend_Evening,Weekend,Evening,20180818,1539,1549,,Sun-Shaded,74,UD4H,11,1,2,,1,,,1,,,,,,,,1,,,,,1,,,,,,,,,,,,1,,,,1,,,,,,,,
"5,707",2018 People Staying Counts,ALK1,Weekend_Evening,Weekend,Evening,20180818,1539,1549,,Sun-Shaded,74,UD4H,12,1,2,1,,,1,,,,,,,,,,,,1,,,,,1,,,,,,,,1,1,,,,,,,,,,,,
"5,708",2018 People Staying Counts,ALK1,Weekend_Evening,Weekend,Evening,20180818,1539,1549,,Sun-Shaded,74,UD4H,13,1,2,,1,,1,,,,,,,,,,,,1,,1,,,,,,,,,,,1,1,,,,,,,,,,,,
"5,709",2018 People Staying Counts,ALK1,Weekend_Evening,Weekend,Evening,20180818,1539,1549,,Sun-Shaded,74,UD4H,14,1,1,1,,,,,,,,1,,,,,,,1,,,,,1,,,,,,,,,,,,,1,,,,,,,,
"5,710",2018 People Staying Counts,ALK1,Weekend_Evening,Weekend,Evening,20180818,1539,1549,,Sun-Shaded,74,UD4H,15,1,2,1,,,1,,,,,,,,,,,1,,,1,,,,,,,,,,,1,1,,,,,,,,,,,,
"5,711",2018 People Staying Counts,ALK1,Weekend_Evening,Weekend,Evening,20180818,1539,1549,,Sun-Shaded,74,UD4H,16,1,2,,1,,1,,,,,,,,,,,1,,,1,,,,,,,,,,,1,1,,,,,,,,,,,,
"5,712",2018 People Staying Counts,ALK1,Weekend_Evening,Weekend,Evening,20180818,1539,1549,,Sun-Shaded,74,UD4H,17,1,3,1,,,,1,,,,,,,,,,1,,,1,,,,,,,,,,,,1,,,,,,,,,,,,
"5,713",2018 People Staying Counts,ALK1,Weekend_Evening,Weekend,Evening,20180818,1539,1549,,Sun-Shaded,74,UD4H,18,1,3,,1,,,1,,,,,,,,,1,,,,1,,,,,,,,,,,,1,,,,,,,,,,,,
"5,714",2018 People Staying Counts,ALK1,Weekend_Evening,Weekend,Evening,20180818,1539,1549,,Sun-Shaded,74,UD4H,19,1,3,,1,,,1,,,,,,,,,,1,,,,1,,,,,,,,,,,1,,,,,,,,,,,,
"5,715",2018 People Staying Counts,BEA2,Weekend_Midday,Weekend,Midday,20180721,1245,1255,,Sun-Shaded,68,UD4H,1,1,1,,1,,1,,,,,,,,,,,1,,,1,,,,,,,,,,,,,,1,,,,,,,,,,
"5,716",2018 People Staying Counts,BEA2,Weekend_Midday,Weekend,Midday,20180721,1245,1255,,Sun-Shaded,68,UD4H,2,1,1,,1,,1,,,,,,,,,,,,,1,,,1,,,,,1,,,,,,,,,,1,,,,,,,
"5,717",2018 People Staying Counts,BEA2,Weekend_Midday,Weekend,Midday,20180721,1245,1255,,Sun-Shaded,68,UD4H,3,1,1,1,,,,1,,,,,,,,,,1,,,,,1,,,,,,,,,,,,,,,1,,,,,,,
"5,718",2018 People Staying Counts,BEA2,Weekend_Evening,Weekend,Evening,20180721,1622,1632,,Light Clouds,68,UD4H,1,1,1,1,,,,,,,1,,,,,,,,1,,,,1,,,,,,,,,,,,,,,1,,,,,,,
"5,719",2018 People Staying Counts,BEA2,Weekend_Evening,Weekend,Evening,20180721,1622,1632,,Light Clouds,68,UD4H,2,1,1,1,,,1,,,,,,,,,,,1,,,1,,,,,,,,,,,,,,1,,,,,,,,,,
"5,720",2018 People Staying Counts,BEA2,Weekday1_Morning,Weekday,Morning,20180723,0901,0911,event:cultural_communal,Sun-Shaded,65,UD4H,1,1,1,1,,,,1,,,,,,,,,,1,,,1,,,,,,,,,,,,,,,,,1,,,,,,,
"5,721",2018 People Staying Counts,BEA2,Weekday1_Morning,Weekday,Morning,20180723,0901,0911,event:cultural_communal,Sun-Shaded,65,UD4H,2,1,1,,1,,,,,1,,,,,,,,1,,,1,,,,,,,,,,,,,,,,,1,,,,,,,
"5,722",2018 People Staying Counts,BEA2,Weekday1_Morning,Weekday,Morning,20180723,0901,0911,event:cultural_communal,Sun-Shaded,65,UD4H,3,1,1,,1,,,,,1,,,,,,,,,1,,,,1,,,,,,,,,,,,,,,1,,,,,,,
"5,723",2018 People Staying Counts,BEA2,Weekday1_Morning,Weekday,Morning,20180723,0901,0911,event:cultural_communal,Sun-Shaded,65,UD4H,4,1,1,,1,,,,,1,,,,,,,,,1,,,,1,,,,,,,,,,,,1,,,1,,,,,,,
"5,724",2018 People Staying Counts,BEA2,Weekday1_Morning,Weekday,Morning,20180723,0901,0911,event:cultural_communal,Sun-Shaded,65,UD4H,5,1,1,1,,,,,,1,,,,,,,,1,,,1,,,,,,,,,,,,,,,,1,1,,,,,,,
"5,725",2018 People Staying Counts,BEA2,Weekday1_Morning,Weekday,Morning,20180723,0901,0911,event:cultural_communal,Sun-Shaded,65,UD4H,6,1,1,1,,,,,,,,,1,,,,1,,,,1,,,,,,,,,,,,,,,,,1,,,,,,,
"5,726",2018 People Staying Counts,BEA2,Weekday1_Midday,Weekday,Midday,20180725,1225,1235,,Sun-Shaded,72,UD4H,1,1,1,1,,,,1,,,,,,,,,,1,,,,,1,,,,,,,,,,,,,,1,1,,,,,,,
"5,727",2018 People Staying Counts,BEA2,Weekday1_Midday,Weekday,Midday,20180725,1225,1235,,Sun-Shaded,72,UD4H,2,1,2,,1,,,,,1,,,,,,,,1,,,1,,,,,,,,,,,,1,,,,1,1,,,,,,,
"5,728",2018 People Staying Counts,BEA2,Weekday1_Midday,Weekday,Midday,20180725,1225,1235,,Sun-Shaded,72,UD4H,3,1,2,,1,,,,,1,,,,,,1,,,,,1,,,,,,,,,,,,1,,,,,1,,,,,,,
"5,729",2018 People Staying Counts,BEA2,Weekday1_Midday,Weekday,Midday,20180725,1225,1235,,Sun-Shaded,72,UD4H,4,1,2,,1,,,,,1,,,,,,,,1,,,1,,,,,,,,,,,,1,,1,,1,1,,,,,,,
"5,730",2018 People Staying Counts,BEA2,Weekday1_Midday,Weekday,Midday,20180725,1225,1235,,Sun-Shaded,72,UD4H,5,1,2,,1,,,,,1,,,,,,,,1,,,1,,,,,,,,,,,,1,,,,1,1,,,,,,,
"5,731",2018 People Staying Counts,BEA2,Weekday1_Midday,Weekday,Midday,20180725,1225,1235,,Sun-Shaded,72,UD4H,6,1,1,1,,,,,,1,,,,,,,1,,,,,,1,,,,,,,,,,,,,,,1,,,,,,,
"5,732",2018 People Staying Counts,BEA2,Weekday1_Evening,Weekday,Evening,20180725,1629,1639,,Sun-Shaded,72,UD4H,1,1,1,,1,,,,,1,,,,,,,,1,,,1,,,,,,,,,,,,,,,,,1,,,,,,,
"5,733",2018 People Staying Counts,BEA2,Weekday1_Evening,Weekday,Evening,20180725,1629,1639,,Sun-Shaded,72,UD4H,2,1,1,1,,,1,,,,,,,,,,,1,,,1,,,,,,,,,,,,,,,,,1,,,,,,,
"5,734",2018 People Staying Counts,BEA2,Weekday2_Morning,Weekday,Morning,20180727,0840,0850,,Sun-Shaded,62,UD4H,1,1,1,,1,,,,,1,,,,,,,1,,,,1,,,,,,,,,,,,,,1,,,,,,,,,,
"5,735",2018 People Staying Counts,BEA2,Weekday2_Morning,Weekday,Morning,20180727,0840,0850,,Sun-Shaded,62,UD4H,2,1,1,,1,,,,,,,1,,,,,,1,,,1,,,,,,,,,,,,,,1,,,1,,,,,,,
"5,736",2018 People Staying Counts,BEA2,Weekday2_Morning,Weekday,Morning,20180727,0840,0850,,Sun-Shaded,62,UD4H,3,1,1,1,,,,1,,,,,,,,,1,,,,1,,,,,,,,,,,,,,1,,,1,,,,,,,
"5,737",2018 People Staying Counts,BEA2,Weekday2_Morning,Weekday,Morning,20180727,0840,0850,,Sun-Shaded,62,UD4H,4,1,1,,1,,,1,,,,,,,,,,1,,,1,,,,,,,,,,,,,,1,,,1,,,,,,,
"5,738",2018 People Staying Counts,BEA2,Weekday2_Morning,Weekday,Morning,20180727,0840,0850,,Sun-Shaded,62,UD4H,5,1,1,,1,,,,,1,,,,,,,,,1,,,,1,,,,,,,,,,,,,,,1,,,,,,,
"5,739",2018 People Staying Counts,BEA2,Weekday2_Midday,Weekday,Midday,20180727,1249,1259,,Sun-Shaded,74,UD4H,1,1,1,,1,,,,,,,1,,,,,1,,,,,,1,,,,,,,,,,,,1,,,1,,,,,,,
"5,740",2018 People Staying Counts,BEA2,Weekday2_Midday,Weekday,Midday,20180727,1249,1259,,Sun-Shaded,74,UD4H,2,1,1,1,,,,,,1,,,,,,,,1,,,1,,,,,,,,,,,,,,,,1,1,,,,,,,
"5,741",2018 People Staying Counts,BEA2,Weekday2_Midday,Weekday,Midday,20180727,1249,1259,,Sun-Shaded,74,UD4H,3,1,3,,1,,,,,,,1,,,,,,1,,,1,,,,,,,,,,,,1,,,,,1,,,,,,,
"5,742",2018 People Staying Counts,BEA2,Weekday2_Midday,Weekday,Midday,20180727,1249,1259,,Sun-Shaded,74,UD4H,4,1,3,1,,,,,,,,1,,,1,,,,,,1,,,,,,,,,,,,1,,,,,,,,,,,,
"5,743",2018 People Staying Counts,BEA2,Weekday2_Midday,Weekday,Midday,20180727,1249,1259,,Sun-Shaded,74,UD4H,5,1,3,1,,,,,,,,1,,,,1,,,,,1,,,,,,,,,,,,1,,,,,1,,,,,,,
"5,744",2018 People Staying Counts,BEA2,Weekday2_Midday,Weekday,Midday,20180727,1249,1259,,Sun-Shaded,74,UD4H,6,1,1,1,,,,,,,,1,,,,,,1,,,,,1,,,,,,,,,,,,1,,,1,,,,,,,
"5,745",2018 People Staying Counts,BEA2,Weekday2_Evening,Weekday,Evening,20180727,1642,1652,,Sun-Shaded,84,UD4H,1,1,1,,1,,1,,,,,,,,,,,1,,,1,,,,,,,,,,,,,,,,1,1,,,,,,,
"5,746",2018 People Staying Counts,BEA2,Weekday2_Evening,Weekday,Evening,20180727,1642,1652,,Sun-Shaded,84,UD4H,2,1,1,,1,,,,,1,,,,,,,,,1,,1,,,,,,,1,,,,,,,1,,,1,,,,,,,
"5,747",2018 People Staying Counts,BEA2,Weekday2_Evening,Weekday,Evening,20180727,1642,1652,,Sun-Shaded,84,UD4H,3,1,1,,1,,1,,,,,,,,,,,1,,,1,,,,,,,,,,,,,,1,,1,1,,,,,,,
"5,748",2018 People Staying Counts,BEA2,Weekday2_Evening,Weekday,Evening,20180727,1642,1652,,Sun-Shaded,84,UD4H,4,1,1,,1,,,,,1,,,,,,,,,1,,,,1,,,,,,,,,,,,,,1,1,,,,,,,
"5,749",2018 People Staying Counts,WES4,Weekday1_Morning,Weekday,Morning,20180816,0947,0957,,Heavy Clouds,65,UD4H,1,1,1,1,,,1,,,,,,,,,,,1,,,,1,,,,,,,,,,,,,,,1,,,1,,,,,
"5,750",2018 People Staying Counts,WES4,Weekday1_Morning,Weekday,Morning,20180816,0947,0957,,Heavy Clouds,65,UD4H,2,1,1,1,,,1,,,,,,,,,,,,1,,1,,,,,,,,,,,,,,1,,,,,,,,,,
"5,751",2018 People Staying Counts,WES4,Weekday1_Morning,Weekday,Morning,20180816,0947,0957,,Heavy Clouds,65,UD4H,3,1,2,1,,,1,,,,,,,,,,,,,1,1,,,,,,,1,,,1,,,,,,,,,,,,,,
"5,752",2018 People Staying Counts,WES4,Weekday1_Morning,Weekday,Morning,20180816,0947,0957,,Heavy Clouds,65,UD4H,4,1,2,,1,,1,,,,,,,,,,,,,1,1,,,,,,,,,,1,,,,,,,,,,,,,,
"5,753",2018 People Staying Counts,WES4,Weekday1_Morning,Weekday,Morning,20180816,0947,0957,,Heavy Clouds,65,UD4H,5,1,1,,1,,1,,,,,,,,,,,,1,,1,,,,,,,,,,,,,,,,1,,,,,,,,
"5,754",2018 People Staying Counts,WES4,Weekday1_Midday,Weekday,Midday,20180816,1328,1338,,Heavy Clouds,69,UD4H,1,1,1,1,,,,1,,,,,,,,,,1,,,1,,,,,,,,,,,,,,,,,,1,,,,,,
"5,755",2018 People Staying Counts,WES4,Weekday1_Midday,Weekday,Midday,20180816,1328,1338,,Heavy Clouds,69,UD4H,2,1,1,,1,,1,,,,,,,,,,,1,,,1,,,,,,,,,,1,,,,,,,,,,,,,,
"5,756",2018 People Staying Counts,WES4,Weekday1_Midday,Weekday,Midday,20180816,1328,1338,,Heavy Clouds,69,UD4H,3,1,3,1,,,1,,,,,,,,,,,,1,,1,,,,,,,,,,1,,1,,,,,,,,,,,,
"5,757",2018 People Staying Counts,WES4,Weekday1_Midday,Weekday,Midday,20180816,1328,1338,,Heavy Clouds,69,UD4H,4,1,3,,1,,1,,,,,,,,,,,,1,,1,,,,,,,,,,1,,1,,,,,,,,,,,,
"5,758",2018 People Staying Counts,WES4,Weekday1_Midday,Weekday,Midday,20180816,1328,1338,,Heavy Clouds,69,UD4H,5,1,3,,1,,1,,,,,,,,,,,1,,,1,,,,,,,,,,1,,1,,,,,,,,,,,,
"5,759",2018 People Staying Counts,WES4,Weekday1_Midday,Weekday,Midday,20180816,1328,1338,,Heavy Clouds,69,UD4H,6,1,1,1,,,1,,,,,,,,,,,1,,,1,,,,,,,,,,,,,,1,,1,,,,,,,,
"5,760",2018 People Staying Counts,WES4,Weekday1_Midday,Weekday,Midday,20180816,1328,1338,,Heavy Clouds,69,UD4H,7,1,1,,1,,,,,,,1,,,,,1,,,,1,,,,,,,,,,,,,,,,1,,,1,,,,,
"5,761",2018 People Staying Counts,WES4,Weekday1_Midday,Weekday,Midday,20180816,1328,1338,,Heavy Clouds,69,UD4H,8,1,1,,1,,1,,,,,,,,,,1,,,,1,,,,,,,,,,,,,,,,1,,,1,,,,,
"5,762",2018 People Staying Counts,WES4,Weekday1_Evening,Weekday,Evening,20180816,1724,1734,,Light Clouds,80,UD4H,1,1,1,1,,,1,,,,,,,,,,,1,,,1,,,,,,,,,,,,1,,,,,,,,,,,1,
"5,763",2018 People Staying Counts,WES4,Weekday1_Evening,Weekday,Evening,20180816,1724,1734,,Light Clouds,80,UD4H,2,1,2,1,,,1,,,,,,,,,,,,1,,1,,,,,,,,,,,,1,,,,,,,,,,,,
"5,764",2018 People Staying Counts,WES4,Weekday1_Evening,Weekday,Evening,20180816,1724,1734,,Light Clouds,80,UD4H,3,1,2,1,,,1,,,,,,,,,,,,1,,1,,,,,,,,,,,,1,,,,,,,,,,,,
"5,765",2018 People Staying Counts,WES4,Weekday1_Evening,Weekday,Evening,20180816,1724,1734,,Light Clouds,80,UD4H,4,1,1,1,,,1,,,,,,,,,,,1,,,1,,,,,,,,,,,,,,1,,,,,,,,,,
"5,766",2018 People Staying Counts,WES4,Weekday1_Evening,Weekday,Evening,20180816,1724,1734,,Light Clouds,80,UD4H,5,1,2,,1,,1,,,,,,,,,,1,,,,1,,,,,,,,,,,,1,,,,,,,1,,,,,
"5,767",2018 People Staying Counts,WES4,Weekday1_Evening,Weekday,Evening,20180816,1724,1734,,Light Clouds,80,UD4H,6,1,2,,1,,,,,,,1,,,,,1,,,,,1,,,,,,,,,,,1,,,,,,,1,,,,,
"5,768",2018 People Staying Counts,WES4,Weekday2_Morning,Weekday,Morning,20180817,0923,0933,,Heavy Clouds,59,UD4H,1,1,1,,1,,1,,,,,,,,,,,,,1,1,,,,,,,,,,,,,,1,,,,,,,,,,
"5,769",2018 People Staying Counts,WES4,Weekday2_Morning,Weekday,Morning,20180817,0923,0933,,Heavy Clouds,59,UD4H,2,1,2,1,,,,,,1,,,,,,,1,,,,1,,,,,,,,,,,,1,,,,1,,,,,,,,
"5,770",2018 People Staying Counts,WES4,Weekday2_Morning,Weekday,Morning,20180817,0923,0933,,Heavy Clouds,59,UD4H,3,1,2,,1,,,,,1,,,,,,,1,,,,1,,,,,,,,,,,,1,,,,1,,,,,,,,
"5,771",2018 People Staying Counts,WES4,Weekday2_Morning,Weekday,Morning,20180817,0923,0933,,Heavy Clouds,59,UD4H,4,1,1,1,,,1,,,,,,,,,,,,1,,1,,,,,,,,,,,,,,1,,,,,,,,,,
"5,772",2018 People Staying Counts,WES4,Weekday2_Morning,Weekday,Morning,20180817,0923,0933,,Heavy Clouds,59,UD4H,5,1,2,1,,,1,,,,,,,,,,,1,,,,1,,,,,,,,,,,1,,,,1,,,,,,,,
"5,773",2018 People Staying Counts,WES4,Weekday2_Morning,Weekday,Morning,20180817,0923,0933,,Heavy Clouds,59,UD4H,6,1,2,1,,,1,,,,,,,,,,,1,,,,1,,,,,,,,,,,1,,,,1,,,,,,,,
"5,774",2018 People Staying Counts,WES4,Weekday2_Morning,Weekday,Morning,20180817,0923,0933,,Heavy Clouds,59,UD4H,7,1,1,1,,,1,,,,,,,,,,,,1,,1,,,,,,,,,,,,,,1,,,,,,,,,,
"5,775",2018 People Staying Counts,WES4,Weekday2_Midday,Weekday,Midday,20180817,1323,1333,,Light Clouds,67,UD4H,1,1,1,1,,,1,,,,,,,,,,,,1,,1,,,,,,,,,,,,,,1,,,,,,,,,,
"5,776",2018 People Staying Counts,WES4,Weekday2_Midday,Weekday,Midday,20180817,1323,1333,,Light Clouds,67,UD4H,2,1,1,1,,,,,,,,1,,,,,,1,,,1,,,,,,,,,,,,,,1,,,,,,,,,,
"5,777",2018 People Staying Counts,WES4,Weekday2_Midday,Weekday,Midday,20180817,1323,1333,,Light Clouds,67,UD4H,3,1,2,1,,,1,,,,,,,,,,,1,,,1,,,,,,,,,,,,1,,,1,,,,,,,,,
"5,778",2018 People Staying Counts,WES4,Weekday2_Midday,Weekday,Midday,20180817,1323,1333,,Light Clouds,67,UD4H,4,1,2,1,,,1,,,,,,,,,,,1,,,1,,,,,,,,,,,,1,,,1,,,,,,,,,
"5,779",2018 People Staying Counts,WES4,Weekday2_Midday,Weekday,Midday,20180817,1323,1333,,Light Clouds,67,UD4H,5,1,1,,1,,,1,,,,,,,,,1,,,,1,,,,,,,,,,1,,,,,,,,,,,,,,
"5,780",2018 People Staying Counts,WES4,Weekday2_Midday,Weekday,Midday,20180817,1323,1333,,Light Clouds,67,UD4H,6,1,3,1,,,1,,,,,,,,,,,,,1,1,,,,,,,,,,,,1,,,,,,,,,,,,
"5,781",2018 People Staying Counts,WES4,Weekday2_Midday,Weekday,Midday,20180817,1323,1333,,Light Clouds,67,UD4H,7,1,3,,1,,1,,,,,,,,,,,,1,,1,,,,,,,,,,,,1,,,,,,,,,,,,
"5,782",2018 People Staying Counts,WES4,Weekday2_Midday,Weekday,Midday,20180817,1323,1333,,Light Clouds,67,UD4H,8,1,3,,1,,1,,,,,,,,,,,,1,,1,,,,,,,,,,,,1,,,,,,,,,,,,
"5,783",2018 People Staying Counts,WES4,Weekday2_Midday,Weekday,Midday,20180817,1323,1333,,Light Clouds,67,UD4H,9,1,1,1,,,1,,,,,,,,,,,,1,,,1,,,,,,,,,,,,,1,,,,,,,,,,
"5,784",2018 People Staying Counts,WES4,Weekday2_Midday,Weekday,Midday,20180817,1323,1333,,Light Clouds,67,UD4H,10,1,1,,1,,1,,,,,,,,,,,,1,,1,,,,,,,,,,,,,,1,,,,,,,,,,
"5,785",2018 People Staying Counts,WES4,Weekday2_Midday,Weekday,Midday,20180817,1323,1333,,Light Clouds,67,UD4H,11,1,2,,1,,1,,,,,,,,,,,,,1,1,,,,,,,,,,1,,1,,,,,,,,,,,,
"5,786",2018 People Staying Counts,WES4,Weekday2_Midday,Weekday,Midday,20180817,1323,1333,,Light Clouds,67,UD4H,12,1,2,,1,,1,,,,,,,,,,,,,1,1,,,,,,,,,,1,,1,,,,,,,,,,,,
"5,787",2018 People Staying Counts,WES4,Weekday2_Midday,Weekday,Midday,20180817,1323,1333,,Light Clouds,67,UD4H,13,1,1,,1,,1,,,,,,,,,,,,1,,1,,,,,,,,,,,,,,,,1,,,,,,,,
"5,788",2018 People Staying Counts,WES4,Weekday2_Evening,Weekday,Evening,20180817,1721,1731,,Sun-Shaded,75,UD4H,1,1,1,1,,,1,,,,,,,,,,,1,,,1,,,,,,,,,,,,,,,,1,,,,,,,,
"5,789",2018 People Staying Counts,WES4,Weekday2_Evening,Weekday,Evening,20180817,1721,1731,,Sun-Shaded,75,UD4H,2,1,1,1,,,1,,,,,,,,,,,1,,,1,,,,,,,,,,,,,,,,1,,,1,,,,,
"5,790",2018 People Staying Counts,WES4,Weekday2_Evening,Weekday,Evening,20180817,1721,1731,,Sun-Shaded,75,UD4H,3,1,1,,1,,1,,,,,,,,,,,1,,,1,,,,,,,,,,,,,,1,,,,,,,,,,
"5,791",2018 People Staying Counts,WES4,Weekday2_Evening,Weekday,Evening,20180817,1721,1731,,Sun-Shaded,75,UD4H,4,1,1,,1,,1,,,,,,,,,,,1,,,1,,,,,,,,,,1,,,,,,,,,,,,,,
"5,792",2018 People Staying Counts,WES4,Weekday2_Evening,Weekday,Evening,20180817,1721,1731,,Sun-Shaded,75,UD4H,5,1,1,1,,,1,,,,,,,,,,,1,,,1,,,,,,,,,,,,,,1,,,,,,,,,,
"5,793",2018 People Staying Counts,WES4,Weekday2_Evening,Weekday,Evening,20180817,1721,1731,,Sun-Shaded,75,UD4H,6,1,1,1,,,1,,,,,,,,,,,,1,,1,,,,,,,,,,,,,,,,1,,,,,,,,
"5,794",2018 People Staying Counts,WES4,Weekend_Midday,Weekend,Midday,20180818,1419,1429,,Sun-Shaded,75,UD4H,1,1,2,1,,,1,,,,,,,,,,,,1,,,1,,,,,,,,,,,,,,,1,,,,,,,,
"5,795",2018 People Staying Counts,WES4,Weekend_Midday,Weekend,Midday,20180818,1419,1429,,Sun-Shaded,75,UD4H,2,1,2,,1,,1,,,,,,,,1,,,,,,1,,,,,,,,,,,,,,,,1,,,,,,,,
"5,796",2018 People Staying Counts,WES4,Weekend_Midday,Weekend,Midday,20180818,1419,1429,,Sun-Shaded,75,UD4H,3,1,6,1,,,1,,,,,,,,,,,,1,,1,,,,,,,,,,,,1,,,,,,,,,,,,
"5,797",2018 People Staying Counts,WES4,Weekend_Midday,Weekend,Midday,20180818,1419,1429,,Sun-Shaded,75,UD4H,4,1,6,1,,,1,,,,,,,,,,,1,,,1,,,,,,,,,,,,1,,,,,,,,,,,,
"5,798",2018 People Staying Counts,WES4,Weekend_Midday,Weekend,Midday,20180818,1419,1429,,Sun-Shaded,75,UD4H,5,1,6,1,,,1,,,,,,,,,,1,,,,1,,,,,,,,,,,,1,,,,,,,,,,,,
"5,799",2018 People Staying Counts,WES4,Weekend_Midday,Weekend,Midday,20180818,1419,1429,,Sun-Shaded,75,UD4H,6,1,6,1,,,1,,,,,,,,,,1,,,,1,,,,,,,,,,,,1,,,,,,,,,,,,
"5,800",2018 People Staying Counts,WES4,Weekend_Midday,Weekend,Midday,20180818,1419,1429,,Sun-Shaded,75,UD4H,7,1,6,,1,,1,,,,,,,,,,,1,,,1,,,,,,,,,,,,1,,,,,,,,,,,,
"5,801",2018 People Staying Counts,WES4,Weekend_Midday,Weekend,Midday,20180818,1419,1429,,Sun-Shaded,75,UD4H,8,1,6,,1,,1,,,,,,,,,,,1,,,,1,,,,,,,,,,,1,,,,,,,,,,,,
"5,802",2018 People Staying Counts,WES4,Weekend_Midday,Weekend,Midday,20180818,1419,1429,,Sun-Shaded,75,UD4H,9,1,2,1,,,,,,1,,,,,,,,1,,,1,,,,,,,,,,1,,,,,,,,,,,,,,
"5,803",2018 People Staying Counts,WES4,Weekend_Midday,Weekend,Midday,20180818,1419,1429,,Sun-Shaded,75,UD4H,10,1,2,,1,,,,,1,,,,,,,,1,,,1,,,,,,,,,,1,,,,,,,,,,,,,,
"5,804",2018 People Staying Counts,WES4,Weekend_Midday,Weekend,Midday,20180818,1419,1429,,Sun-Shaded,75,UD4H,11,1,1,1,,,,,,1,,,,,,,,1,,,1,,,,,,,,,,,,,,1,,,,,,,,,,
"5,805",2018 People Staying Counts,WES4,Weekend_Midday,Weekend,Midday,20180818,1419,1429,,Sun-Shaded,75,UD4H,12,1,1,1,,,1,,,,,,,,,,,1,,,1,,,,,,,,,,,,,,1,,,,,,,,,,
"5,806",2018 People Staying Counts,WES4,Weekend_Evening,Weekend,Evening,20180818,1619,1629,,Light Clouds,74,UD4H,1,1,2,1,,,1,,,,,,,,,,,,1,,1,,,,,,,,,,,,,,,,1,,,,,,,,
"5,807",2018 People Staying Counts,WES4,Weekend_Evening,Weekend,Evening,20180818,1619,1629,,Light Clouds,74,UD4H,2,1,2,,1,,1,,,,,,,,,,,,1,,1,,,,,,,,,,,,,,,,1,,,,,,,,
"5,808",2018 People Staying Counts,WES4,Weekend_Evening,Weekend,Evening,20180818,1619,1629,,Light Clouds,74,UD4H,3,1,1,1,,,1,,,,,,,,,,,,1,,1,,,,,,,,,,,,,,1,,,,,,,,,,
"5,809",2018 People Staying Counts,WES4,Weekend_Evening,Weekend,Evening,20180818,1619,1629,,Light Clouds,74,UD4H,4,1,2,1,,,,,,1,,,,,,,1,,,,1,,,,,,,,,,,,1,,,,1,,,,,,,,
"5,810",2018 People Staying Counts,WES4,Weekend_Evening,Weekend,Evening,20180818,1619,1629,,Light Clouds,74,UD4H,5,1,2,1,,,,,,1,,,,,,,1,,,,1,,,,,,,,,,,,1,,,,1,,,,,,,,
"5,811",2018 People Staying Counts,WES4,Weekend_Evening,Weekend,Evening,20180818,1619,1629,,Light Clouds,74,UD4H,6,1,1,1,,,1,,,,,,,,,,,,1,,1,,,,,,,,,,,,,,1,,,,,,,,,,
"5,812",2018 People Staying Counts,WES4,Weekend_Evening,Weekend,Evening,20180818,1619,1629,,Light Clouds,74,UD4H,7,1,2,1,,,1,,,,,,,,,,1,,,,1,,,,,,,,,,,,1,,,,,,,,,,,,
"5,813",2018 People Staying Counts,WES4,Weekend_Evening,Weekend,Evening,20180818,1619,1629,,Light Clouds,74,UD4H,8,1,2,,1,,1,,,,,,,,,,1,,,,1,,,,,,,,,,,,1,,,,,,,1,,,,,
"5,814",2018 People Staying Counts,BLT1,Weekday1_Morning,Weekday,Morning,20180720,0824,0834,,Heavy Clouds,58,UD4H,1,1,1,1,,,,1,,,,,,,,,,,1,,,1,,,,,,,,,,,,,1,,,,,,,,1,,
"5,815",2018 People Staying Counts,BLT1,Weekday1_Morning,Weekday,Morning,20180720,0824,0834,,Heavy Clouds,58,UD4H,2,1,1,,1,,1,,,,,,,,,,1,,,,1,,,,,,,,,,,,,,,1,,1,,,,,,,
"5,816",2018 People Staying Counts,BLT1,Weekday1_Morning,Weekday,Morning,20180720,0824,0834,,Heavy Clouds,58,UD4H,3,1,1,,1,,1,,,,,,,,,,,1,,,1,,,,,,,,,,,,,,,,,1,,,,,,,
"5,817",2018 People Staying Counts,BLT1,Weekday1_Morning,Weekday,Morning,20180720,0824,0834,,Heavy Clouds,58,UD4H,4,1,2,1,,,1,,,,,,,,,,1,,,,,,1,,,,,,,,,,1,,,,,,,,,,,,
"5,818",2018 People Staying Counts,BLT1,Weekday1_Morning,Weekday,Morning,20180720,0824,0834,,Heavy Clouds,58,UD4H,5,1,1,,1,,,,,1,,,,,,,1,,,,,,1,,,,,,,,,,1,,,,,,,,,,,,
"5,819",2018 People Staying Counts,BLT1,Weekday1_Morning,Weekday,Morning,20180720,0824,0834,,Heavy Clouds,58,UD4H,6,1,1,1,,,1,,,,,,,,,,,1,,,1,,,,,,,,,,,,,,1,,,1,,,,,,,
"5,820",2018 People Staying Counts,BLT1,Weekday1_Morning,Weekday,Morning,20180720,0824,0834,,Heavy Clouds,58,UD4H,7,1,1,1,,,,,,,,,,1,,,,,1,,1,,,,,,,,,,,,,,,,,,,,,,1,,
"5,821",2018 People Staying Counts,BLT1,Weekday1_Morning,Weekday,Morning,20180720,0824,0834,,Heavy Clouds,58,UD4H,8,1,1,,1,,,,,1,,,,,,,1,,,,1,,,,,,,,,,,,,,1,,,1,,,,,,,
"5,822",2018 People Staying Counts,BLT1,Weekday1_Morning,Weekday,Morning,20180720,0824,0834,,Heavy Clouds,58,UD4H,9,1,1,1,,,,1,,,,,,,,,,1,,,1,,,,,,,,,,,,,,1,,,1,,,,,,,
"5,823",2018 People Staying Counts,BLT1,Weekday1_Morning,Weekday,Morning,20180720,0824,0834,,Heavy Clouds,58,UD4H,10,1,1,,1,,1,,,,,,,,,,,1,,,1,,,,,,,,,,,,,,,,1,1,,,,,,,
"5,824",2018 People Staying Counts,BLT1,Weekday1_Morning,Weekday,Morning,20180720,0824,0834,,Heavy Clouds,58,UD4H,11,1,1,,1,,,,,,,,,1,,,1,,,,1,,,,,,,,,,,,,,1,,,1,,,,,,,
"5,825",2018 People Staying Counts,BLT1,Weekday1_Morning,Weekday,Morning,20180720,0824,0834,,Heavy Clouds,58,UD4H,12,1,1,1,,,,,,,,,,1,,,,1,,,,,1,,,,,,,,,,,,1,,,1,,,,,,,
"5,826",2018 People Staying Counts,BLT1,Weekday1_Morning,Weekday,Morning,20180720,0824,0834,,Heavy Clouds,58,UD4H,13,1,1,1,,,,1,,,,,,,,,,,1,,,1,,,,,,,,,,,,,,,1,1,,,,,,,
"5,827",2018 People Staying Counts,BLT1,Weekday1_Morning,Weekday,Morning,20180720,0824,0834,,Heavy Clouds,58,UD4H,14,1,1,,1,,1,,,,,,,,,,,,1,,,,1,,,,,,,,,,,,,,,1,,,,,,,
"5,828",2018 People Staying Counts,BLT1,Weekday1_Morning,Weekday,Morning,20180720,0824,0834,,Heavy Clouds,58,UD4H,15,1,1,,1,,,,,1,,,,,,,,,1,,1,,,,,,,,,,,,,,1,,,1,,,,,,,
"5,829",2018 People Staying Counts,BLT1,Weekday1_Morning,Weekday,Morning,20180720,0824,0834,,Heavy Clouds,58,UD4H,16,1,1,,1,,,,,,,1,,,,,,,1,,1,,,,,,,,,,,,,,1,,,1,,,,,,,
"5,830",2018 People Staying Counts,BLT1,Weekday1_Morning,Weekday,Morning,20180720,0824,0834,,Heavy Clouds,58,UD4H,17,1,1,1,,,,1,,,,,,,,,,,1,,,1,,,,,,,,,,,,,1,,,1,,,,,,,
"5,831",2018 People Staying Counts,BLT1,Weekday1_Morning,Weekday,Morning,20180720,0824,0834,,Heavy Clouds,58,UD4H,18,1,1,1,,,1,,,,,,,,,,,,1,,1,,,,,,,,,,,,,,1,,,1,,,,,,,
"5,832",2018 People Staying Counts,BLT1,Weekday1_Morning,Weekday,Morning,20180720,0824,0834,,Heavy Clouds,58,UD4H,19,1,1,1,,,1,,,,,,,,,,1,,,,1,,,,,,,,,,,,,,1,,,1,,,,,,,
"5,833",2018 People Staying Counts,BLT1,Weekday1_Morning,Weekday,Morning,20180720,0824,0834,,Heavy Clouds,58,UD4H,20,1,1,1,,,1,,,,,,,,,,,1,,,,1,,,,,,,,,,,,,1,,,1,,,,,,,
"5,834",2018 People Staying Counts,BLT1,Weekday1_Morning,Weekday,Morning,20180720,0824,0834,,Heavy Clouds,58,UD4H,21,1,1,,1,,1,,,,,,,,,,1,,,,1,,,,,,,,,,,,,,1,,,1,,,,,,,
"5,835",2018 People Staying Counts,BLT1,Weekday1_Morning,Weekday,Morning,20180720,0824,0834,,Heavy Clouds,58,UD4H,22,1,1,,1,,,1,,,,,,,,,,,1,,1,,,,,,,,,,,,,,,,1,1,,,,,,,
"5,836",2018 People Staying Counts,BLT1,Weekday1_Morning,Weekday,Morning,20180720,0824,0834,,Heavy Clouds,58,UD4H,23,1,1,,1,,1,,,,,,,,,,,,,1,1,,,,,,,,,,,,,,1,,,1,,,,,,,
"5,837",2018 People Staying Counts,BLT1,Weekday1_Midday,Weekday,Midday,20180720,1222,1232,,Sun-Shaded,64,UD4H,1,1,2,,1,,1,,,,,,,,,,,,1,,1,,,,,,,,,,,,1,,,1,,,,1,,,,,
"5,838",2018 People Staying Counts,BLT1,Weekday1_Midday,Weekday,Midday,20180720,1222,1232,,Sun-Shaded,64,UD4H,2,1,2,,1,,1,,,,,,,,,,,1,,,1,,,,,,,,,,,,1,,,,,,,,,,,,
"5,839",2018 People Staying Counts,BLT1,Weekday1_Midday,Weekday,Midday,20180720,1222,1232,,Sun-Shaded,64,UD4H,3,1,3,1,,,,1,,,,,,,,,,1,,,1,,,,,,,,,,,,1,,,1,,,,,,,,,
"5,840",2018 People Staying Counts,BLT1,Weekday1_Midday,Weekday,Midday,20180720,1222,1232,,Sun-Shaded,64,UD4H,4,1,3,1,,,,1,,,,,,,,,,,1,,1,,,,,,,,,,,,1,,,1,,,,,,,,,
"5,841",2018 People Staying Counts,BLT1,Weekday1_Midday,Weekday,Midday,20180720,1222,1232,,Sun-Shaded,64,UD4H,5,1,3,,1,,,1,,,,,,,,,,1,,,1,,,,,,,,,,,,1,,,1,,,,,,,,,
"5,842",2018 People Staying Counts,BLT1,Weekday1_Midday,Weekday,Midday,20180720,1222,1232,,Sun-Shaded,64,UD4H,6,1,1,,1,,1,,,,,,,,,,1,,,,,,,,,1,,,,,,,,,,,1,,,1,,,,,
"5,843",2018 People Staying Counts,BLT1,Weekday1_Midday,Weekday,Midday,20180720,1222,1232,,Sun-Shaded,64,UD4H,7,1,1,,1,,1,,,,,,,,,,,,1,,1,,,,,,,,,,,,,,,,,1,,,,,,,
"5,844",2018 People Staying Counts,BLT1,Weekday1_Midday,Weekday,Midday,20180720,1222,1232,,Sun-Shaded,64,UD4H,8,1,1,,1,,,,,1,,,,,,,,,1,,1,,,,,,,,,,,,,,,,,1,,,,,,,
"5,845",2018 People Staying Counts,BLT1,Weekday1_Midday,Weekday,Midday,20180720,1222,1232,,Sun-Shaded,64,UD4H,9,1,1,1,,,1,,,,,,,,,,,,1,,1,,,,,,,,,,,,,,,,,1,,,,,,,
"5,846",2018 People Staying Counts,BLT1,Weekday1_Midday,Weekday,Midday,20180720,1222,1232,,Sun-Shaded,64,UD4H,10,1,2,,1,,1,,,,,,,,,,1,,,,1,,,,,,,,,,,,1,,,1,,,,,,,,,
"5,847",2018 People Staying Counts,BLT1,Weekday1_Midday,Weekday,Midday,20180720,1222,1232,,Sun-Shaded,64,UD4H,11,1,2,1,,,,,,,,,,1,,,,1,,,1,,,,,,,,,,,,1,,1,,,,,,,,,,
"5,848",2018 People Staying Counts,BLT1,Weekday1_Midday,Weekday,Midday,20180720,1222,1232,,Sun-Shaded,64,UD4H,12,1,1,,1,,1,,,,,,,,,,,1,,,,,1,,,,,,,,,,,,1,,,1,,,,,,,
"5,849",2018 People Staying Counts,BLT1,Weekday1_Midday,Weekday,Midday,20180720,1222,1232,,Sun-Shaded,64,UD4H,13,1,1,,1,,1,,,,,,,,,,1,,,,1,,,,,,,,,,,,,,1,,,1,,,,,,,
"5,850",2018 People Staying Counts,BLT1,Weekday1_Midday,Weekday,Midday,20180720,1222,1232,,Sun-Shaded,64,UD4H,14,1,1,,1,,,,,1,,,,,,,,1,,,1,,,,,,,,,,,,,,1,,,1,,,,,,,
"5,851",2018 People Staying Counts,BLT1,Weekday1_Midday,Weekday,Midday,20180720,1222,1232,,Sun-Shaded,64,UD4H,15,1,1,1,,,1,,,,,,,,,,,1,,,,1,,,,,,,,,,,,,1,,,1,,,,,,,
"5,852",2018 People Staying Counts,BLT1,Weekday1_Midday,Weekday,Midday,20180720,1222,1232,,Sun-Shaded,64,UD4H,16,1,1,1,,,1,,,,,,,,,,,1,,,,,1,,,,,,,,,,,,,,,1,,,,,,,
"5,853",2018 People Staying Counts,BLT1,Weekday1_Midday,Weekday,Midday,20180720,1222,1232,,Sun-Shaded,64,UD4H,17,1,4,1,,,1,,,,,,,,,,,1,,,1,,,,,,,,,,,,1,,,,,,,,,,,,
"5,854",2018 People Staying Counts,BLT1,Weekday1_Midday,Weekday,Midday,20180720,1222,1232,,Sun-Shaded,64,UD4H,18,1,4,1,,,1,,,,,,,,,1,,,,,1,,,,,,,,,,,,1,,,,,,,,,,,,
"5,855",2018 People Staying Counts,BLT1,Weekday1_Midday,Weekday,Midday,20180720,1222,1232,,Sun-Shaded,64,UD4H,19,1,4,1,,,1,,,,,,,,,,1,,,,1,,,,,,,,,,,,1,,,,,,,,,,,,
"5,856",2018 People Staying Counts,BLT1,Weekday1_Midday,Weekday,Midday,20180720,1222,1232,,Sun-Shaded,64,UD4H,20,1,4,1,,,,,,,,,,1,,,1,,,,1,,,,,,,,,,,,1,,,,,,,,,,,,
"5,857",2018 People Staying Counts,BLT1,Weekday1_Midday,Weekday,Midday,20180720,1222,1232,,Sun-Shaded,64,UD4H,21,1,1,,1,,1,,,,,,,,,,,,1,,,,1,,,,,,,,,,,,,,1,,,,,,,,
"5,858",2018 People Staying Counts,BLT1,Weekday1_Midday,Weekday,Midday,20180720,1222,1232,,Sun-Shaded,64,UD4H,22,1,1,1,,,1,,,,,,,,,,,,1,,,,1,,,,,,,,,,1,,,,,,,,,,,,
"5,859",2018 People Staying Counts,BLT1,Weekday1_Midday,Weekday,Midday,20180720,1222,1232,,Sun-Shaded,64,UD4H,23,1,1,1,,,1,,,,,,,,,,,1,,,1,,,,,,,,,,,,,,,,1,,,,,,1,1,
"5,860",2018 People Staying Counts,BLT1,Weekday1_Midday,Weekday,Midday,20180720,1222,1232,,Sun-Shaded,64,UD4H,24,1,1,1,,,1,,,,,,,,,,,,,1,1,,,,,,,,,,,,,,1,,,,,,,,,,
"5,861",2018 People Staying Counts,BLT1,Weekday1_Midday,Weekday,Midday,20180720,1222,1232,,Sun-Shaded,64,UD4H,25,1,2,,1,,1,,,,,,,,,,1,,,,1,,,,,,,,,,,,1,,,,,,,,,,,,
"5,862",2018 People Staying Counts,BLT1,Weekday1_Midday,Weekday,Midday,20180720,1222,1232,,Sun-Shaded,64,UD4H,26,1,2,,1,,1,,,,,,,,,,1,,,,1,,,,,,,,,,,,1,,,,,,,,,,,,
"5,863",2018 People Staying Counts,BLT1,Weekday1_Midday,Weekday,Midday,20180720,1222,1232,,Sun-Shaded,64,UD4H,27,1,1,,1,,,1,,,,,,,,,,,1,,1,,,,,,,,,,,,,,1,,,1,,,,,,,
"5,864",2018 People Staying Counts,BLT1,Weekday1_Midday,Weekday,Midday,20180720,1222,1232,,Sun-Shaded,64,UD4H,28,1,1,,1,,1,,,,,,,,,,,1,,,1,,,,,,,,,,,,,,1,,,1,,,,,,,
"5,865",2018 People Staying Counts,BLT1,Weekday1_Midday,Weekday,Midday,20180720,1222,1232,,Sun-Shaded,64,UD4H,29,1,1,,1,,1,,,,,,,,,,,,1,,1,,,,,,,,,,,,,,1,,,1,,,,,,,
"5,866",2018 People Staying Counts,BLT1,Weekday1_Midday,Weekday,Midday,20180720,1222,1232,,Sun-Shaded,64,UD4H,30,1,2,1,,,,,,1,,,,,,,,,,1,1,,,,,,,,,,,,1,,,,,,,,,,,,
"5,867",2018 People Staying Counts,BLT1,Weekday1_Midday,Weekday,Midday,20180720,1222,1232,,Sun-Shaded,64,UD4H,31,1,2,,1,,,,,1,,,,,,,,,1,,1,,,,,,,,,,,,1,,,,,1,,,,,,,
"5,868",2018 People Staying Counts,BLT1,Weekday1_Midday,Weekday,Midday,20180720,1222,1232,,Sun-Shaded,64,UD4H,32,1,4,1,,,,,,1,,,,,,,1,,,,1,,,,,,,,1,,,,1,,,,,1,,,,,,,
"5,869",2018 People Staying Counts,BLT1,Weekday1_Midday,Weekday,Midday,20180720,1222,1232,,Sun-Shaded,64,UD4H,33,1,4,1,,,,,,,1,,,,,,1,,,,1,,,,,,,,,,,,1,,1,,,1,,,,,,,
"5,870",2018 People Staying Counts,BLT1,Weekday1_Midday,Weekday,Midday,20180720,1222,1232,,Sun-Shaded,64,UD4H,34,1,4,1,,,,,,,1,,,,,,1,,,,1,,,,,,,,,,,,1,,1,,,1,,,,,,,
"5,871",2018 People Staying Counts,BLT1,Weekday1_Midday,Weekday,Midday,20180720,1222,1232,,Sun-Shaded,64,UD4H,35,1,4,1,,,,,,,1,,,,,,1,,,,1,,,,,,,,,,,,1,,1,,,1,,,,,,,
"5,872",2018 People Staying Counts,BLT1,Weekday1_Midday,Weekday,Midday,20180720,1222,1232,,Sun-Shaded,64,UD4H,36,1,2,,1,,,,,1,,,,,,,,,1,,1,,,,,,,,,,,,1,,,,,1,,,,,,,
"5,873",2018 People Staying Counts,BLT1,Weekday1_Midday,Weekday,Midday,20180720,1222,1232,,Sun-Shaded,64,UD4H,37,1,2,1,,,1,,,,,,,,,,,1,,,1,,,,,,,,,,,,1,,,,,,,,,,,,
"5,874",2018 People Staying Counts,BLT1,Weekday1_Evening,Weekday,Evening,20180720,1623,1633,,Sun-Shaded,71,UD4H,1,1,1,1,,,1,,,,,,,,,,1,,,,1,,,,,,,,,,,,,,1,,,1,,,,,,,
"5,875",2018 People Staying Counts,BLT1,Weekday1_Evening,Weekday,Evening,20180720,1623,1633,,Sun-Shaded,71,UD4H,2,1,1,,1,,1,,,,,,,,,,1,,,,1,,,,,,,,,,,,,,1,,,1,,,,,,,
"5,876",2018 People Staying Counts,BLT1,Weekday1_Evening,Weekday,Evening,20180720,1623,1633,,Sun-Shaded,71,UD4H,3,1,2,1,,,,1,,,,,,,,,,,,1,,1,,,,,,,,,,,1,,,,,,,,,,,,
"5,877",2018 People Staying Counts,BLT1,Weekday1_Evening,Weekday,Evening,20180720,1623,1633,,Sun-Shaded,71,UD4H,4,1,2,1,,,,1,,,,,,,,,,,,1,,1,,,,,,,,,,,1,,,,,,,,,,,,
"5,878",2018 People Staying Counts,BLT1,Weekday1_Evening,Weekday,Evening,20180720,1623,1633,,Sun-Shaded,71,UD4H,5,1,1,1,,,1,,,,,,,,,,,,1,,1,,,,,,,,1,,,,1,,,,,,,,,,,,
"5,879",2018 People Staying Counts,BLT1,Weekday1_Evening,Weekday,Evening,20180720,1623,1633,,Sun-Shaded,71,UD4H,6,1,1,,1,,,,,1,,,,,,,1,,,,1,,,,,,,,,,,,,,1,,,1,,,,,,,
"5,880",2018 People Staying Counts,BLT1,Weekday1_Evening,Weekday,Evening,20180720,1623,1633,,Sun-Shaded,71,UD4H,7,1,2,,1,,1,,,,,,,,,,,1,,,1,,,,,,,,,,,,1,,,,,1,,,,,,,
"5,881",2018 People Staying Counts,BLT1,Weekday1_Evening,Weekday,Evening,20180720,1623,1633,,Sun-Shaded,71,UD4H,8,1,2,,1,,1,,,,,,,,,,,1,,,1,,,,,,,,,,,,1,,,,,1,,,,,,,
"5,882",2018 People Staying Counts,BLT1,Weekday1_Evening,Weekday,Evening,20180720,1623,1633,,Sun-Shaded,71,UD4H,9,1,1,1,,,1,,,,,,,,,,,,1,,,1,,,,,,,,,,,,,1,,,1,,,,,,,
"5,883",2018 People Staying Counts,BLT1,Weekday1_Evening,Weekday,Evening,20180720,1623,1633,,Sun-Shaded,71,UD4H,10,1,1,1,,,1,,,,,,,,,,,1,,,1,,,,,,,,,,,,,,,,,1,,,,,,,
"5,884",2018 People Staying Counts,BLT1,Weekday1_Evening,Weekday,Evening,20180720,1623,1633,,Sun-Shaded,71,UD4H,11,1,1,1,,,1,,,,,,,,,,,1,,,1,,,,,,,,,,,,,,,,,1,,,,,,,
"5,885",2018 People Staying Counts,BLT1,Weekday1_Evening,Weekday,Evening,20180720,1623,1633,,Sun-Shaded,71,UD4H,12,1,1,1,,,1,,,,,,,,,,,,1,,1,,,,,,,,,,,,,,1,,,1,,,,,,,
"5,886",2018 People Staying Counts,BLT1,Weekday1_Evening,Weekday,Evening,20180720,1623,1633,,Sun-Shaded,71,UD4H,13,1,1,1,,,1,,,,,,,,,,,,1,,1,,,,,,,,,,,,,,,,,1,,,,,,,
"5,887",2018 People Staying Counts,BLT1,Weekday1_Evening,Weekday,Evening,20180720,1623,1633,,Sun-Shaded,71,UD4H,14,1,2,1,,,1,,,,,,,,,,,,1,,1,,,,,,,,,,,,1,,,,,1,,,,,,,
"5,888",2018 People Staying Counts,BLT1,Weekday1_Evening,Weekday,Evening,20180720,1623,1633,,Sun-Shaded,71,UD4H,15,1,2,,1,,1,,,,,,,,,,,,1,,1,,,,,,,,,,,,1,,,,,1,,,,,,,
"5,889",2018 People Staying Counts,BLT1,Weekday1_Evening,Weekday,Evening,20180720,1623,1633,,Sun-Shaded,71,UD4H,16,1,1,,1,,1,,,,,,,,,,,,1,,,,,,,1,,,,,,,,,,1,1,,,,,,1,,
"5,890",2018 People Staying Counts,BLT1,Weekday1_Evening,Weekday,Evening,20180720,1623,1633,,Sun-Shaded,71,UD4H,17,1,1,,1,,,1,,,,,,,,,,1,,,,,1,,,,,,,,,,,,,,,1,,,,,,,
"5,891",2018 People Staying Counts,BLT1,Weekday1_Evening,Weekday,Evening,20180720,1623,1633,,Sun-Shaded,71,UD4H,18,1,1,1,,,1,,,,,,,,,,,1,,,1,,,,,,,,,,,,,,1,,,1,,,,,,,
"5,892",2018 People Staying Counts,BLT1,Weekday1_Evening,Weekday,Evening,20180720,1623,1633,,Sun-Shaded,71,UD4H,19,1,1,1,,,1,,,,,,,,,,,1,,,1,,,,,,,,,,,,,,,,,1,,,,,,,
"5,893",2018 People Staying Counts,BLT1,Weekday1_Evening,Weekday,Evening,20180720,1623,1633,,Sun-Shaded,71,UD4H,20,1,1,1,,,1,,,,,,,,,,,1,,,1,,,,,,,,,,,,,,1,,,1,,,,,,,
"5,894",2018 People Staying Counts,BLT1,Weekday1_Evening,Weekday,Evening,20180720,1623,1633,,Sun-Shaded,71,UD4H,21,1,2,1,,,,1,,,,,,,,,,,1,,1,,,,,,,,,,,,1,,1,,,,,,,,,,
"5,895",2018 People Staying Counts,BLT1,Weekday1_Evening,Weekday,Evening,20180720,1623,1633,,Sun-Shaded,71,UD4H,22,1,2,1,,,,1,,,,,,,,,,,1,,,1,,,,,,,,,,,1,,1,,,,,,,,,,
"5,896",2018 People Staying Counts,BLT1,Weekday1_Evening,Weekday,Evening,20180720,1623,1633,,Sun-Shaded,71,UD4H,23,1,1,1,,,,,,1,,,,,,,,1,,,1,,,,,,,,,,,,,,1,,,1,,,,,,,
"5,897",2018 People Staying Counts,BLT1,Weekday1_Evening,Weekday,Evening,20180720,1623,1633,,Sun-Shaded,71,UD4H,24,1,1,,1,,,,,1,,,,,,,,1,,,1,,,,,,,,,,,,,,1,,,1,,,,,,,
"5,898",2018 People Staying Counts,BLT1,Weekday1_Evening,Weekday,Evening,20180720,1623,1633,,Sun-Shaded,71,UD4H,25,1,1,,1,,,,,,,,,1,,,1,,,,1,,,,,,,,,,,,,,1,,,1,,,,,,,
"5,899",2018 People Staying Counts,BLT1,Weekday1_Evening,Weekday,Evening,20180720,1623,1633,,Sun-Shaded,71,UD4H,26,1,1,,1,,1,,,,,,,,,,,,,1,1,,,,,,,,,,,,,,1,,,1,,,,,,,
"5,900",2018 People Staying Counts,BLT1,Weekday1_Evening,Weekday,Evening,20180720,1623,1633,,Sun-Shaded,71,UD4H,27,1,1,1,,,1,,,,,,,,,,,1,,,1,,,,,,,,,,,,,1,1,,,1,,,,,,,
"5,901",2018 People Staying Counts,BLT1,Weekday1_Evening,Weekday,Evening,20180720,1623,1633,,Sun-Shaded,71,UD4H,28,1,2,1,,,1,,,,,,,,,,,1,,,1,,,,,,,,,,,1,1,,,,,,,,,,1,,
"5,902",2018 People Staying Counts,BLT1,Weekday1_Evening,Weekday,Evening,20180720,1623,1633,,Sun-Shaded,71,UD4H,29,1,2,1,,,1,,,,,,,,,,,1,,,1,,,,,,,,,,,,1,,,,,,,,,,1,,
"5,903",2018 People Staying Counts,BLT1,Weekday1_Evening,Weekday,Evening,20180720,1623,1633,,Sun-Shaded,71,UD4H,30,1,1,,1,,1,,,,,,,,,,,1,,,1,,,,,,,,,,,,,,1,,,1,,,,,,,
"5,904",2018 People Staying Counts,BLT1,Weekday1_Evening,Weekday,Evening,20180720,1623,1633,,Sun-Shaded,71,UD4H,31,1,1,,1,,1,,,,,,,,,,,1,,,1,,,,,,,,,,,,,,1,,,1,,,,,,,
"5,905",2018 People Staying Counts,BLT1,Weekday1_Evening,Weekday,Evening,20180720,1623,1633,,Sun-Shaded,71,UD4H,32,1,1,,1,,1,,,,,,,,,,,1,,,1,,,,,,,,,,,,,,,,,1,,,,,,,
"5,906",2018 People Staying Counts,BLT1,Weekend_Midday,Weekend,Midday,20180908,1135,1145,,Sun-Shaded,69,UD4H,1,1,2,1,,,1,,,,,,,,,,,1,,,1,,,,,,,,,,,,1,,1,,,1,,,,,,,
"5,907",2018 People Staying Counts,BLT1,Weekend_Midday,Weekend,Midday,20180908,1135,1145,,Sun-Shaded,69,UD4H,2,1,2,1,,,1,,,,,,,,,,,1,,,1,,,,,,,,,,,,1,,1,,,1,,,,,,,
"5,908",2018 People Staying Counts,BLT1,Weekend_Midday,Weekend,Midday,20180908,1135,1145,,Sun-Shaded,69,UD4H,3,1,1,1,,,,,,,,1,,,,,,1,,,,1,,,,,,,,,,,,,1,,,,,,,,,,
"5,909",2018 People Staying Counts,BLT1,Weekend_Midday,Weekend,Midday,20180908,1135,1145,,Sun-Shaded,69,UD4H,4,1,1,,1,,1,,,,,,,,,,,,1,,,1,,,,,,,,,,,,,,,1,,,,,,1,,
"5,910",2018 People Staying Counts,BLT1,Weekend_Midday,Weekend,Midday,20180908,1135,1145,,Sun-Shaded,69,UD4H,5,1,1,,1,,,1,,,,,,,,,,,1,,,,,,,1,,,,,,,,,,,1,,,,,,1,,
"5,911",2018 People Staying Counts,BLT1,Weekend_Midday,Weekend,Midday,20180908,1135,1145,,Sun-Shaded,69,UD4H,6,1,1,,1,,1,,,,,,,,,,1,,,,1,,,,,,,,,,,,,,,,,1,,,,,,,
"5,912",2018 People Staying Counts,BLT1,Weekend_Midday,Weekend,Midday,20180908,1135,1145,,Sun-Shaded,69,UD4H,7,1,1,1,,,,,,1,,,,,,,,,1,,1,,,,,,,,,,,,,,1,,,1,,,,,,,
"5,913",2018 People Staying Counts,BLT1,Weekend_Midday,Weekend,Midday,20180908,1135,1145,,Sun-Shaded,69,UD4H,8,1,1,,1,,1,,,,,,,,,,,,,1,1,,,,,,,,,,,1,,,,,,1,,,,,,,
"5,914",2018 People Staying Counts,BLT1,Weekend_Midday,Weekend,Midday,20180908,1135,1145,,Sun-Shaded,69,UD4H,9,1,3,1,,,,1,,,,,,,,,,1,,,,1,,,,,,,,,,,1,,,,,,,,,,1,,
"5,915",2018 People Staying Counts,BLT1,Weekend_Midday,Weekend,Midday,20180908,1135,1145,,Sun-Shaded,69,UD4H,10,1,3,1,,,,1,,,,,,,,,,,1,,1,,,,,,,,,,,1,1,,,,,,,,,,1,,
"5,916",2018 People Staying Counts,BLT1,Weekend_Midday,Weekend,Midday,20180908,1135,1145,,Sun-Shaded,69,UD4H,11,1,3,1,,,,1,,,,,,,,,,,1,,1,,,,,,,,,,,,1,,,,,,,,,,1,,
"5,917",2018 People Staying Counts,BLT1,Weekend_Midday,Weekend,Midday,20180908,1135,1145,,Sun-Shaded,69,UD4H,12,1,1,1,,,1,,,,,,,,,,,,1,,,,1,,,,,,,,,,,,1,,,,,,,,1,,
"5,918",2018 People Staying Counts,BLT1,Weekend_Midday,Weekend,Midday,20180908,1135,1145,,Sun-Shaded,69,UD4H,13,1,1,1,,,,1,,,,,,,,,,1,,,1,,,,,,,,,,,,,,1,,,1,,,,,,,
"5,919",2018 People Staying Counts,BLT1,Weekend_Midday,Weekend,Midday,20180908,1135,1145,,Sun-Shaded,69,UD4H,14,1,1,1,,,,1,,,,,,,,,,1,,,1,,,,,,,,,,,,,,,,,,,1,,,,,
"5,920",2018 People Staying Counts,BLT1,Weekend_Midday,Weekend,Midday,20180908,1135,1145,,Sun-Shaded,69,UD4H,15,1,1,,1,,1,,,,,,,,,,1,,,,1,,,,,,,,,,,,,,1,,,1,,,,,,,
"5,921",2018 People Staying Counts,BLT1,Weekend_Midday,Weekend,Midday,20180908,1135,1145,,Sun-Shaded,69,UD4H,16,1,1,,1,,,,,1,,,,,,,,,1,,,,1,,,,,,,,,,,,,,,,,1,,,,,
"5,922",2018 People Staying Counts,BLT1,Weekend_Evening,Weekend,Evening,20180721,1622,1632,,Sun-Shaded,71,UD4H,1,1,2,1,,,,1,,,,,,,,,,,,1,1,,,,,,,,,,,,1,,,,,,,,,,,,
"5,923",2018 People Staying Counts,BLT1,Weekend_Evening,Weekend,Evening,20180721,1622,1632,,Sun-Shaded,71,UD4H,2,1,2,1,,,,1,,,,,,,,,,1,,,,,,,,1,,,,,,,1,,,,,,,,,,,,
"5,924",2018 People Staying Counts,BLT1,Weekend_Evening,Weekend,Evening,20180721,1622,1632,,Sun-Shaded,71,UD4H,3,1,1,1,,,1,,,,,,,,,,,1,,,1,,,,,,,,,,,,,,,,,,,,,1,1,,
"5,925",2018 People Staying Counts,BLT1,Weekend_Evening,Weekend,Evening,20180721,1622,1632,,Sun-Shaded,71,UD4H,4,1,1,,1,,1,,,,,,,,,,,,,1,1,,,,,,,,,,,,,,,,,1,,,,,,,
"5,926",2018 People Staying Counts,BLT1,Weekend_Evening,Weekend,Evening,20180721,1622,1632,,Sun-Shaded,71,UD4H,5,1,2,1,,,1,,,,,,,,,,,1,,,1,,,,,,,,,,,,1,,,,,1,,,,,,,
"5,927",2018 People Staying Counts,BLT1,Weekend_Evening,Weekend,Evening,20180721,1622,1632,,Sun-Shaded,71,UD4H,6,1,2,,1,,1,,,,,,,,,,,1,,,1,,,,,,,,,,,,1,,,,,1,,,,,,,
"5,928",2018 People Staying Counts,BLT1,Weekend_Evening,Weekend,Evening,20180721,1622,1632,,Sun-Shaded,71,UD4H,7,1,1,1,,,1,,,,,,,,,,,1,,,,1,,,,,,,,,,,,,,,1,,,,,,,,
"5,929",2018 People Staying Counts,BLT1,Weekend_Evening,Weekend,Evening,20180721,1622,1632,,Sun-Shaded,71,UD4H,8,1,3,1,,,,1,,,,,,,,,,,1,,,,1,,,,,,,,,,1,,,,,,,,,,1,,
"5,930",2018 People Staying Counts,BLT1,Weekend_Evening,Weekend,Evening,20180721,1622,1632,,Sun-Shaded,71,UD4H,9,1,3,,1,,,1,,,,,,,,,1,,,,1,,,,,,,,,,,,1,,,,,,,,,,,,
"5,931",2018 People Staying Counts,BLT1,Weekend_Evening,Weekend,Evening,20180721,1622,1632,,Sun-Shaded,71,UD4H,10,1,3,1,,,,1,,,,,,,,,,1,,,1,,,,,,,,,,,,1,,,,,,,,,,,,
"5,932",2018 People Staying Counts,BLT1,Weekend_Evening,Weekend,Evening,20180721,1622,1632,,Sun-Shaded,71,UD4H,11,1,1,,1,,1,,,,,,,,,,,,1,,1,,,,,,,,,,,,,,,,,1,,,,,,,
"5,933",2018 People Staying Counts,BLT1,Weekend_Evening,Weekend,Evening,20180721,1622,1632,,Sun-Shaded,71,UD4H,12,1,1,1,,,1,,,,,,,,,,,,,1,1,,,,,,,,,,,,,,,,,1,,,,,,,
"5,934",2018 People Staying Counts,BLT1,Weekend_Evening,Weekend,Evening,20180721,1622,1632,,Sun-Shaded,71,UD4H,13,1,1,,1,,1,,,,,,,,,,1,,,,,,,,,1,,,,,,,,,,,1,,,1,,,1,,
"5,935",2018 People Staying Counts,BLT1,Weekend_Evening,Weekend,Evening,20180721,1622,1632,,Sun-Shaded,71,UD4H,14,1,1,1,,,,1,,,,,,,,,1,,,,,,,,,,1,,,,,,,,,,1,,,,,,1,,
"5,936",2018 People Staying Counts,BLT1,Weekend_Evening,Weekend,Evening,20180721,1622,1632,,Sun-Shaded,71,UD4H,15,1,1,,1,,,,,,,1,,,,,1,,,,1,,,,,,,,,,,,,,1,,,1,,,,,,,
"5,937",2018 People Staying Counts,BLT1,Weekend_Evening,Weekend,Evening,20180721,1622,1632,,Sun-Shaded,71,UD4H,16,1,1,,1,,1,,,,,,,,,,1,,,,1,,,,,,,,,,,,,,,,,1,,,,,,,
"5,938",2018 People Staying Counts,BLT1,Weekend_Evening,Weekend,Evening,20180721,1622,1632,,Sun-Shaded,71,UD4H,17,1,1,,1,,1,,,,,,,,,,,1,,,1,,,,,,,,,,,,,,,,,1,,,,,,,
"5,939",2018 People Staying Counts,BLT1,Weekend_Evening,Weekend,Evening,20180721,1622,1632,,Sun-Shaded,71,UD4H,18,1,1,1,,,1,,,,,,,,,,,,1,,1,,,,,,,,,,,,,,1,,,1,,,,,,,
"5,940",2018 People Staying Counts,BLT1,Weekend_Evening,Weekend,Evening,20180721,1622,1632,,Sun-Shaded,71,UD4H,19,1,1,1,,,,,,,,1,,,,,,1,,,1,,,,,,,,,,,,,,1,,,1,,,,,,,
"5,941",2018 People Staying Counts,BLT1,Weekend_Evening,Weekend,Evening,20180721,1622,1632,,Sun-Shaded,71,UD4H,20,1,2,,1,,,1,,,,,,,,,,1,,,1,,,,,,,,,,,,1,,,,,1,,,,,,,
"5,942",2018 People Staying Counts,BLT1,Weekend_Evening,Weekend,Evening,20180721,1622,1632,,Sun-Shaded,71,UD4H,21,1,2,,1,,1,,,,,,,,,,,,1,,1,,,,,,,,,,,,1,,,,,1,,,,,,,
"5,943",2018 People Staying Counts,BLT1,Weekend_Evening,Weekend,Evening,20180721,1622,1632,,Sun-Shaded,71,UD4H,22,1,1,1,,,,,,,,1,,,,,1,,,,1,,,,,,,,,,,,,,,,,1,,,,,,,
"5,944",2018 People Staying Counts,BLT1,Weekend_Evening,Weekend,Evening,20180721,1622,1632,,Sun-Shaded,71,UD4H,23,1,2,,1,,,1,,,,,,,,,,1,,,1,,,,,,,,,,,,1,,,,,,,1,,,,,
"5,945",2018 People Staying Counts,BLT1,Weekend_Evening,Weekend,Evening,20180721,1622,1632,,Sun-Shaded,71,UD4H,24,1,2,,1,,,1,,,,,,,,,1,,,,1,,,,,,,,,,,,1,,,,,,,1,,,,,
"5,946",2018 People Staying Counts,BLT1,Weekend_Evening,Weekend,Evening,20180721,1622,1632,,Sun-Shaded,71,UD4H,25,1,2,,1,,1,,,,,,,,,,1,,,,1,,,,,,,,,,,,1,,,,,1,,,,,,,
"5,947",2018 People Staying Counts,BLT1,Weekend_Evening,Weekend,Evening,20180721,1622,1632,,Sun-Shaded,71,UD4H,26,1,2,1,,,,1,,,,,,,,,1,,,,1,,,,,,,,,,,,,,1,,,1,,,,,,,
"5,948",2018 People Staying Counts,BLT1,Weekend_Evening,Weekend,Evening,20180721,1622,1632,,Sun-Shaded,71,UD4H,27,1,1,,1,,,1,,,,,,,,,,,1,,,,,,,1,,,,,,,,,,,,,,,,,1,1,
"5,949",2018 People Staying Counts,BLT1,Weekend_Evening,Weekend,Evening,20180721,1622,1632,,Sun-Shaded,71,UD4H,28,1,1,1,,,1,,,,,,,,,,,1,,,,1,,,,,,,,,,,1,,,,1,1,,,,,,,
"5,950",2018 People Staying Counts,BLT1,Weekend_Evening,Weekend,Evening,20180721,1622,1632,,Sun-Shaded,71,UD4H,29,1,1,,1,,1,,,,,,,,,,,,,1,1,,,,,,,,,,,,,,,,,1,,,,,,,
"5,951",2018 People Staying Counts,BLT1,Weekend_Evening,Weekend,Evening,20180721,1622,1632,,Sun-Shaded,71,UD4H,30,1,1,1,,,,1,,,,,,,,,,,1,,,1,,,,,,,,,,,1,,1,1,,,,,,,,,
"5,952",2018 People Staying Counts,BLT1,Weekend_Evening,Weekend,Evening,20180721,1622,1632,,Sun-Shaded,71,UD4H,31,1,1,,1,,,1,,,,,,,,,,,1,,1,,,,,,,,,,,,1,,,,,,,1,,,,,
"5,953",2018 People Staying Counts,BLT1,Weekend_Evening,Weekend,Evening,20180721,1622,1632,,Sun-Shaded,71,UD4H,32,1,1,,1,,1,,,,,,,,,,,1,,,1,,,,,,,,,,,,,1,,,1,1,,,,,,,
"5,954",2018 People Staying Counts,BLT1,Weekday2_Morning,Weekday,Morning,20180725,0846,0856,,Sun-Shaded,67,UD4H,1,1,2,,1,,,1,,,,,,,,,,,1,,1,,,,,,,,,,,,1,,,,,,,1,,,,,
"5,955",2018 People Staying Counts,BLT1,Weekday2_Morning,Weekday,Morning,20180725,0846,0856,,Sun-Shaded,67,UD4H,2,1,2,,1,,,1,,,,,,,,,,,1,,1,,,,,,,,,,,,1,,,,,,,1,,,,,
"5,956",2018 People Staying Counts,BLT1,Weekday2_Morning,Weekday,Morning,20180725,0846,0856,,Sun-Shaded,67,UD4H,3,1,1,,1,,,1,,,,,,,,,,,1,,1,,,,,,,,,,,1,,,1,,1,,,,,,,,
"5,957",2018 People Staying Counts,BLT1,Weekday2_Morning,Weekday,Morning,20180725,0846,0856,,Sun-Shaded,67,UD4H,4,1,1,,1,,,1,,,,,,,,,,1,,,1,,,,,,,,,,,,,,,,1,,,,,,,,
"5,958",2018 People Staying Counts,BLT1,Weekday2_Morning,Weekday,Morning,20180725,0846,0856,,Sun-Shaded,67,UD4H,5,1,1,,1,,1,,,,,,,,,,,1,,,1,,,,,,,,,,,,,,1,,,1,,,,,,,
"5,959",2018 People Staying Counts,BLT1,Weekday2_Morning,Weekday,Morning,20180725,0846,0856,,Sun-Shaded,67,UD4H,6,1,1,1,,,,1,,,,,,,,,,1,,,1,,,,,,,,,,,,,,1,,,1,,,,,,,
"5,960",2018 People Staying Counts,BLT1,Weekday2_Morning,Weekday,Morning,20180725,0846,0856,,Sun-Shaded,67,UD4H,7,1,1,1,,,1,,,,,,,,,,,1,,,,,1,,,,,,,,,,,,,,,1,,,,,,,
"5,961",2018 People Staying Counts,BLT1,Weekday2_Morning,Weekday,Morning,20180725,0846,0856,,Sun-Shaded,67,UD4H,8,1,1,,1,,,,,1,,,,,,,,1,,,1,,,,,,,,,,,,,,1,,,1,,,,,,,
"5,962",2018 People Staying Counts,BLT1,Weekday2_Morning,Weekday,Morning,20180725,0846,0856,,Sun-Shaded,67,UD4H,9,1,1,,1,,1,,,,,,,,,,1,,,,,,1,,,,,,,,,,,,1,,,1,,,,,,,
"5,963",2018 People Staying Counts,BLT1,Weekday2_Morning,Weekday,Morning,20180725,0846,0856,,Sun-Shaded,67,UD4H,10,1,1,1,,,,1,,,,,,,,,,1,,,1,,,,,,,,,,,,,,1,,,1,,,,,,,
"5,964",2018 People Staying Counts,BLT1,Weekday2_Morning,Weekday,Morning,20180725,0846,0856,,Sun-Shaded,67,UD4H,11,1,1,,1,,1,,,,,,,,,,,,1,,1,,,,,,,,,,,,,,1,,,1,,,,,,,
"5,965",2018 People Staying Counts,BLT1,Weekday2_Morning,Weekday,Morning,20180725,0846,0856,,Sun-Shaded,67,UD4H,12,1,1,,1,,1,,,,,,,,,,,,1,,1,,,,,,,,,,,,,,1,,,1,,,,,,,
"5,966",2018 People Staying Counts,BLT1,Weekday2_Morning,Weekday,Morning,20180725,0846,0856,,Sun-Shaded,67,UD4H,13,1,1,,1,,1,,,,,,,,,,,1,,,1,,,,,,,,,,,,,,1,,,1,,,,,,,
"5,967",2018 People Staying Counts,BLT1,Weekday2_Morning,Weekday,Morning,20180725,0846,0856,,Sun-Shaded,67,UD4H,14,1,1,,1,,1,,,,,,,,,,,1,,,1,,,,,,,,,,,,,,,,,1,,,,,,,
"5,968",2018 People Staying Counts,BLT1,Weekday2_Morning,Weekday,Morning,20180725,0846,0856,,Sun-Shaded,67,UD4H,15,1,1,,1,,,,,1,,,,,,,,1,,,1,,,,,,,,,,,,,,1,,,1,,,,,,,
"5,969",2018 People Staying Counts,BLT1,Weekday2_Morning,Weekday,Morning,20180725,0846,0856,,Sun-Shaded,67,UD4H,16,1,1,1,,,1,,,,,,,,,,,1,,,1,,,,,,,,,,,,,,1,,,1,,,,,,,
"5,970",2018 People Staying Counts,BLT1,Weekday2_Morning,Weekday,Morning,20180725,0846,0856,,Sun-Shaded,67,UD4H,17,1,1,1,,,1,,,,,,,,,,,1,,,1,,,,,,,,,,,,,,1,,,1,,,,,,,
"5,971",2018 People Staying Counts,BLT1,Weekday2_Morning,Weekday,Morning,20180725,0846,0856,,Sun-Shaded,67,UD4H,18,1,1,,1,,1,,,,,,,,,,,1,,,1,,,,,,,,,,,,,,,,,1,,,,,,,
"5,972",2018 People Staying Counts,BLT1,Weekday2_Morning,Weekday,Morning,20180725,0846,0856,,Sun-Shaded,67,UD4H,19,1,1,1,,,,1,,,,,,,,,,1,,,1,,,,,,,,,,,,,,1,,,1,,,,,,,
"5,973",2018 People Staying Counts,BLT1,Weekday2_Morning,Weekday,Morning,20180725,0846,0856,,Sun-Shaded,67,UD4H,20,1,1,,1,,,1,,,,,,,,,,,1,,1,,,,,,,,,,,,,,,,,1,,,,,,,
"5,974",2018 People Staying Counts,BLT1,Weekday2_Morning,Weekday,Morning,20180725,0846,0856,,Sun-Shaded,67,UD4H,21,1,1,1,,,,,,1,,,,,,,,1,,,1,,,,,,,,,,,,,,1,,,1,,,,,,,
"5,975",2018 People Staying Counts,BLT1,Weekday2_Morning,Weekday,Morning,20180725,0846,0856,,Sun-Shaded,67,UD4H,22,1,1,,1,,1,,,,,,,,,,,1,,,1,,,,,,,,,,,,,,1,,,1,,,,,,,
"5,976",2018 People Staying Counts,BLT1,Weekday2_Morning,Weekday,Morning,20180725,0846,0856,,Sun-Shaded,67,UD4H,23,1,1,1,,,,1,,,,,,,,,,,1,,1,,,,,,,,,,,,,,,,,1,,,,,,,
"5,977",2018 People Staying Counts,BLT1,Weekday2_Morning,Weekday,Morning,20180725,0846,0856,,Sun-Shaded,67,UD4H,24,1,1,,1,,1,,,,,,,,,,,1,,,1,,,,,,,,,,,,,,,,1,,,,,,,,
"5,978",2018 People Staying Counts,BLT1,Weekday2_Morning,Weekday,Morning,20180725,0846,0856,,Sun-Shaded,67,UD4H,25,1,1,,1,,1,,,,,,,,,,,,1,,,,1,,,,,,,,,,,,,,,1,,,,,,,
"5,979",2018 People Staying Counts,BLT1,Weekday2_Morning,Weekday,Morning,20180725,0846,0856,,Sun-Shaded,67,UD4H,26,1,1,,1,,1,,,,,,,,,,,1,,,1,,,,,,,,,,,,,,,,,1,,,,,,,
"5,980",2018 People Staying Counts,BLT1,Weekday2_Morning,Weekday,Morning,20180725,0846,0856,,Sun-Shaded,67,UD4H,27,1,2,1,,,,1,,,,,,,,,,1,,,1,,,,,,,,,,,,1,,,,,,,,,,,,
"5,981",2018 People Staying Counts,BLT1,Weekday2_Morning,Weekday,Morning,20180725,0846,0856,,Sun-Shaded,67,UD4H,28,1,2,1,,,,1,,,,,,,,,,1,,,1,,,,,,,,,,,,1,,,,,,,,,,,,
"5,982",2018 People Staying Counts,BLT1,Weekday2_Morning,Weekday,Morning,20180725,0846,0856,,Sun-Shaded,67,UD4H,29,1,1,1,,,1,,,,,,,,,,,1,,,1,,,,,,,,,,,,,,,,,1,,,,,,,
"5,983",2018 People Staying Counts,BLT1,Weekday2_Morning,Weekday,Morning,20180725,0846,0856,,Sun-Shaded,67,UD4H,30,1,1,,1,,,1,,,,,,,,,,,1,,1,,,,,,,,,,,,,,,,1,,,,,,,,
"5,984",2018 People Staying Counts,BLT1,Weekday2_Morning,Weekday,Morning,20180725,0846,0856,,Sun-Shaded,67,UD4H,31,1,1,1,,,1,,,,,,,,,,,,1,,1,,,,,,,1,,1,,1,,,,,,1,,,,,,,
"5,985",2018 People Staying Counts,BLT1,Weekday2_Morning,Weekday,Morning,20180725,0846,0856,,Sun-Shaded,67,UD4H,32,1,3,,1,,,,,1,,,,,,,,,1,,1,,,,,,,,,,,,1,,,,,1,,,,,,,
"5,986",2018 People Staying Counts,BLT1,Weekday2_Morning,Weekday,Morning,20180725,0846,0856,,Sun-Shaded,67,UD4H,33,1,3,1,,,,,,1,,,,,,1,,,,,1,,,,,,,,,,,,1,,,,,1,,,,,,,
"5,987",2018 People Staying Counts,BLT1,Weekday2_Morning,Weekday,Morning,20180725,0846,0856,,Sun-Shaded,67,UD4H,34,1,3,,1,,,,,1,,,,,1,,,,,,1,,,,,,,,,,,,1,,,,1,1,,,,,,,
"5,988",2018 People Staying Counts,BLT1,Weekday2_Morning,Weekday,Morning,20180725,0846,0856,,Sun-Shaded,67,UD4H,35,1,1,1,,,1,,,,,,,,,,,1,,,1,,,,,,,,,,,,,,1,,,1,,,,,,,
"5,989",2018 People Staying Counts,BLT1,Weekday2_Midday,Weekday,Midday,20180725,1224,1234,,Sun-Shaded,77,UD4H,1,1,2,,1,,,1,,,,,,,,,,,1,,1,,,,,,,,,,,,1,,1,,,,,,,,,,
"5,990",2018 People Staying Counts,BLT1,Weekday2_Midday,Weekday,Midday,20180725,1224,1234,,Sun-Shaded,77,UD4H,2,1,2,,1,,1,,,,,,,,,,,1,,,1,,,,,,,,,,,,1,,,,,,,,,,,,
"5,991",2018 People Staying Counts,BLT1,Weekday2_Midday,Weekday,Midday,20180725,1224,1234,,Sun-Shaded,77,UD4H,3,1,1,,1,,,,,1,,,,,,,,1,,,1,,,,,,,,,,,,,,1,,,1,,,,,,,
"5,992",2018 People Staying Counts,BLT1,Weekday2_Midday,Weekday,Midday,20180725,1224,1234,,Sun-Shaded,77,UD4H,4,1,1,,1,,,1,,,,,,,,,,,1,,1,,,,,,,,,,,,,,,,1,,,,,,,,
"5,993",2018 People Staying Counts,BLT1,Weekday2_Midday,Weekday,Midday,20180725,1224,1234,,Sun-Shaded,77,UD4H,5,1,1,1,,,1,,,,,,,,,,,1,,,1,,,,,,,,,,,,,,1,,,1,,,,,,,
"5,994",2018 People Staying Counts,BLT1,Weekday2_Midday,Weekday,Midday,20180725,1224,1234,,Sun-Shaded,77,UD4H,6,1,1,1,,,,,,1,,,,,,,,1,,,1,,,,,,,,,,,,,,1,,,1,,,,,,,
"5,995",2018 People Staying Counts,BLT1,Weekday2_Midday,Weekday,Midday,20180725,1224,1234,,Sun-Shaded,77,UD4H,7,1,1,1,,,1,,,,,,,,,,,,1,,1,,,,,,,,1,,,,,,,,,,,,,,,,
"5,996",2018 People Staying Counts,BLT1,Weekday2_Midday,Weekday,Midday,20180725,1224,1234,,Sun-Shaded,77,UD4H,8,1,1,,1,,1,,,,,,,,,,,,,1,,,1,,,,,1,,,,,,,,,,1,,,,,,,
"5,997",2018 People Staying Counts,BLT1,Weekday2_Midday,Weekday,Midday,20180725,1224,1234,,Sun-Shaded,77,UD4H,9,1,1,,1,,1,,,,,,,,,,,1,,,1,,,,,,,,,,,,,,,,,1,,,,,,,
"5,998",2018 People Staying Counts,BLT1,Weekday2_Midday,Weekday,Midday,20180725,1224,1234,,Sun-Shaded,77,UD4H,10,1,1,,1,,,,1,,,,,,,,,,1,,,,,,1,,,,,,,,,,,,1,,,,,,,,
"5,999",2018 People Staying Counts,BLT1,Weekday2_Midday,Weekday,Midday,20180725,1224,1234,,Sun-Shaded,77,UD4H,11,1,1,,1,,,1,,,,,,,,,,1,,,1,,,,,,,,,1,,,,,,,,,,,,,,,
"6,000",2018 People Staying Counts,BLT1,Weekday2_Midday,Weekday,Midday,20180725,1224,1234,,Sun-Shaded,77,UD4H,12,1,1,1,,,,1,,,,,,,,,,1,,,1,,,,,,,,,,,,,,1,,1,,,,,,,,
"6,001",2018 People Staying Counts,BLT1,Weekday2_Midday,Weekday,Midday,20180725,1224,1234,,Sun-Shaded,77,UD4H,13,1,1,,1,,,,,,,1,,,,,,,1,,,,,,,1,,,,,,,,,1,,,,,,,,,,
"6,002",2018 People Staying Counts,BLT1,Weekday2_Midday,Weekday,Midday,20180725,1224,1234,,Sun-Shaded,77,UD4H,14,1,1,1,,,1,,,,,,,,,,,1,,,1,,,,,,,,,,,,,,1,,,1,,,,,,,
"6,003",2018 People Staying Counts,BLT1,Weekday2_Midday,Weekday,Midday,20180725,1224,1234,,Sun-Shaded,77,UD4H,15,1,1,,1,,1,,,,,,,,,,,1,,,1,,,,,,,,,,,,,,,,,1,,,,,,,
"6,004",2018 People Staying Counts,BLT1,Weekday2_Midday,Weekday,Midday,20180725,1224,1234,,Sun-Shaded,77,UD4H,16,1,1,1,,,1,,,,,,,,,,,1,,,1,,,,,,,,,,,,,,1,,,1,,,,,,,
"6,005",2018 People Staying Counts,BLT1,Weekday2_Midday,Weekday,Midday,20180725,1224,1234,,Sun-Shaded,77,UD4H,17,1,1,,1,,1,,,,,,,,,,,1,,,1,,,,,,,,,,,,,,1,,,1,,,,,,,
"6,006",2018 People Staying Counts,BLT1,Weekday2_Midday,Weekday,Midday,20180725,1224,1234,,Sun-Shaded,77,UD4H,18,1,1,1,,,,1,,,,,,,,,,1,,,,1,,,,,,1,,,,,,,,,,1,,,,,,,
"6,007",2018 People Staying Counts,BLT1,Weekday2_Midday,Weekday,Midday,20180725,1224,1234,,Sun-Shaded,77,UD4H,19,1,1,1,,,1,,,,,,,,,,,,,1,1,,,,,,,,,,,,,,,,,1,,,,,,,
"6,008",2018 People Staying Counts,BLT1,Weekday2_Midday,Weekday,Midday,20180725,1224,1234,,Sun-Shaded,77,UD4H,20,1,1,1,,,,1,,,,,,,,,,1,,,1,,,,,,,,,,,,,,,,,1,,,,,,,
"6,009",2018 People Staying Counts,BLT1,Weekday2_Midday,Weekday,Midday,20180725,1224,1234,,Sun-Shaded,77,UD4H,21,1,1,1,,,,,,,,1,,,,,,1,,,1,,,,,,,,,,,,,,1,,,1,,,,,,,
"6,010",2018 People Staying Counts,BLT1,Weekday2_Midday,Weekday,Midday,20180725,1224,1234,,Sun-Shaded,77,UD4H,22,1,1,1,,,,,,,,,,1,,,,,1,,1,,,,,,,,,,,,,,1,,,1,,,,,,,
"6,011",2018 People Staying Counts,BLT1,Weekday2_Midday,Weekday,Midday,20180725,1224,1234,,Sun-Shaded,77,UD4H,23,1,2,,1,,,1,,,,,,,,,,,1,,1,,,,,,,,,,,,1,,,,,1,,,,,,,
"6,012",2018 People Staying Counts,BLT1,Weekday2_Midday,Weekday,Midday,20180725,1224,1234,,Sun-Shaded,77,UD4H,24,1,2,,1,,1,,,,,,,,,,,,1,,1,,,,,,,,,,,,1,,,,,1,,,,,,,
"6,013",2018 People Staying Counts,BLT1,Weekday2_Midday,Weekday,Midday,20180725,1224,1234,,Sun-Shaded,77,UD4H,25,1,2,,1,,1,,,,,,,,,,,1,,,,,1,,,,,,,,,,,,,,,1,,,,,,,
"6,014",2018 People Staying Counts,BLT1,Weekday2_Midday,Weekday,Midday,20180725,1224,1234,,Sun-Shaded,77,UD4H,26,1,2,,1,,,,1,,,,,,,,,1,,,,,1,,,,,,,,,,,,,,,1,,,,,,,
"6,015",2018 People Staying Counts,BLT1,Weekday2_Midday,Weekday,Midday,20180725,1224,1234,,Sun-Shaded,77,UD4H,27,1,1,1,,,1,,,,,,,,,,,1,,,1,,,,,,,,,,,,,,,,,1,,,,,,,
"6,016",2018 People Staying Counts,BLT1,Weekday2_Midday,Weekday,Midday,20180725,1224,1234,,Sun-Shaded,77,UD4H,28,1,1,1,,,1,,,,,,,,,,,1,,,,,1,,,,,,,,,,,,1,,,1,,,,,,,
"6,017",2018 People Staying Counts,BLT1,Weekday2_Midday,Weekday,Midday,20180725,1224,1234,,Sun-Shaded,77,UD4H,29,1,1,,1,,,,1,,,,,,,,,1,,,1,,,,,,,,,1,,,,,,,,,,,,,,,
"6,018",2018 People Staying Counts,BLT1,Weekday2_Midday,Weekday,Midday,20180725,1224,1234,,Sun-Shaded,77,UD4H,30,1,1,1,,,1,,,,,,,,,,,1,,,1,,,,,,,,,,,,,,1,,,1,,,,,,,
"6,019",2018 People Staying Counts,BLT1,Weekday2_Midday,Weekday,Midday,20180725,1224,1234,,Sun-Shaded,77,UD4H,31,1,1,1,,,,1,,,,,,,,,,1,,,,1,,,,,,,,,,,,,,,1,,,,,,,,
"6,020",2018 People Staying Counts,BLT1,Weekday2_Midday,Weekday,Midday,20180725,1224,1234,,Sun-Shaded,77,UD4H,32,1,2,1,,,,,1,,,,,,,,,,1,,,,,,,1,,,,,,,1,,,,1,,,1,,,,,
"6,021",2018 People Staying Counts,BLT1,Weekday2_Midday,Weekday,Midday,20180725,1224,1234,,Sun-Shaded,77,UD4H,33,1,2,,1,,1,,,,,,,,,,,1,,,,,,,,1,,,,,,1,1,,,,1,,,1,,,,,
"6,022",2018 People Staying Counts,BLT1,Weekday2_Midday,Weekday,Midday,20180725,1224,1234,,Sun-Shaded,77,UD4H,34,1,1,,1,,1,,,,,,,,,,1,,,,1,,,,,,,,,,,,,,1,,,1,,,,,,,
"6,023",2018 People Staying Counts,BLT1,Weekday2_Midday,Weekday,Midday,20180725,1224,1234,,Sun-Shaded,77,UD4H,35,1,1,,1,,,1,,,,,,,,,,,1,,1,,,,,,,,,,,,,,,,1,,,,,,,,
"6,024",2018 People Staying Counts,BLT1,Weekday2_Evening,Weekday,Evening,20180725,1627,1637,,Sun-Shaded,84,UD4H,1,1,1,1,,,1,,,,,,,,,,,1,,,1,,,,,,,,,,,,,,1,,,1,,,,,,,
"6,025",2018 People Staying Counts,BLT1,Weekday2_Evening,Weekday,Evening,20180725,1627,1637,,Sun-Shaded,84,UD4H,2,1,1,,1,,,1,,,,,,,,,,1,,,1,,,,,,,,,,,,,,,,1,,,,,,,,
"6,026",2018 People Staying Counts,BLT1,Weekday2_Evening,Weekday,Evening,20180725,1627,1637,,Sun-Shaded,84,UD4H,3,1,1,1,,,,1,,,,,,,,,,,1,,,,,,,1,,,,,,,,,,,,1,,,,,,,
"6,027",2018 People Staying Counts,BLT1,Weekday2_Evening,Weekday,Evening,20180725,1627,1637,,Sun-Shaded,84,UD4H,4,1,2,,1,,1,,,,,,,,,,,,1,,1,,,,,,,,,,,,1,,,,,1,,,,,,,
"6,028",2018 People Staying Counts,BLT1,Weekday2_Evening,Weekday,Evening,20180725,1627,1637,,Sun-Shaded,84,UD4H,5,1,2,1,,,1,,,,,,,,,,,,1,,1,,,,,,,,,,,,1,,,,,1,,,,,,,
"6,029",2018 People Staying Counts,BLT1,Weekday2_Evening,Weekday,Evening,20180725,1627,1637,,Sun-Shaded,84,UD4H,6,1,1,,1,,1,,,,,,,,,,,1,,,1,,,,,,,,,,,,,,,,,1,,,,,,,
"6,030",2018 People Staying Counts,BLT1,Weekday2_Evening,Weekday,Evening,20180725,1627,1637,,Sun-Shaded,84,UD4H,7,1,1,1,,,,1,,,,,,,,,,1,,,1,,,,,,,,,,,,,,,,,1,,,,,,,
"6,031",2018 People Staying Counts,BLT1,Weekday2_Evening,Weekday,Evening,20180725,1627,1637,,Sun-Shaded,84,UD4H,8,1,1,,1,,,,,1,,,,,,,,1,,,1,,,,,,,,,,,,,,1,,,1,,,,,,,
"6,032",2018 People Staying Counts,BLT1,Weekday2_Evening,Weekday,Evening,20180725,1627,1637,,Sun-Shaded,84,UD4H,9,1,1,,1,,1,,,,,,,,,,,1,,,1,,,,,,,,,,,,,,1,,,1,,,,,,,
"6,033",2018 People Staying Counts,BLT1,Weekday2_Evening,Weekday,Evening,20180725,1627,1637,,Sun-Shaded,84,UD4H,10,1,1,,1,,1,,,,,,,,,,,1,,,1,,,,,,,,,,,,,,,,,1,,,,,,,
"6,034",2018 People Staying Counts,BLT1,Weekday2_Evening,Weekday,Evening,20180725,1627,1637,,Sun-Shaded,84,UD4H,11,1,1,,1,,,,,1,,,,,,,,1,,,1,,,,,,,,,,,,,,,,,1,,,,,,,
"6,035",2018 People Staying Counts,BLT1,Weekday2_Evening,Weekday,Evening,20180725,1627,1637,,Sun-Shaded,84,UD4H,12,1,1,,1,,1,,,,,,,,,,,1,,,1,,,,,,,,,,,,,,1,,,1,,,,,,,
"6,036",2018 People Staying Counts,BLT1,Weekday2_Evening,Weekday,Evening,20180725,1627,1637,,Sun-Shaded,84,UD4H,13,1,1,1,,,1,,,,,,,,,,,,1,,1,,,,,,,,,,,,,,1,,,1,,,,,,,
"6,037",2018 People Staying Counts,BLT1,Weekday2_Evening,Weekday,Evening,20180725,1627,1637,,Sun-Shaded,84,UD4H,14,1,1,1,,,1,,,,,,,,,,,,1,,1,,,,,,,,,,,,,,,,,1,,,,,,,
"6,038",2018 People Staying Counts,BLT1,Weekday2_Evening,Weekday,Evening,20180725,1627,1637,,Sun-Shaded,84,UD4H,15,1,1,1,,,1,,,,,,,,,,,1,,,1,,,,,,,,,,,,,,1,,,1,,,,,,,
"6,039",2018 People Staying Counts,BLT1,Weekday2_Evening,Weekday,Evening,20180725,1627,1637,,Sun-Shaded,84,UD4H,16,1,1,,1,,1,,,,,,,,,,,,1,,1,,,,,,,,,,,,,,,,,1,,,,,,,
"6,040",2018 People Staying Counts,BLT1,Weekday2_Evening,Weekday,Evening,20180725,1627,1637,,Sun-Shaded,84,UD4H,17,1,1,1,,,1,,,,,,,,,,,1,,,1,,,,,,,,,,,,,,1,,,1,,,,,,,
"6,041",2018 People Staying Counts,BLT1,Weekday2_Evening,Weekday,Evening,20180725,1627,1637,,Sun-Shaded,84,UD4H,18,1,1,1,,,1,,,,,,,,,,,1,,,1,,,,,,,,,,,,,,1,,,1,,,,,,,
"6,042",2018 People Staying Counts,BLT1,Weekday2_Evening,Weekday,Evening,20180725,1627,1637,,Sun-Shaded,84,UD4H,19,1,1,1,,,1,,,,,,,,,,1,,,,1,,,,,,,,,,,,,,1,,,1,,,,,,,
"6,043",2018 People Staying Counts,BLT1,Weekday2_Evening,Weekday,Evening,20180725,1627,1637,,Sun-Shaded,84,UD4H,20,1,1,,1,,,,,,,1,,,,,,1,,,,,,,,1,,,,,,,,,1,,,1,,,,,,,
"6,044",2018 People Staying Counts,BLT1,Weekday2_Evening,Weekday,Evening,20180725,1627,1637,,Sun-Shaded,84,UD4H,21,1,1,1,,,1,,,,,,,,,,,1,,,1,,,,,,,,,,,,,,1,,,1,,,,,,,
"6,045",2018 People Staying Counts,BLT1,Weekday2_Evening,Weekday,Evening,20180725,1627,1637,,Sun-Shaded,84,UD4H,22,1,1,1,,,1,,,,,,,,,,,1,,,1,,,,,,,1,,,,,,,,,,1,,,,,,,
"6,046",2018 People Staying Counts,BLT1,Weekday2_Evening,Weekday,Evening,20180725,1627,1637,,Sun-Shaded,84,UD4H,23,1,1,,1,,1,,,,,,,,,,,1,,,1,,,,,,,,,,,,,,,,,1,,,,,,,
"6,047",2018 People Staying Counts,BLT1,Weekday2_Evening,Weekday,Evening,20180725,1627,1637,,Sun-Shaded,84,UD4H,24,1,1,,1,,1,,,,,,,,,,,1,,,1,,,,,,,,,,,,,,1,,,1,,,,,,,
"6,048",2018 People Staying Counts,BLT1,Weekday2_Evening,Weekday,Evening,20180725,1627,1637,,Sun-Shaded,84,UD4H,25,1,1,1,,,,,,1,,,,,,,,1,,,1,,,,,,,,,,,,,,,,1,1,,,,,,,
"6,049",2018 People Staying Counts,BLT1,Weekday2_Evening,Weekday,Evening,20180725,1627,1637,,Sun-Shaded,84,UD4H,26,1,1,,1,,1,,,,,,,,,,,1,,,1,,,,,,,,,,,,,,1,,,1,,,,,,,
"6,050",2018 People Staying Counts,BLT1,Weekday2_Evening,Weekday,Evening,20180725,1627,1637,,Sun-Shaded,84,UD4H,27,1,2,1,,,1,,,,,,,,,,,1,,,1,,,,,,,,,,,,1,,,,,1,,,,,,,
"6,051",2018 People Staying Counts,BLT1,Weekday2_Evening,Weekday,Evening,20180725,1627,1637,,Sun-Shaded,84,UD4H,28,1,2,1,,,1,,,,,,,,,,,1,,,1,,,,,,,,,,,,1,,,,,1,,,,,,,
"6,052",2018 People Staying Counts,BLT1,Weekday2_Evening,Weekday,Evening,20180725,1627,1637,,Sun-Shaded,84,UD4H,29,1,3,1,,,,1,,,,,,,,,,,1,,,,,,1,,,,,,,,1,,,,1,,,1,,,,,
"6,053",2018 People Staying Counts,BLT1,Weekday2_Evening,Weekday,Evening,20180725,1627,1637,,Sun-Shaded,84,UD4H,30,1,3,1,,,,1,,,,,,,,,,,1,,,,,,1,,,,,,,,1,,,,1,,,,,,,,
"6,054",2018 People Staying Counts,BLT1,Weekday2_Evening,Weekday,Evening,20180725,1627,1637,,Sun-Shaded,84,UD4H,31,1,3,1,,,,1,,,,,,,,,,,1,,,,,,1,,,,,,,,1,,,,1,,,,,,,,
"6,055",2018 People Staying Counts,BLT1,Weekday2_Evening,Weekday,Evening,20180725,1627,1637,,Sun-Shaded,84,UD4H,32,1,1,1,,,,,,1,,,,,,,,1,,,1,,,,,,,,,,,,,,1,,,1,,,,,,,
"6,056",2018 People Staying Counts,BLT1,Weekday2_Evening,Weekday,Evening,20180725,1627,1637,,Sun-Shaded,84,UD4H,33,1,1,,1,,1,,,,,,,,,,,1,,,1,,,,,,,,,,,,,,1,,,1,,,,,,,
"6,057",2018 People Staying Counts,BLT1,Weekday2_Evening,Weekday,Evening,20180725,1627,1637,,Sun-Shaded,84,UD4H,34,1,1,,1,,,,,,,1,,,,,,1,,,1,,,,,,,,,,,,,,1,,,1,,,,,,,
"6,058",2018 People Staying Counts,BLT1,Weekday2_Evening,Weekday,Evening,20180725,1627,1637,,Sun-Shaded,84,UD4H,35,1,1,1,,,1,,,,,,,,,,,1,,,1,,,,,,,,,,,,,,1,,,1,,,,,,,
"6,059",2018 People Staying Counts,BLT1,Weekday2_Evening,Weekday,Evening,20180725,1627,1637,,Sun-Shaded,84,UD4H,36,1,1,,1,,,,,,,,,1,,,,1,,,1,,,,,,,,,,,,,,1,,,1,,,,,,,
"6,060",2018 People Staying Counts,BLT1,Weekday2_Evening,Weekday,Evening,20180725,1627,1637,,Sun-Shaded,84,UD4H,37,1,1,1,,,1,,,,,,,,,,,1,,,1,,,,,,,,,,,,,,1,,,1,,,,,,,
"6,061",2018 People Staying Counts,BLT1,Weekday2_Evening,Weekday,Evening,20180725,1627,1637,,Sun-Shaded,84,UD4H,38,1,1,,1,,1,,,,,,,,,,,,,1,1,,,,,,,,,,,,,,,,,1,,,,,,,
"6,062",2018 People Staying Counts,BLT1,Weekday2_Evening,Weekday,Evening,20180725,1627,1637,,Sun-Shaded,84,UD4H,39,1,1,,1,,,,,,,1,,,,,,1,,,1,,,,,,,,,,,,,,1,,,1,,,,,,,
"6,063",2018 People Staying Counts,BLT1,Weekday2_Evening,Weekday,Evening,20180725,1627,1637,,Sun-Shaded,84,UD4H,40,1,1,1,,,1,,,,,,,,,,,1,,,1,,,,,,,,,,,,,,1,,,1,,,,,,,
"6,064",2018 People Staying Counts,BLT1,Weekday2_Evening,Weekday,Evening,20180725,1627,1637,,Sun-Shaded,84,UD4H,41,1,1,,1,,1,,,,,,,,,,,,1,,1,,,,,,,,,,,,,,,,,1,,,,,,,
"6,065",2018 People Staying Counts,BLT1,Weekday2_Evening,Weekday,Evening,20180725,1627,1637,,Sun-Shaded,84,UD4H,42,1,1,,1,,1,,,,,,,,,,,1,,,1,,,,,,,,,,,,,,1,,,1,,,,,,,
"6,066",2018 People Staying Counts,BLT1,Weekday2_Evening,Weekday,Evening,20180725,1627,1637,,Sun-Shaded,84,UD4H,43,1,1,1,,,,,,1,,,,,,,,,1,,,1,,,,,,,,,,,,,,,,1,,,,,,,
"6,067",2018 People Staying Counts,BLT1,Weekday2_Evening,Weekday,Evening,20180725,1627,1637,,Sun-Shaded,84,UD4H,44,1,1,1,,,,1,,,,,,,,,,1,,,,,,,1,,,,1,,,,,,,,1,,,,,,,,
"6,068",2018 People Staying Counts,BLT1,Weekday2_Evening,Weekday,Evening,20180725,1627,1637,,Sun-Shaded,84,UD4H,45,1,1,,1,,1,,,,,,,,,,,,1,,,,,,1,,,1,,,,,,,,,1,,,1,,,,,
"6,069",2018 People Staying Counts,CID3,Weekend_Midday,Weekend,Midday,20180714,1227,1237,"event:cultural_communal, event:political_religious, event:commercial_event",Sun-Exposed,72,UD4H,1,1,3,,1,,,,,1,,,,,,,1,,,,1,,,,,,,,,1,1,1,1,,1,,,,,,,,,,
"6,070",2018 People Staying Counts,CID3,Weekend_Midday,Weekend,Midday,20180714,1227,1237,"event:cultural_communal, event:political_religious, event:commercial_event",Sun-Exposed,72,UD4H,2,1,3,1,,,,,,1,,,,,,,,,1,,1,,,,,,,,,1,1,1,1,,,,,,,,,,,,
"6,071",2018 People Staying Counts,CID3,Weekend_Midday,Weekend,Midday,20180714,1227,1237,"event:cultural_communal, event:political_religious, event:commercial_event",Sun-Exposed,72,UD4H,3,1,3,,1,,,,,1,,,,,,,,,1,,1,,,,,,,,,1,1,1,1,,,,,,,,,,,,
"6,072",2018 People Staying Counts,CID3,Weekend_Midday,Weekend,Midday,20180714,1227,1237,"event:cultural_communal, event:political_religious, event:commercial_event",Sun-Exposed,72,UD4H,4,1,2,1,,,,,,1,,,,,,,,1,,,1,,,,,,,,,,1,,1,,,,,,,,,,,,
"6,073",2018 People Staying Counts,CID3,Weekend_Midday,Weekend,Midday,20180714,1227,1237,"event:cultural_communal, event:political_religious, event:commercial_event",Sun-Exposed,72,UD4H,5,1,2,1,,,,,,1,,,,,,,,1,,,1,,,,,,,,,,1,,1,,,,,,,,,,,,
"6,074",2018 People Staying Counts,CID3,Weekend_Midday,Weekend,Midday,20180714,1227,1237,"event:cultural_communal, event:political_religious, event:commercial_event",Sun-Exposed,72,UD4H,6,1,3,1,,,1,,,,,,,,,,,1,,,1,,,,,,,,,,,1,1,,,,,,,,,,,,
"6,075",2018 People Staying Counts,CID3,Weekend_Midday,Weekend,Midday,20180714,1227,1237,"event:cultural_communal, event:political_religious, event:commercial_event",Sun-Exposed,72,UD4H,7,1,3,,1,,1,,,,,,,,,,,1,,,1,,,,,,,,,,,1,1,,,,,,,,,,,,
"6,076",2018 People Staying Counts,CID3,Weekend_Midday,Weekend,Midday,20180714,1227,1237,"event:cultural_communal, event:political_religious, event:commercial_event",Sun-Exposed,72,UD4H,8,1,3,1,,,1,,,,,,,,,,,1,,,1,,,,,,,,,,,1,,,,,,,,,,,,,
"6,077",2018 People Staying Counts,CID3,Weekend_Midday,Weekend,Midday,20180714,1227,1237,"event:cultural_communal, event:political_religious, event:commercial_event",Sun-Exposed,72,UD4H,9,1,2,,1,,1,,,,,,,,,,1,,,,1,,,,,,,,,,,1,1,,,,,,,,,,,,
"6,078",2018 People Staying Counts,CID3,Weekend_Midday,Weekend,Midday,20180714,1227,1237,"event:cultural_communal, event:political_religious, event:commercial_event",Sun-Exposed,72,UD4H,10,1,2,,1,,1,,,,,,,,,1,,,,,1,,,,,,,,,,,1,,,,,,,,,,,,,
"6,079",2018 People Staying Counts,CID3,Weekend_Midday,Weekend,Midday,20180714,1227,1237,"event:cultural_communal, event:political_religious, event:commercial_event",Sun-Exposed,72,UD4H,11,1,3,1,,,1,,,,,,,,,,,1,,,1,,,,,,,,,,,1,1,,,,,,,,,,,,
"6,080",2018 People Staying Counts,CID3,Weekend_Midday,Weekend,Midday,20180714,1227,1237,"event:cultural_communal, event:political_religious, event:commercial_event",Sun-Exposed,72,UD4H,12,1,3,,1,,,,,1,,,,,,,,1,,,1,,,,,,,,,,1,1,1,,1,,,,,,,,,,
"6,081",2018 People Staying Counts,CID3,Weekend_Midday,Weekend,Midday,20180714,1227,1237,"event:cultural_communal, event:political_religious, event:commercial_event",Sun-Exposed,72,UD4H,13,1,3,,1,,,,,,,,1,,,,1,,,,,,,,,1,,,,,1,1,1,,1,,,,,,,,,,
"6,082",2018 People Staying Counts,CID3,Weekend_Midday,Weekend,Midday,20180714,1227,1237,"event:cultural_communal, event:political_religious, event:commercial_event",Sun-Exposed,72,UD4H,14,1,1,1,,,,,,,,,1,,,,1,,,,,1,,,,,,,,,1,1,,,,,,,,,,,,,
"6,083",2018 People Staying Counts,CID3,Weekend_Midday,Weekend,Midday,20180714,1227,1237,"event:cultural_communal, event:political_religious, event:commercial_event",Sun-Exposed,72,UD4H,15,1,1,,1,,1,,,,,,,,,1,,,,,1,,,,,,,,,,,1,,,,,,,,,,,,,
"6,113",2018 People Staying Counts,CID3,Weekday1_Evening,Weekday,Evening,20180717,1622,1632,,Sun-Exposed,82,UD4H,5,1,1,1,,,,,,1,,,,,,,,1,,,1,,,,,,,,,,,,1,,,,,,,,,,,,
"6,084",2018 People Staying Counts,CID3,Weekend_Evening,Weekend,Evening,20180714,1622,1632,"event:cultural_communal, event:political_religious, event:commercial_event",Sun-Exposed,79,UD4H,1,1,1,,1,,,,,1,,,,,,,1,,,,1,,,,,,,,,,,,,1,,,,,,,,,,,
"6,085",2018 People Staying Counts,CID3,Weekend_Evening,Weekend,Evening,20180714,1622,1632,"event:cultural_communal, event:political_religious, event:commercial_event",Sun-Exposed,79,UD4H,2,1,3,,1,,,,,1,,,,,,,1,,,,1,,,,,,,,,1,1,,,,,,,,,,,,,,
"6,086",2018 People Staying Counts,CID3,Weekend_Evening,Weekend,Evening,20180714,1622,1632,"event:cultural_communal, event:political_religious, event:commercial_event",Sun-Exposed,79,UD4H,3,1,3,,1,,,,,1,,,,,,1,,,,,1,,,,,,,,,1,1,,,,,,,,,,,,,,
"6,087",2018 People Staying Counts,CID3,Weekend_Evening,Weekend,Evening,20180714,1622,1632,"event:cultural_communal, event:political_religious, event:commercial_event",Sun-Exposed,79,UD4H,4,1,3,,1,,,,,1,,,,,,,,1,,,1,,,,,,,,,1,,,,,,,,,,,,,,,
"6,088",2018 People Staying Counts,CID3,Weekend_Evening,Weekend,Evening,20180714,1622,1632,"event:cultural_communal, event:political_religious, event:commercial_event",Sun-Exposed,79,UD4H,5,1,1,1,,,,,,1,,,,,,,,1,,,,,1,,,,,,,,1,1,,,,,,,,,,,,,
"6,089",2018 People Staying Counts,CID3,Weekend_Evening,Weekend,Evening,20180714,1622,1632,"event:cultural_communal, event:political_religious, event:commercial_event",Sun-Exposed,79,UD4H,6,1,2,1,,,,1,,,,,,,,,,1,,,1,,,,,,,,,,,,1,,,,,,,,,,,,
"6,090",2018 People Staying Counts,CID3,Weekend_Evening,Weekend,Evening,20180714,1622,1632,"event:cultural_communal, event:political_religious, event:commercial_event",Sun-Exposed,79,UD4H,7,1,2,1,,,1,,,,,,,,,,,1,,,1,,,,,,,,,,,,1,,,,,,,,,,,,
"6,091",2018 People Staying Counts,CID3,Weekend_Evening,Weekend,Evening,20180714,1622,1632,"event:cultural_communal, event:political_religious, event:commercial_event",Sun-Exposed,79,UD4H,8,1,3,1,,,,1,,,,,,,,,,1,,,1,,,,,,,,,,,,,1,,,,,,,,,,,
"6,092",2018 People Staying Counts,CID3,Weekend_Evening,Weekend,Evening,20180714,1622,1632,"event:cultural_communal, event:political_religious, event:commercial_event",Sun-Exposed,79,UD4H,9,1,3,1,,,,1,,,,,,,,,,,1,,1,,,,,,,,,,,,,1,,,,,,,,,,,
"6,093",2018 People Staying Counts,CID3,Weekend_Evening,Weekend,Evening,20180714,1622,1632,"event:cultural_communal, event:political_religious, event:commercial_event",Sun-Exposed,79,UD4H,10,1,3,,1,,,1,,,,,,,,,,,1,,1,,,,,,,,,,,,,1,,,,,,,,,,,
"6,094",2018 People Staying Counts,CID3,Weekend_Evening,Weekend,Evening,20180714,1622,1632,"event:cultural_communal, event:political_religious, event:commercial_event",Sun-Exposed,79,UD4H,11,1,1,1,,,,,,1,,,,,,,,,1,,,,1,,,,,,,,,1,,,,,,,,,,,,,
"6,095",2018 People Staying Counts,CID3,Weekend_Evening,Weekend,Evening,20180714,1622,1632,"event:cultural_communal, event:political_religious, event:commercial_event",Sun-Exposed,79,UD4H,12,1,3,,1,,,,,1,,,,,,,,1,,,1,,,,,,,,,1,1,,1,,,,,,,,,,,,
"6,096",2018 People Staying Counts,CID3,Weekend_Evening,Weekend,Evening,20180714,1622,1632,"event:cultural_communal, event:political_religious, event:commercial_event",Sun-Exposed,79,UD4H,13,1,3,,1,,,,,1,,,,,,,1,,,,1,,,,,,,,,1,,,,,,,,,,,,,,,
"6,097",2018 People Staying Counts,CID3,Weekend_Evening,Weekend,Evening,20180714,1622,1632,"event:cultural_communal, event:political_religious, event:commercial_event",Sun-Exposed,79,UD4H,14,1,3,1,,,,,,1,,,,,,,,1,,,1,,,,,,,,,1,,,,,,,,,,,,,,,
"6,098",2018 People Staying Counts,CID3,Weekend_Evening,Weekend,Evening,20180714,1622,1632,"event:cultural_communal, event:political_religious, event:commercial_event",Sun-Exposed,79,UD4H,15,1,2,,1,,1,,,,,,,,,,,1,,,1,,,,,,,,,1,1,,1,,,,,,,,,,,,
"6,099",2018 People Staying Counts,CID3,Weekend_Evening,Weekend,Evening,20180714,1622,1632,"event:cultural_communal, event:political_religious, event:commercial_event",Sun-Exposed,79,UD4H,16,1,2,1,,,,,,1,,,,,,,,1,,,1,,,,,,,,,1,,,,,,,,,,,,,,,
"6,100",2018 People Staying Counts,CID3,Weekend_Evening,Weekend,Evening,20180714,1622,1632,"event:cultural_communal, event:political_religious, event:commercial_event",Sun-Exposed,79,UD4H,17,1,2,,1,,,,,1,,,,,,,,,1,,1,,,,,,,,,1,1,,1,,,,,,,,,,,,
"6,101",2018 People Staying Counts,CID3,Weekend_Evening,Weekend,Evening,20180714,1622,1632,"event:cultural_communal, event:political_religious, event:commercial_event",Sun-Exposed,79,UD4H,18,1,2,,1,,,,,1,,,,,,,,,1,,1,,,,,,,,,1,1,,,,,,,,,,,,,,
"6,102",2018 People Staying Counts,CID3,Weekend_Evening,Weekend,Evening,20180714,1622,1632,"event:cultural_communal, event:political_religious, event:commercial_event",Sun-Exposed,79,UD4H,19,1,1,1,,,,,,1,,,,,,,,1,,,,,,,1,,,,1,,,,1,1,,,,,,,,,,,
"6,103",2018 People Staying Counts,CID3,Weekday1_Morning,Weekday,Morning,20180717,0816,0826,event:roadwork_construction,Sun-Shaded,65,UD4H,1,1,1,1,,,1,,,,,,,,,,,1,,,1,,,,,,,,,,,,,,1,,,,,,,,,,
"6,104",2018 People Staying Counts,CID3,Weekday1_Morning,Weekday,Morning,20180717,0816,0826,event:roadwork_construction,Sun-Shaded,65,UD4H,2,1,1,1,,,1,,,,,,,,,,,1,,,1,,,,,,,,,,,,,,,,,,,1,,,,,
"6,105",2018 People Staying Counts,CID3,Weekday1_Midday,Weekday,Midday,20180717,1231,1241,event:roadwork_construction,Sun-Exposed,75,UD4H,1,1,1,1,,,,,,1,,,,,,,,,1,,1,,,,,,,,,,,,,,1,,,,,,,,,,
"6,106",2018 People Staying Counts,CID3,Weekday1_Midday,Weekday,Midday,20180717,1231,1241,event:roadwork_construction,Sun-Exposed,75,UD4H,2,1,1,,1,,1,,,,,,,,,,1,,,,1,,,,,,,,,,,,,,,,1,,,,,,,,
"6,107",2018 People Staying Counts,CID3,Weekday1_Midday,Weekday,Midday,20180717,1231,1241,event:roadwork_construction,Sun-Exposed,75,UD4H,3,1,1,,1,,1,,,,,,,,,,,,1,,1,,,,,,,,,1,1,,,,,,,,,,,,,,
"6,108",2018 People Staying Counts,CID3,Weekday1_Midday,Weekday,Midday,20180717,1231,1241,event:roadwork_construction,Sun-Exposed,75,UD4H,4,1,1,,1,,,1,,,,,,,,,1,,,,1,,,,,,,,,,,,,,,,1,,,,,,,,
"6,109",2018 People Staying Counts,CID3,Weekday1_Evening,Weekday,Evening,20180717,1622,1632,,Sun-Exposed,82,UD4H,1,1,1,1,,,1,,,,,,,,,,,1,,,,1,,,,,,,,,,,,,1,,,,,,,,,,
"6,110",2018 People Staying Counts,CID3,Weekday1_Evening,Weekday,Evening,20180717,1622,1632,,Sun-Exposed,82,UD4H,2,1,2,,1,,,,,1,,,,,,1,,,,,1,,,,,,,,,,,1,1,,,,,,,,,,,,
"6,111",2018 People Staying Counts,CID3,Weekday1_Evening,Weekday,Evening,20180717,1622,1632,,Sun-Exposed,82,UD4H,3,1,2,,1,,,,,1,,,,,,1,,,,,1,,,,,,,,,,,1,,,,,,,,,,,,,
"6,112",2018 People Staying Counts,CID3,Weekday1_Evening,Weekday,Evening,20180717,1622,1632,,Sun-Exposed,82,UD4H,4,1,1,1,,,,,,1,,,,,,,,1,,,1,,,,,,,,,,,,,,,,,,,1,,,,,
"6,114",2018 People Staying Counts,CID3,Weekday1_Evening,Weekday,Evening,20180717,1622,1632,,Sun-Exposed,82,UD4H,6,1,2,1,,,1,,,,,,,,,,,1,,,1,,,,,,,,,,,,1,,,,,,,1,,,,,
"6,115",2018 People Staying Counts,CID3,Weekday1_Evening,Weekday,Evening,20180717,1622,1632,,Sun-Exposed,82,UD4H,7,1,2,,1,,1,,,,,,,,,,,1,,,1,,,,,,,,,,,,1,,,,,,,1,,,,,
"6,116",2018 People Staying Counts,CID3,Weekday1_Evening,Weekday,Evening,20180717,1622,1632,,Sun-Exposed,82,UD4H,8,1,1,1,,,1,,,,,,,,,,,1,,,1,,,,,,,,,,1,,,,,,,,,,,,,,
"6,117",2018 People Staying Counts,CID3,Weekday1_Evening,Weekday,Evening,20180717,1622,1632,,Sun-Exposed,82,UD4H,9,1,2,1,,,,,,1,,,,,,,,,1,,1,,,,,,,,,,,,,,,,1,,,,,,,,
"6,118",2018 People Staying Counts,CID3,Weekday1_Evening,Weekday,Evening,20180717,1622,1632,,Sun-Exposed,82,UD4H,10,1,2,,1,,1,,,,,,,,,,,,1,,1,,,,,,,,,,,,,,,,1,,,,,,,,
"6,119",2018 People Staying Counts,CID3,Weekday1_Evening,Weekday,Evening,20180717,1622,1632,,Sun-Exposed,82,UD4H,11,1,1,,1,,,,,1,,,,,,,,1,,,1,,,,,,,,,,,1,,,,,,,,,,,,,
"6,120",2018 People Staying Counts,CID3,Weekday2_Morning,Weekday,Morning,20180719,0834,0844,,Heavy Clouds,58,UD4H,1,1,1,1,,,,,,1,,,,,,,,1,,,1,,,,,,,,,,,,,,,,1,,,,,,,,
"6,121",2018 People Staying Counts,CID3,Weekday2_Midday,Weekday,Midday,20180719,1222,1232,,Heavy Clouds,61,UD4H,1,1,1,1,,,,,,1,,,,,,,,,1,,1,,,,,,,,,,1,,,,,,,,,,,,,,
"6,122",2018 People Staying Counts,CID3,Weekday2_Midday,Weekday,Midday,20180719,1222,1232,,Heavy Clouds,61,UD4H,2,1,1,1,,,,,,,,1,,,,,,1,,,,1,,,,,,,,,,,,,1,,,,,,,,,,
"6,123",2018 People Staying Counts,CID3,Weekday2_Midday,Weekday,Midday,20180719,1222,1232,,Heavy Clouds,61,UD4H,3,1,3,,1,,1,,,,,,,,,,,,1,,1,,,,,,,,,,1,,1,,,,,,,,,,,,
"6,124",2018 People Staying Counts,CID3,Weekday2_Midday,Weekday,Midday,20180719,1222,1232,,Heavy Clouds,61,UD4H,4,1,3,,1,,,1,,,,,,,,,,1,,,1,,,,,,,,,,,,1,,,,,,,,,,,,
"6,125",2018 People Staying Counts,CID3,Weekday2_Midday,Weekday,Midday,20180719,1222,1232,,Heavy Clouds,61,UD4H,5,1,3,,1,,,,,1,,,,,,,,1,,,1,,,,,,,,,1,,,1,,,,,,,,,,,,
"6,126",2018 People Staying Counts,CID3,Weekday2_Midday,Weekday,Midday,20180719,1222,1232,,Heavy Clouds,61,UD4H,6,1,2,1,,,,,,1,,,,,,,,1,,,1,,,,,,,,,,,,1,,,,,,,,,,,,
"6,127",2018 People Staying Counts,CID3,Weekday2_Midday,Weekday,Midday,20180719,1222,1232,,Heavy Clouds,61,UD4H,7,1,2,1,,,1,,,,,,,,,,,1,,,1,,,,,,,,,,,,1,,,,,,,,,,,,
"6,128",2018 People Staying Counts,CID3,Weekday2_Midday,Weekday,Midday,20180719,1222,1232,,Heavy Clouds,61,UD4H,8,1,2,1,,,,,,1,,,,,,,,1,,,1,,,,,,,,,,,,1,,,,,,,,,,,,
"6,129",2018 People Staying Counts,CID3,Weekday2_Midday,Weekday,Midday,20180719,1222,1232,,Heavy Clouds,61,UD4H,9,1,2,1,,,,,,1,,,,,,,,1,,,1,,,,,,,,,,,,1,,,,,,,,,,,,
"6,130",2018 People Staying Counts,CID3,Weekday2_Midday,Weekday,Midday,20180719,1222,1232,,Heavy Clouds,61,UD4H,10,1,1,,1,,,,,1,,,,,,,,,1,,1,,,,,,,,,,,,1,,,,,,,,,,,,
"6,131",2018 People Staying Counts,CID3,Weekday2_Evening,Weekday,Evening,20180719,1709,1719,,Heavy Clouds,67,UD4H,1,1,1,1,,,,,,,,1,,,,,,1,,,,1,,,,,,,,,,,,,,,,,,1,,,,,
"6,132",2018 People Staying Counts,CID3,Weekday2_Evening,Weekday,Evening,20180719,1709,1719,,Heavy Clouds,67,UD4H,2,1,1,,1,,,,,1,,,,,,,1,,,,1,,,,,,,,,,1,1,,,,,,,,,,,,,
"6,133",2018 People Staying Counts,CID3,Weekday2_Evening,Weekday,Evening,20180719,1709,1719,,Heavy Clouds,67,UD4H,3,1,2,,1,,,,,1,,,,,,,1,,,,1,,,,,,,,,,1,,,,,,,,,,,,,,
"6,134",2018 People Staying Counts,CID3,Weekday2_Evening,Weekday,Evening,20180719,1709,1719,,Heavy Clouds,67,UD4H,4,1,2,,1,,,,,1,,,,,,,1,,,,1,,,,,,,,,,1,,,,,,,,,,,,,,
"6,135",2018 People Staying Counts,CID3,Weekday2_Evening,Weekday,Evening,20180719,1709,1719,,Heavy Clouds,67,UD4H,5,1,1,1,,,,,,1,,,,,,,1,,,,1,,,,,,,,,,,,,,1,,1,,,,,,,,
"6,136",2018 People Staying Counts,CID3,Weekday2_Evening,Weekday,Evening,20180719,1709,1719,,Heavy Clouds,67,UD4H,6,1,2,,1,,,,,1,,,,,,,1,,,,1,,,,,,,,,,1,,1,,,,,,,,,,,,
"6,137",2018 People Staying Counts,CID3,Weekday2_Evening,Weekday,Evening,20180719,1709,1719,,Heavy Clouds,67,UD4H,7,1,2,1,,,,,,1,,,,,,,1,,,,1,,,,,,,,,,1,,,,,,,,,,,,,,
"6,138",2018 People Staying Counts,RSV1,Weekday1_Morning,Weekday,Morning,20180910,0900,0910,,Heavy Clouds,59,UD4H,1,1,1,1,,,1,,,,,,,,,,,1,,,1,,,,,,,,,,,,,,1,,1,,,,,,,,
"6,139",2018 People Staying Counts,RSV1,Weekday1_Midday,Weekday,Midday,20180910,1230,1240,,Heavy Clouds,64,UD4H,1,1,2,1,,,1,,,,,,,,,,,1,,,,,1,,,,,,,,,1,1,,,,1,,,,,,,,
"6,140",2018 People Staying Counts,RSV1,Weekday1_Midday,Weekday,Midday,20180910,1230,1240,,Heavy Clouds,64,UD4H,2,1,2,1,,,1,,,,,,,,,,,1,,,,,1,,,,,,,,,1,1,,,,1,,,,1,,,,
"6,141",2018 People Staying Counts,RSV1,Weekday1_Evening,Weekday,Evening,20180910,1632,1642,,Heavy Clouds,67,UD4H,1,1,1,,1,,1,,,,,,,,,,,1,,,1,,,,,,,,,,,,,,1,,1,,,,,,,,
"6,142",2018 People Staying Counts,RSV1,Weekday2_Morning,Weekday,Morning,20180914,0850,0900,,Heavy Rain,55,UD4H,1,0,,,,,,,,,,,,,,,,,,,,,,,,,,,,,,,,,,,,,,,,,,,
"6,143",2018 People Staying Counts,RSV1,Weekday2_Midday,Weekday,Midday,20180914,1223,1233,,Light Rain,55,UD4H,1,0,,,,,,,,,,,,,,,,,,,,,,,,,,,,,,,,,,,,,,,,,,,
"6,144",2018 People Staying Counts,RSV1,Weekday2_Evening,Weekday,Evening,20180914,1635,1645,,Heavy Clouds,66,UD4H,1,0,,,,,,,,,,,,,,,,,,,,,,,,,,,,,,,,,,,,,,,,,,,
"6,145",2018 People Staying Counts,RSV1,Weekend_Midday,Weekend,Midday,20180915,1240,1250,,Light Rain,59,UD4H,1,0,,,,,,,,,,,,,,,,,,,,,,,,,,,,,,,,,,,,,,,,,,,
"6,146",2018 People Staying Counts,RSV1,Weekend_Evening,Weekend,Evening,20180915,1624,1634,,Heavy Clouds,64,UD4H,1,0,,,,,,,,,,,,,,,,,,,,,,,,,,,,,,,,,,,,,,,,,,,
"6,147",2018 People Staying Counts,DEN3,Weekend_Midday,Weekend,Midday,20180804,1253,1303,,Sun-Shaded,67,UD4H,1,1,3,,1,,,,,1,,,,,,1,,,,,1,,,,,,,,,,,,1,,,,1,,,,,,,,
"6,148",2018 People Staying Counts,DEN3,Weekend_Midday,Weekend,Midday,20180804,1253,1303,,Sun-Shaded,67,UD4H,2,1,3,,1,,,,,1,,,,,,1,,,,,1,,,,,,,,,,,,1,,,,1,,,,,,,,
"6,149",2018 People Staying Counts,DEN3,Weekend_Midday,Weekend,Midday,20180804,1253,1303,,Sun-Shaded,67,UD4H,3,1,3,,1,,,,,1,,,,,,1,,,,,1,,,,,,,,,,,,1,,1,,1,1,,,,,,,
"6,150",2018 People Staying Counts,DEN3,Weekend_Midday,Weekend,Midday,20180804,1253,1303,,Sun-Shaded,67,UD4H,4,1,2,1,,,1,,,,,,,,,,,1,,,1,,,,,,,,,,,,1,,,,1,,,,,,,,
"6,151",2018 People Staying Counts,DEN3,Weekend_Midday,Weekend,Midday,20180804,1253,1303,,Sun-Shaded,67,UD4H,5,1,2,1,,,1,,,,,,,,,1,,,,,1,,,,,,,,,,,,1,,,,1,,,,,,,,
"6,152",2018 People Staying Counts,DEN3,Weekend_Midday,Weekend,Midday,20180804,1253,1303,,Sun-Shaded,67,UD4H,6,1,1,1,,,,1,,,,,,,,,,1,,,,,1,,,,,,,,,1,,,1,,,,,,,,,,
"6,153",2018 People Staying Counts,DEN3,Weekend_Midday,Weekend,Midday,20180804,1253,1303,,Sun-Shaded,67,UD4H,7,1,1,1,,,1,,,,,,,,,,1,,,,,,1,,,,,,,,,1,,,1,,,,,,,,,,
"6,154",2018 People Staying Counts,DEN3,Weekend_Midday,Weekend,Midday,20180804,1253,1303,,Sun-Shaded,67,UD4H,8,1,5,1,,,,,,1,,,,,,,1,,,,,,1,,,,,,,,,1,1,,,,,,,,,,,,
"6,155",2018 People Staying Counts,DEN3,Weekend_Midday,Weekend,Midday,20180804,1253,1303,,Sun-Shaded,67,UD4H,9,1,5,,1,,,,,1,,,,,,,,1,,,,,1,,,,,,,,,,1,,1,,,,,,,,,,
"6,156",2018 People Staying Counts,DEN3,Weekend_Midday,Weekend,Midday,20180804,1253,1303,,Sun-Shaded,67,UD4H,10,1,5,,1,,,,,1,,,,,,,1,,,,,,1,,,,,,,,,,1,,,,,,,,,,,,
"6,157",2018 People Staying Counts,DEN3,Weekend_Midday,Weekend,Midday,20180804,1253,1303,,Sun-Shaded,67,UD4H,11,1,5,,1,,,,,1,,,,,,,,1,,,,,1,,,,,,,,,1,1,,1,,,,,,,,,,
"6,158",2018 People Staying Counts,DEN3,Weekend_Midday,Weekend,Midday,20180804,1253,1303,,Sun-Shaded,67,UD4H,12,1,5,,1,,,,,1,,,,,,,1,,,,,,1,,,,,,,,,,1,,,,,,,,,,,,
"6,159",2018 People Staying Counts,DEN3,Weekend_Midday,Weekend,Midday,20180804,1253,1303,,Sun-Shaded,67,UD4H,13,1,4,1,,,1,,,,,,,,,,,,1,,,,1,,,,,,,,,1,1,,,,,,,,,,,,
"6,160",2018 People Staying Counts,DEN3,Weekend_Midday,Weekend,Midday,20180804,1253,1303,,Sun-Shaded,67,UD4H,14,1,4,1,,,1,,,,,,,,,,1,,,,,,1,,,,,,,,,,1,,,,,,,,,,,,
"6,161",2018 People Staying Counts,DEN3,Weekend_Midday,Weekend,Midday,20180804,1253,1303,,Sun-Shaded,67,UD4H,15,1,4,,1,,1,,,,,,,,,,,1,,,,,1,,,,,,,,,,,,,,1,,,,,,,,
"6,162",2018 People Staying Counts,DEN3,Weekend_Midday,Weekend,Midday,20180804,1253,1303,,Sun-Shaded,67,UD4H,16,1,4,,1,,1,,,,,,,,,,,,1,,,,1,,,,,,,,,1,1,,,,,,,,,,,,
"6,163",2018 People Staying Counts,DEN3,Weekend_Midday,Weekend,Midday,20180804,1253,1303,,Sun-Shaded,67,UD4H,17,1,1,,1,,1,,,,,,,,,,,1,,,,,1,,,,,,,,,,1,,1,,,,,,,,,,
"6,164",2018 People Staying Counts,DEN3,Weekend_Midday,Weekend,Midday,20180804,1253,1303,,Sun-Shaded,67,UD4H,18,1,1,1,,,1,,,,,,,,,,,1,,,,,,1,,,,,,,,1,,,,,,,,,,,,,
"6,165",2018 People Staying Counts,DEN3,Weekend_Midday,Weekend,Midday,20180804,1253,1303,,Sun-Shaded,67,UD4H,19,1,1,1,,,1,,,,,,,,,,,1,,,1,,,,,,,,,,,,,,1,,,,,,,,,,
"6,166",2018 People Staying Counts,DEN3,Weekend_Midday,Weekend,Midday,20180804,1253,1303,,Sun-Shaded,67,UD4H,20,1,1,1,,,1,,,,,,,,,,,1,,,,,,1,,,,,,,,1,,,,,,,,,,,,,
"6,167",2018 People Staying Counts,DEN3,Weekend_Evening,Weekend,Evening,20180804,1634,1644,,Sun-Shaded,75,UD4H,1,1,1,,1,,1,,,,,,,,,,,1,,,,,,1,,,,,,,,1,,,1,,,,,,,,,,
"6,168",2018 People Staying Counts,DEN3,Weekend_Evening,Weekend,Evening,20180804,1634,1644,,Sun-Shaded,75,UD4H,2,1,2,,1,,1,,,,,,,,,,,1,,,,,1,,,,,,,,,1,1,,1,,,,,,,,,,
"6,169",2018 People Staying Counts,DEN3,Weekend_Evening,Weekend,Evening,20180804,1634,1644,,Sun-Shaded,75,UD4H,3,1,2,1,,,1,,,,,,,,,,,1,,,,,1,,,,,,,,,1,1,,1,,,,,,,,,,
"6,170",2018 People Staying Counts,DEN3,Weekend_Evening,Weekend,Evening,20180804,1634,1644,,Sun-Shaded,75,UD4H,4,1,1,,1,,1,,,,,,,,,,,1,,,,,1,,,,,,,,,,,,,,1,,,,,,,,
"6,171",2018 People Staying Counts,DEN3,Weekend_Evening,Weekend,Evening,20180804,1634,1644,,Sun-Shaded,75,UD4H,5,1,3,1,,,1,,,,,,,,,,,,1,,1,,,,,,,,,,1,,1,,,,,,,,,,,,
"6,172",2018 People Staying Counts,DEN3,Weekend_Evening,Weekend,Evening,20180804,1634,1644,,Sun-Shaded,75,UD4H,6,1,3,,1,,1,,,,,,,,,,,1,,,,1,,,,,,,,,1,,1,,,,,,,,,,,,
"6,173",2018 People Staying Counts,DEN3,Weekend_Evening,Weekend,Evening,20180804,1634,1644,,Sun-Shaded,75,UD4H,7,1,3,,1,,1,,,,,,,,,,,1,,,1,,,,,,,,,,,,,,1,,,,,,,,,,
"6,174",2018 People Staying Counts,DEN3,Weekend_Evening,Weekend,Evening,20180804,1634,1644,,Sun-Shaded,75,UD4H,8,1,2,1,,,1,,,,,,,,,,1,,,,1,,,,,,,,,,,,1,,,,,,,,,,,,
"6,175",2018 People Staying Counts,DEN3,Weekend_Evening,Weekend,Evening,20180804,1634,1644,,Sun-Shaded,75,UD4H,9,1,2,1,,,1,,,,,,,,,1,,,,,1,,,,,,,,,,,,1,,,,1,,,,,,,,
"6,176",2018 People Staying Counts,DEN3,Weekend_Evening,Weekend,Evening,20180804,1634,1644,,Sun-Shaded,75,UD4H,10,1,1,1,,,1,,,,,,,,,,,1,,,1,,,,,,,,,,,1,1,,1,,,,,,,,1,,
"6,177",2018 People Staying Counts,DEN3,Weekend_Evening,Weekend,Evening,20180804,1634,1644,,Sun-Shaded,75,UD4H,11,1,1,1,,,1,,,,,,,,,,,1,,,1,,,,,,,,,,,,,,,,1,,,,,,,,
"6,178",2018 People Staying Counts,DEN3,Weekday1_Morning,Weekday,Morning,20180807,0843,0853,event:roadwork_construction,Sun-Shaded,68,UD4H,1,1,2,,1,,1,,,,,,,,,,1,,,,,,1,,,,,,,,,1,1,,1,,,,,,,,,,
"6,179",2018 People Staying Counts,DEN3,Weekday1_Morning,Weekday,Morning,20180807,0843,0853,event:roadwork_construction,Sun-Shaded,68,UD4H,2,1,2,,1,,1,,,,,,,,,,1,,,,,,1,,,,,,,,,1,1,,1,,,,,,,,,,
"6,180",2018 People Staying Counts,DEN3,Weekday1_Morning,Weekday,Morning,20180807,0843,0853,event:roadwork_construction,Sun-Shaded,68,UD4H,3,1,1,1,,,1,,,,,,,,,,1,,,,,,1,,,,,,,,,1,1,,1,,,,,,,,,,
"6,181",2018 People Staying Counts,DEN3,Weekday1_Morning,Weekday,Morning,20180807,0843,0853,event:roadwork_construction,Sun-Shaded,68,UD4H,4,1,3,1,,,1,,,,,,,,,,,1,,,1,,,,,,,,,,,1,1,,,,,,,,,,,,
"6,182",2018 People Staying Counts,DEN3,Weekday1_Morning,Weekday,Morning,20180807,0843,0853,event:roadwork_construction,Sun-Shaded,68,UD4H,5,1,3,1,,,1,,,,,,,,,,,1,,,1,,,,,,,,,,,1,1,,,,,,,,,,,,
"6,183",2018 People Staying Counts,DEN3,Weekday1_Morning,Weekday,Morning,20180807,0843,0853,event:roadwork_construction,Sun-Shaded,68,UD4H,6,1,3,,1,,,1,,,,,,,,,,1,,,1,,,,,,,,,,,1,1,,,,,,,,,,,,
"6,184",2018 People Staying Counts,DEN3,Weekday1_Morning,Weekday,Morning,20180807,0843,0853,event:roadwork_construction,Sun-Shaded,68,UD4H,7,1,3,1,,,1,,,,,,,,,,,1,,,,,1,,,,,,,,,1,1,,,,,1,,,,,,,
"6,185",2018 People Staying Counts,DEN3,Weekday1_Morning,Weekday,Morning,20180807,0843,0853,event:roadwork_construction,Sun-Shaded,68,UD4H,8,1,3,1,,,1,,,,,,,,,,,1,,,,,1,,,,,,,,,1,1,,,,,,,,,,,,
"6,186",2018 People Staying Counts,DEN3,Weekday1_Morning,Weekday,Morning,20180807,0843,0853,event:roadwork_construction,Sun-Shaded,68,UD4H,9,1,3,,1,,1,,,,,,,,,,,1,,,,,1,,,,,,,,,1,1,,,,,,,,,,,,
"6,187",2018 People Staying Counts,DEN3,Weekday1_Morning,Weekday,Morning,20180807,0843,0853,event:roadwork_construction,Sun-Shaded,68,UD4H,10,1,2,,1,,1,,,,,,,,,,,1,,,1,,,,,,,,,,,1,1,,,,,,,,,,,,
"6,188",2018 People Staying Counts,DEN3,Weekday1_Morning,Weekday,Morning,20180807,0843,0853,event:roadwork_construction,Sun-Shaded,68,UD4H,11,1,2,1,,,1,,,,,,,,,,,1,,,1,,,,,,,,,,,1,1,,,,,,,,,,,,
"6,189",2018 People Staying Counts,DEN3,Weekday1_Morning,Weekday,Morning,20180807,0843,0853,event:roadwork_construction,Sun-Shaded,68,UD4H,12,1,1,,1,,1,,,,,,,,,,,1,,,,,1,,,,,,,,,,,,1,,,,,,,,,,
"6,190",2018 People Staying Counts,DEN3,Weekday1_Midday,Weekday,Midday,20180807,1224,1234,event:roadwork_construction,Sun-Shaded,76,UD4H,1,1,2,1,,,1,,,,,,,,,,,1,,,,,,1,,,,,,,,1,1,,,,,,,,,,,,
"6,191",2018 People Staying Counts,DEN3,Weekday1_Midday,Weekday,Midday,20180807,1224,1234,event:roadwork_construction,Sun-Shaded,76,UD4H,2,1,2,,1,,,,,1,,,,,,,,1,,,,,,1,,,,,,,,1,1,,,,,,,,,,,,
"6,192",2018 People Staying Counts,DEN3,Weekday1_Midday,Weekday,Midday,20180807,1224,1234,event:roadwork_construction,Sun-Shaded,76,UD4H,3,1,2,,1,,1,,,,,,,,,,,1,,,,,1,,,,,,,,,1,1,,,,,,,,,,,,
"6,193",2018 People Staying Counts,DEN3,Weekday1_Midday,Weekday,Midday,20180807,1224,1234,event:roadwork_construction,Sun-Shaded,76,UD4H,4,1,2,,1,,1,,,,,,,,,,,1,,,,,,1,,,,,,,,,,,,,1,,,,,,,,
"6,194",2018 People Staying Counts,DEN3,Weekday1_Midday,Weekday,Midday,20180807,1224,1234,event:roadwork_construction,Sun-Shaded,76,UD4H,5,1,2,1,,,,,,1,,,,,,,,1,,,,,,1,,,,,,,,1,1,,,,,,,,,,,,
"6,195",2018 People Staying Counts,DEN3,Weekday1_Midday,Weekday,Midday,20180807,1224,1234,event:roadwork_construction,Sun-Shaded,76,UD4H,6,1,2,1,,,,,,1,,,,,,,,1,,,,,,1,,,,,,1,,1,1,,,,,,,,,,,,
"6,196",2018 People Staying Counts,DEN3,Weekday1_Midday,Weekday,Midday,20180807,1224,1234,event:roadwork_construction,Sun-Shaded,76,UD4H,7,1,2,1,,,,,,1,,,,,,,,1,,,,,,1,,,,,,,,1,1,,,,,,,,,,,,
"6,197",2018 People Staying Counts,DEN3,Weekday1_Midday,Weekday,Midday,20180807,1224,1234,event:roadwork_construction,Sun-Shaded,76,UD4H,8,1,2,1,,,,,,1,,,,,,,,1,,,,,,1,,,,,,,,1,1,,,,,,,,,,,,
"6,198",2018 People Staying Counts,DEN3,Weekday1_Midday,Weekday,Midday,20180807,1224,1234,event:roadwork_construction,Sun-Shaded,76,UD4H,9,1,2,1,,,1,,,,,,,,,,,1,,,,,,1,,,,,,,,1,1,,,,,,,,,,,,
"6,199",2018 People Staying Counts,DEN3,Weekday1_Midday,Weekday,Midday,20180807,1224,1234,event:roadwork_construction,Sun-Shaded,76,UD4H,10,1,2,1,,,1,,,,,,,,,,,1,,,,,,1,,,,,,,,1,1,,,,,,,,,,,,
"6,200",2018 People Staying Counts,DEN3,Weekday1_Midday,Weekday,Midday,20180807,1224,1234,event:roadwork_construction,Sun-Shaded,76,UD4H,11,1,2,,1,,1,,,,,,,,,,,1,,,,,,1,,,,,,,,1,1,,,,,,,,,,,,
"6,201",2018 People Staying Counts,DEN3,Weekday1_Midday,Weekday,Midday,20180807,1224,1234,event:roadwork_construction,Sun-Shaded,76,UD4H,12,1,2,1,,,1,,,,,,,,,,,1,,,,,,1,,,,,,,,1,1,,,,,,,,,,,,
"6,202",2018 People Staying Counts,DEN3,Weekday1_Midday,Weekday,Midday,20180807,1224,1234,event:roadwork_construction,Sun-Shaded,76,UD4H,13,1,2,1,,,1,,,,,,,,,,,1,,,,,,1,,,,,,,,1,1,,,,,,,,,,,,
"6,203",2018 People Staying Counts,DEN3,Weekday1_Midday,Weekday,Midday,20180807,1224,1234,event:roadwork_construction,Sun-Shaded,76,UD4H,14,1,2,1,,,1,,,,,,,,,,,1,,,,,,1,,,,,,,,1,1,,,,1,,,,,,,,
"6,204",2018 People Staying Counts,DEN3,Weekday1_Midday,Weekday,Midday,20180807,1224,1234,event:roadwork_construction,Sun-Shaded,76,UD4H,15,1,3,1,,,1,,,,,,,,,,,1,,,,,,1,,,,,,,,1,1,,,,,,,,,,,,
"6,205",2018 People Staying Counts,DEN3,Weekday1_Midday,Weekday,Midday,20180807,1224,1234,event:roadwork_construction,Sun-Shaded,76,UD4H,16,1,3,1,,,1,,,,,,,,,,,1,,,,,,1,,,,,,,,1,1,,,,,,,,,,,,
"6,206",2018 People Staying Counts,DEN3,Weekday1_Midday,Weekday,Midday,20180807,1224,1234,event:roadwork_construction,Sun-Shaded,76,UD4H,17,1,3,1,,,1,,,,,,,,,,,1,,,,,,1,,,,,,,,1,1,,,,,,,,,,,,
"6,207",2018 People Staying Counts,DEN3,Weekday1_Midday,Weekday,Midday,20180807,1224,1234,event:roadwork_construction,Sun-Shaded,76,UD4H,18,1,2,1,,,1,,,,,,,,,,,1,,,,,,1,,,,,,,,1,1,,1,,,,,,,,,,
"6,208",2018 People Staying Counts,DEN3,Weekday1_Midday,Weekday,Midday,20180807,1224,1234,event:roadwork_construction,Sun-Shaded,76,UD4H,19,1,2,1,,,,,,1,,,,,,,,1,,,,,,1,,,,,,,,1,1,,,,,,,,,,,,
"6,209",2018 People Staying Counts,DEN3,Weekday1_Midday,Weekday,Midday,20180807,1224,1234,event:roadwork_construction,Sun-Shaded,76,UD4H,20,1,2,1,,,1,,,,,,,,,,,1,,,,,1,,,,,,,,,1,1,,,,,,,,,,,,
"6,210",2018 People Staying Counts,DEN3,Weekday1_Midday,Weekday,Midday,20180807,1224,1234,event:roadwork_construction,Sun-Shaded,76,UD4H,21,1,2,1,,,1,,,,,,,,,,,1,,,,,1,,,,,,,,,1,1,,,,,,,,,,,,
"6,211",2018 People Staying Counts,DEN3,Weekday1_Midday,Weekday,Midday,20180807,1224,1234,event:roadwork_construction,Sun-Shaded,76,UD4H,22,1,1,1,,,,,,1,,,,,,,,1,,,,,1,,,,,,,,,1,1,,1,,,,,,,,,,
"6,212",2018 People Staying Counts,DEN3,Weekday1_Midday,Weekday,Midday,20180807,1224,1234,event:roadwork_construction,Sun-Shaded,76,UD4H,23,1,2,,1,,1,,,,,,,,,,,1,,,,,1,,,,,,,,,1,1,,,,,,,,,,,,
"6,213",2018 People Staying Counts,DEN3,Weekday1_Midday,Weekday,Midday,20180807,1224,1234,event:roadwork_construction,Sun-Shaded,76,UD4H,24,1,2,1,,,1,,,,,,,,,,,1,,,,,1,,,,,,,,,1,1,,,,,,,,,,,,
"6,214",2018 People Staying Counts,DEN3,Weekday1_Midday,Weekday,Midday,20180807,1224,1234,event:roadwork_construction,Sun-Shaded,76,UD4H,25,1,2,1,,,1,,,,,,,,,,,1,,,1,,,,,,,,,,1,,1,,,1,,,,,,,,,
"6,215",2018 People Staying Counts,DEN3,Weekday1_Midday,Weekday,Midday,20180807,1224,1234,event:roadwork_construction,Sun-Shaded,76,UD4H,26,1,2,1,,,1,,,,,,,,,,,1,,,1,,,,,,,,,,1,,1,,1,,,,,,,,,,
"6,216",2018 People Staying Counts,DEN3,Weekday1_Midday,Weekday,Midday,20180807,1224,1234,event:roadwork_construction,Sun-Shaded,76,UD4H,27,1,1,1,,,,,,1,,,,,,,,1,,,1,,,,,,,,,,,,,,1,,,,,,,,,,
"6,217",2018 People Staying Counts,DEN3,Weekday1_Midday,Weekday,Midday,20180807,1224,1234,event:roadwork_construction,Sun-Shaded,76,UD4H,28,1,2,,1,,1,,,,,,,,,,,1,,,1,,,,,,,,,,,,1,,,,,,,1,,,,,
"6,218",2018 People Staying Counts,DEN3,Weekday1_Midday,Weekday,Midday,20180807,1224,1234,event:roadwork_construction,Sun-Shaded,76,UD4H,29,1,2,,1,,,,,1,,,,,,,,1,,,1,,,,,,,,,,,,1,,,,,,,1,,,,,
"6,219",2018 People Staying Counts,DEN3,Weekday1_Midday,Weekday,Midday,20180807,1224,1234,event:roadwork_construction,Sun-Shaded,76,UD4H,30,1,1,,1,,1,,,,,,,,,,,1,,,1,,,,,,,,,,,,,,1,,,,,,,,,,
"6,220",2018 People Staying Counts,DEN3,Weekday1_Midday,Weekday,Midday,20180807,1224,1234,event:roadwork_construction,Sun-Shaded,76,UD4H,31,1,1,,1,,1,,,,,,,,,,,1,,,,,,1,,,,,,,,,,,1,,,,,,,,,,
"6,221",2018 People Staying Counts,DEN3,Weekday1_Evening,Weekday,Evening,20180807,1700,1710,event:roadwork_construction,Sun-Shaded,85,UD4H,1,1,2,1,,,1,,,,,,,,,,,1,,,,,1,,,,,,,,,,,,1,,,,,,,,,,
"6,222",2018 People Staying Counts,DEN3,Weekday1_Evening,Weekday,Evening,20180807,1700,1710,event:roadwork_construction,Sun-Shaded,85,UD4H,2,1,2,,1,,1,,,,,,,,,,,1,,,,,,1,,,,,,,,,,,1,,,,,,,,,,
"6,223",2018 People Staying Counts,DEN3,Weekday1_Evening,Weekday,Evening,20180807,1700,1710,event:roadwork_construction,Sun-Shaded,85,UD4H,3,1,1,1,,,,1,,,,,,,,,,1,,,,,1,,,,,,,,,,,,1,,,,,,,,,,
"6,224",2018 People Staying Counts,DEN3,Weekday1_Evening,Weekday,Evening,20180807,1700,1710,event:roadwork_construction,Sun-Shaded,85,UD4H,4,1,2,1,,,1,,,,,,,,,,,1,,,,,1,,,,,,,,,,1,,1,,,,,,,,,,
"6,225",2018 People Staying Counts,DEN3,Weekday1_Evening,Weekday,Evening,20180807,1700,1710,event:roadwork_construction,Sun-Shaded,85,UD4H,5,1,2,,1,,1,,,,,,,,,,,1,,,,,1,,,,,,,,,1,1,,,,,,,,,,,,
"6,226",2018 People Staying Counts,DEN3,Weekday1_Evening,Weekday,Evening,20180807,1700,1710,event:roadwork_construction,Sun-Shaded,85,UD4H,6,1,2,,1,,1,,,,,,,,,,,1,,,,,1,,,,,,,,,1,1,,1,,,,,,,,,,
"6,227",2018 People Staying Counts,DEN3,Weekday1_Evening,Weekday,Evening,20180807,1700,1710,event:roadwork_construction,Sun-Shaded,85,UD4H,7,1,2,,1,,1,,,,,,,,,1,,,,,,,1,,,,,,,,,1,1,,1,,,,,,,,,,
"6,228",2018 People Staying Counts,DEN3,Weekday1_Evening,Weekday,Evening,20180807,1700,1710,event:roadwork_construction,Sun-Shaded,85,UD4H,8,1,1,,1,,,,,1,,,,,,,,1,,,,,1,,,,,,,,,1,,,1,,,,,,,,,,
"6,229",2018 People Staying Counts,DEN3,Weekday1_Evening,Weekday,Evening,20180807,1700,1710,event:roadwork_construction,Sun-Shaded,85,UD4H,9,1,2,1,,,1,,,,,,,,,,,1,,,,,1,,,,,,,,,1,1,,1,,,,,,,,,,
"6,230",2018 People Staying Counts,DEN3,Weekday1_Evening,Weekday,Evening,20180807,1700,1710,event:roadwork_construction,Sun-Shaded,85,UD4H,10,1,2,1,,,1,,,,,,,,,,,1,,,,,1,,,,,,,,,1,1,,1,,,,,,,,,,
"6,231",2018 People Staying Counts,DEN3,Weekday1_Evening,Weekday,Evening,20180807,1700,1710,event:roadwork_construction,Sun-Shaded,85,UD4H,11,1,2,1,,,1,,,,,,,,,,,1,,,,,,1,,,,,,,,1,1,,1,,,,,,,,,,
"6,232",2018 People Staying Counts,DEN3,Weekday1_Evening,Weekday,Evening,20180807,1700,1710,event:roadwork_construction,Sun-Shaded,85,UD4H,12,1,2,1,,,1,,,,,,,,,,,1,,,,,,1,,,,,,,,1,1,,1,,,,,,,,,,
"6,233",2018 People Staying Counts,DEN3,Weekday1_Evening,Weekday,Evening,20180807,1700,1710,event:roadwork_construction,Sun-Shaded,85,UD4H,13,1,1,1,,,,,,1,,,,,,,,1,,,,,,1,,,,,,,,1,,,1,,,,,,,,,,
"6,234",2018 People Staying Counts,DEN3,Weekday1_Evening,Weekday,Evening,20180807,1700,1710,event:roadwork_construction,Sun-Shaded,85,UD4H,14,1,1,1,,,1,,,,,,,,,,,1,,,,,1,,,,,,,,,1,,,1,,,,,,,,,,
"6,235",2018 People Staying Counts,DEN3,Weekday1_Evening,Weekday,Evening,20180807,1700,1710,event:roadwork_construction,Sun-Shaded,85,UD4H,15,1,1,1,,,,1,,,,,,,,,,1,,,,,,1,,,,,,,,1,1,,1,,,,,,,,,,
"6,236",2018 People Staying Counts,DEN3,Weekday1_Evening,Weekday,Evening,20180807,1700,1710,event:roadwork_construction,Sun-Shaded,85,UD4H,16,1,1,,1,,1,,,,,,,,,,,1,,,,,1,,,,,,,,,,,,1,,1,,,,,,,,
"6,237",2018 People Staying Counts,DEN3,Weekday1_Evening,Weekday,Evening,20180807,1700,1710,event:roadwork_construction,Sun-Shaded,85,UD4H,17,1,1,1,,,1,,,,,,,,,,,,1,,1,,,,,,,,,,,,,,,,1,,,,,,,,
"6,238",2018 People Staying Counts,DEN3,Weekday1_Evening,Weekday,Evening,20180807,1700,1710,event:roadwork_construction,Sun-Shaded,85,UD4H,18,1,1,,1,,1,,,,,,,,,,,1,,,1,,,,,,,,,,,,,,1,,,,,,,,,,
"6,239",2018 People Staying Counts,DEN3,Weekday2_Morning,Weekday,Morning,20180809,0830,0840,event:roadwork_construction,Sun-Shaded,65,UD4H,1,1,2,1,,,1,,,,,,,,,,,1,,,,,1,,,,,,,,,1,1,,,,,,,,,,,,
"6,240",2018 People Staying Counts,DEN3,Weekday2_Morning,Weekday,Morning,20180809,0830,0840,event:roadwork_construction,Sun-Shaded,65,UD4H,2,1,2,1,,,1,,,,,,,,,,,1,,,,,1,,,,,,,,,1,1,,,,,,,,,,,,
"6,241",2018 People Staying Counts,DEN3,Weekday2_Morning,Weekday,Morning,20180809,0830,0840,event:roadwork_construction,Sun-Shaded,65,UD4H,3,1,1,1,,,1,,,,,,,,,,,1,,,,,1,,,,,,,,,1,,,1,,,,,,,,,,
"6,242",2018 People Staying Counts,DEN3,Weekday2_Morning,Weekday,Morning,20180809,0830,0840,event:roadwork_construction,Sun-Shaded,65,UD4H,4,1,2,1,,,1,,,,,,,,,,,1,,,,,1,,,,,,,,,1,1,,,,,,,,,,,,
"6,243",2018 People Staying Counts,DEN3,Weekday2_Morning,Weekday,Morning,20180809,0830,0840,event:roadwork_construction,Sun-Shaded,65,UD4H,5,1,2,1,,,1,,,,,,,,,,1,,,,,,1,,,,,,,,,1,1,,,,,,,,,,,,
"6,244",2018 People Staying Counts,DEN3,Weekday2_Morning,Weekday,Morning,20180809,0830,0840,event:roadwork_construction,Sun-Shaded,65,UD4H,6,1,1,1,,,1,,,,,,,,,,,1,,,,,1,,,,,,,,,,1,,,,,,,,,,,,
"6,245",2018 People Staying Counts,DEN3,Weekday2_Morning,Weekday,Morning,20180809,0830,0840,event:roadwork_construction,Sun-Shaded,65,UD4H,7,1,1,1,,,1,,,,,,,,,,,1,,,,,1,,,,,,,,,1,,,1,,,,,,,,,,
"6,246",2018 People Staying Counts,DEN3,Weekday2_Morning,Weekday,Morning,20180809,0830,0840,event:roadwork_construction,Sun-Shaded,65,UD4H,8,1,3,,1,,1,,,,,,,,,,,1,,,,,1,,,,,,,,,1,1,,,,,,,,,,,,
"6,247",2018 People Staying Counts,DEN3,Weekday2_Morning,Weekday,Morning,20180809,0830,0840,event:roadwork_construction,Sun-Shaded,65,UD4H,9,1,3,1,,,1,,,,,,,,,,,1,,,,,1,,,,,,,,,1,1,,,,,,,,,,,,
"6,248",2018 People Staying Counts,DEN3,Weekday2_Morning,Weekday,Morning,20180809,0830,0840,event:roadwork_construction,Sun-Shaded,65,UD4H,10,1,3,1,,,1,,,,,,,,,,,1,,,,,1,,,,,,,,,,1,,,,,,,,,,,,
"6,249",2018 People Staying Counts,DEN3,Weekday2_Midday,Weekday,Midday,20180809,1223,1233,event:roadwork_construction,Sun-Shaded,75,UD4H,1,1,2,1,,,1,,,,,,,,,,,1,,,,,,1,,,,,,,,1,1,,,,,,,,,,,,
"6,250",2018 People Staying Counts,DEN3,Weekday2_Midday,Weekday,Midday,20180809,1223,1233,event:roadwork_construction,Sun-Shaded,75,UD4H,2,1,2,1,,,1,,,,,,,,,,,1,,,,,,1,,,,,,,,1,,,,,,,,,,,,,
"6,251",2018 People Staying Counts,DEN3,Weekday2_Midday,Weekday,Midday,20180809,1223,1233,event:roadwork_construction,Sun-Shaded,75,UD4H,3,1,2,1,,,1,,,,,,,,,,,1,,,,,,1,,,,,,,,1,1,,,,,,,,,,,,
"6,252",2018 People Staying Counts,DEN3,Weekday2_Midday,Weekday,Midday,20180809,1223,1233,event:roadwork_construction,Sun-Shaded,75,UD4H,4,1,2,1,,,1,,,,,,,,,,,1,,,,,,1,,,,,,,,1,1,,,,,,,,,,,,
"6,253",2018 People Staying Counts,DEN3,Weekday2_Midday,Weekday,Midday,20180809,1223,1233,event:roadwork_construction,Sun-Shaded,75,UD4H,5,1,2,1,,,1,,,,,,,,,,,1,,,,,,1,,,,,,,,1,1,,,,,,,,,,,,
"6,254",2018 People Staying Counts,DEN3,Weekday2_Midday,Weekday,Midday,20180809,1223,1233,event:roadwork_construction,Sun-Shaded,75,UD4H,6,1,2,1,,,1,,,,,,,,,,,1,,,,,,1,,,,,,,,1,1,,,,,,,,,,,,
"6,255",2018 People Staying Counts,DEN3,Weekday2_Midday,Weekday,Midday,20180809,1223,1233,event:roadwork_construction,Sun-Shaded,75,UD4H,7,1,2,,1,,1,,,,,,,,,,1,,,,,,,1,,,,,,,,1,1,,1,,,,,,,,,,
"6,256",2018 People Staying Counts,DEN3,Weekday2_Midday,Weekday,Midday,20180809,1223,1233,event:roadwork_construction,Sun-Shaded,75,UD4H,8,1,1,1,,,1,,,,,,,,,,,1,,,,,,1,,,,,,,,1,1,,1,,,,,,,,,,
"6,257",2018 People Staying Counts,DEN3,Weekday2_Midday,Weekday,Midday,20180809,1223,1233,event:roadwork_construction,Sun-Shaded,75,UD4H,9,1,2,1,,,,1,,,,,,,,,,1,,,,,,1,,,,,,,,1,1,,,,,,,,,,,,
"6,258",2018 People Staying Counts,DEN3,Weekday2_Midday,Weekday,Midday,20180809,1223,1233,event:roadwork_construction,Sun-Shaded,75,UD4H,10,1,2,1,,,1,,,,,,,,,,,1,,,,,,1,,,,,,,,1,1,,,,,,,,,,,,
"6,259",2018 People Staying Counts,DEN3,Weekday2_Midday,Weekday,Midday,20180809,1223,1233,event:roadwork_construction,Sun-Shaded,75,UD4H,11,1,2,1,,,1,,,,,,,,,,,1,,,,,,1,,,,,,,,1,1,,,,,,,,,,,,
"6,260",2018 People Staying Counts,DEN3,Weekday2_Midday,Weekday,Midday,20180809,1223,1233,event:roadwork_construction,Sun-Shaded,75,UD4H,12,1,2,1,,,1,,,,,,,,,,,1,,,,,,1,,,,,,,,1,1,,,,,,,,,,,,
"6,261",2018 People Staying Counts,DEN3,Weekday2_Midday,Weekday,Midday,20180809,1223,1233,event:roadwork_construction,Sun-Shaded,75,UD4H,13,1,1,1,,,1,,,,,,,,,,,1,,,,1,,,,,,,,,,,,,1,,,,,,,,,,
"6,262",2018 People Staying Counts,DEN3,Weekday2_Midday,Weekday,Midday,20180809,1223,1233,event:roadwork_construction,Sun-Shaded,75,UD4H,14,1,1,1,,,,,,1,,,,,,,1,,,,,,1,,,,,,,,,1,,,1,,,,,,,,,,
"6,263",2018 People Staying Counts,DEN3,Weekday2_Midday,Weekday,Midday,20180809,1223,1233,event:roadwork_construction,Sun-Shaded,75,UD4H,15,1,2,1,,,1,,,,,,,,,,,1,,,,,1,,,,,,,,,1,,,1,,,,,,,,,,
"6,264",2018 People Staying Counts,DEN3,Weekday2_Midday,Weekday,Midday,20180809,1223,1233,event:roadwork_construction,Sun-Shaded,75,UD4H,16,1,2,1,,,1,,,,,,,,,,,1,,,,,1,,,,,,,,,1,,,1,,,,,,,,,,
"6,265",2018 People Staying Counts,DEN3,Weekday2_Midday,Weekday,Midday,20180809,1223,1233,event:roadwork_construction,Sun-Shaded,75,UD4H,17,1,2,,1,,1,,,,,,,,,,,1,,,,,1,,,,,,,,,1,1,,,,,,,,,,,,
"6,266",2018 People Staying Counts,DEN3,Weekday2_Midday,Weekday,Midday,20180809,1223,1233,event:roadwork_construction,Sun-Shaded,75,UD4H,18,1,2,,1,,1,,,,,,,,,,1,,,,,,1,,,,,,,,,1,1,,,,,,,,,,,,
"6,267",2018 People Staying Counts,DEN3,Weekday2_Midday,Weekday,Midday,20180809,1223,1233,event:roadwork_construction,Sun-Shaded,75,UD4H,19,1,3,,1,,,,,1,,,,,,,,1,,,,,1,,,,,,,,,1,1,,,,,,,,,,,,
"6,268",2018 People Staying Counts,DEN3,Weekday2_Midday,Weekday,Midday,20180809,1223,1233,event:roadwork_construction,Sun-Shaded,75,UD4H,20,1,3,,1,,1,,,,,,,,,,,1,,,,,1,,,,,,,,,1,1,,,,,,,,,,,,
"6,269",2018 People Staying Counts,DEN3,Weekday2_Midday,Weekday,Midday,20180809,1223,1233,event:roadwork_construction,Sun-Shaded,75,UD4H,21,1,3,1,,,1,,,,,,,,,,,1,,,,,1,,,,,,,,1,,1,,1,,,,,,,,,,
"6,270",2018 People Staying Counts,DEN3,Weekday2_Midday,Weekday,Midday,20180809,1223,1233,event:roadwork_construction,Sun-Shaded,75,UD4H,22,1,1,,1,,1,,,,,,,,,,,,1,,,,1,,,,,,,,,1,,,,,1,,,,,,1,,
"6,271",2018 People Staying Counts,DEN3,Weekday2_Midday,Weekday,Midday,20180809,1223,1233,event:roadwork_construction,Sun-Shaded,75,UD4H,23,1,1,,1,,1,,,,,,,,,,,1,,,,,1,,,,,,,,,1,,,1,,,,,,,,,,
"6,272",2018 People Staying Counts,DEN3,Weekday2_Midday,Weekday,Midday,20180809,1223,1233,event:roadwork_construction,Sun-Shaded,75,UD4H,24,1,1,1,,,1,,,,,,,,,,,1,,,,,1,,,,,,,,,1,,,1,,,,,,,,,,
"6,273",2018 People Staying Counts,DEN3,Weekday2_Midday,Weekday,Midday,20180809,1223,1233,event:roadwork_construction,Sun-Shaded,75,UD4H,25,1,2,,1,,1,,,,,,,,,,,1,,,1,,,,,,,,,,,1,1,,,,,,,,,,,,
"6,274",2018 People Staying Counts,DEN3,Weekday2_Midday,Weekday,Midday,20180809,1223,1233,event:roadwork_construction,Sun-Shaded,75,UD4H,26,1,2,,1,,1,,,,,,,,,,,1,,,1,,,,,,,,,,,1,1,,,,,,,,,,,,
"6,275",2018 People Staying Counts,DEN3,Weekday2_Midday,Weekday,Midday,20180809,1223,1233,event:roadwork_construction,Sun-Shaded,75,UD4H,27,1,1,1,,,1,,,,,,,,,,,1,,,,,1,,,,,,,,,,1,,,,,,,,,,,,
"6,276",2018 People Staying Counts,DEN3,Weekday2_Evening,Weekday,Evening,20180809,1622,1632,event:roadwork_construction,Sun-Shaded,86,UD4H,1,1,3,,1,,,,,,,1,,,,,,1,,,1,,,,,,,,,,,,1,,,,,,,,,,,,
"6,277",2018 People Staying Counts,DEN3,Weekday2_Evening,Weekday,Evening,20180809,1622,1632,event:roadwork_construction,Sun-Shaded,86,UD4H,2,1,3,1,,,,,,,,1,,,,,,1,,,1,,,,,,,,,,,,1,,,,,,,,,,,,
"6,278",2018 People Staying Counts,DEN3,Weekday2_Evening,Weekday,Evening,20180809,1622,1632,event:roadwork_construction,Sun-Shaded,86,UD4H,3,1,3,1,,,,,,,,1,,,,,,1,,,1,,,,,,,,,,,,1,,,,,,,,,,,,
"6,279",2018 People Staying Counts,DEN3,Weekday2_Evening,Weekday,Evening,20180809,1622,1632,event:roadwork_construction,Sun-Shaded,86,UD4H,4,1,3,1,,,,,,1,,,,,,,,1,,,1,,,,,,,,,,,,1,,,,,,,,,,,,
"6,280",2018 People Staying Counts,DEN3,Weekday2_Evening,Weekday,Evening,20180809,1622,1632,event:roadwork_construction,Sun-Shaded,86,UD4H,5,1,3,1,,,,,,1,,,,,,,,1,,,1,,,,,,,,,,,,1,,,,,,,,,,,,
"6,281",2018 People Staying Counts,DEN3,Weekday2_Evening,Weekday,Evening,20180809,1622,1632,event:roadwork_construction,Sun-Shaded,86,UD4H,6,1,3,,1,,,,,1,,,,,,,,1,,,1,,,,,,,,,,,,1,,,,,,,,,,,,
"6,282",2018 People Staying Counts,DEN3,Weekday2_Evening,Weekday,Evening,20180809,1622,1632,event:roadwork_construction,Sun-Shaded,86,UD4H,7,1,1,1,,,1,,,,,,,,,,,1,,,1,,,,,,,,,,,,,,1,,,,,,,,,,
"6,283",2018 People Staying Counts,DEN3,Weekday2_Evening,Weekday,Evening,20180809,1622,1632,event:roadwork_construction,Sun-Shaded,86,UD4H,8,1,1,1,,,,,,1,,,,,,,,1,,,,,1,,,,,,,,,,,,1,,,,,,,,,,
"6,284",2018 People Staying Counts,DEN3,Weekday2_Evening,Weekday,Evening,20180809,1622,1632,event:roadwork_construction,Sun-Shaded,86,UD4H,9,1,3,1,,,1,,,,,,,,,,,1,,,,1,,,,,,,,,,,1,,,,,,,,,,,,
"6,285",2018 People Staying Counts,DEN3,Weekday2_Evening,Weekday,Evening,20180809,1622,1632,event:roadwork_construction,Sun-Shaded,86,UD4H,10,1,3,1,,,1,,,,,,,,,,,1,,,,1,,,,,,,,,,,1,,,,,,,,,,,,
"6,286",2018 People Staying Counts,DEN3,Weekday2_Evening,Weekday,Evening,20180809,1622,1632,event:roadwork_construction,Sun-Shaded,86,UD4H,11,1,3,,1,,1,,,,,,,,,,,1,,,,1,,,,,,,,,,,1,,,,,,,,,,,,
"6,287",2018 People Staying Counts,DEN3,Weekday2_Evening,Weekday,Evening,20180809,1622,1632,event:roadwork_construction,Sun-Shaded,86,UD4H,12,1,2,1,,,1,,,,,,,,,,,1,,,,,1,,,,,,,,,1,1,,1,,,,,,,,,,
"6,288",2018 People Staying Counts,DEN3,Weekday2_Evening,Weekday,Evening,20180809,1622,1632,event:roadwork_construction,Sun-Shaded,86,UD4H,13,1,2,1,,,1,,,,,,,,,,,1,,,,,1,,,,,,,,,1,1,,1,,,,,,,,,,
"6,289",2018 People Staying Counts,DEN3,Weekday2_Evening,Weekday,Evening,20180809,1622,1632,event:roadwork_construction,Sun-Shaded,86,UD4H,14,1,2,,1,,1,,,,,,,,,,,1,,,,,1,,,,,,,,,,1,,1,,,,,,,,,,
"6,290",2018 People Staying Counts,DEN3,Weekday2_Evening,Weekday,Evening,20180809,1622,1632,event:roadwork_construction,Sun-Shaded,86,UD4H,15,1,2,1,,,1,,,,,,,,,,,1,,,,,1,,,,,,,,,,1,,,,,,,,,,,,
"6,291",2018 People Staying Counts,DEN3,Weekday2_Evening,Weekday,Evening,20180809,1622,1632,event:roadwork_construction,Sun-Shaded,86,UD4H,16,1,2,1,,,1,,,,,,,,,,,1,,,,,1,,,,,,,,,,1,,1,,,,,,,,,,
"6,292",2018 People Staying Counts,DEN3,Weekday2_Evening,Weekday,Evening,20180809,1622,1632,event:roadwork_construction,Sun-Shaded,86,UD4H,17,1,2,1,,,1,,,,,,,,,,,1,,,,,1,,,,,,,,,,1,,,,,,,,,,,,
"6,293",2018 People Staying Counts,DEN3,Weekday2_Evening,Weekday,Evening,20180809,1622,1632,event:roadwork_construction,Sun-Shaded,86,UD4H,18,1,2,,1,,1,,,,,,,,,,,1,,,1,,,,,,,,,,,,1,,1,,,,1,,,,,,
"6,294",2018 People Staying Counts,DEN3,Weekday2_Evening,Weekday,Evening,20180809,1622,1632,event:roadwork_construction,Sun-Shaded,86,UD4H,19,1,2,1,,,1,,,,,,,,,,,1,,,,,1,,,,,,,,,,1,,1,,,,,,,,,,
"6,295",2018 People Staying Counts,RAI1,Weekend_Midday,Weekend,Midday,20180811,1237,1247,,Light Rain,65,UD4H,1,0,,,,,,,,,,,,,,,,,,,,,,,,,,,,,,,,,,,,,,,,,,,
"6,296",2018 People Staying Counts,RAI1,Weekend_Evening,Weekend,Evening,20180811,1641,1651,,Light Rain,71,UD4H,1,0,,,,,,,,,,,,,,,,,,,,,,,,,,,,,,,,,,,,,,,,,,,
"6,297",2018 People Staying Counts,RAI1,Weekday1_Morning,Weekday,Morning,20180821,0837,0847,,Light Clouds,68,UD4H,1,0,,,,,,,,,,,,,,,,,,,,,,,,,,,,,,,,,,,,,,,,,,,
"6,298",2018 People Staying Counts,RAI1,Weekday1_Midday,Weekday,Midday,20180821,1221,1231,,Light Clouds,77,UD4H,1,0,,,,,,,,,,,,,,,,,,,,,,,,,,,,,,,,,,,,,,,,,,,
"6,299",2018 People Staying Counts,RAI1,Weekday1_Evening,Weekday,Evening,20180821,1622,1632,,Light Clouds,85,UD4H,1,0,,,,,,,,,,,,,,,,,,,,,,,,,,,,,,,,,,,,,,,,,,,
"6,300",2018 People Staying Counts,RAI1,Weekday2_Morning,Weekday,Morning,20180822,0841,0851,,Light Clouds,66,UD4H,1,0,,,,,,,,,,,,,,,,,,,,,,,,,,,,,,,,,,,,,,,,,,,
"6,301",2018 People Staying Counts,RAI1,Weekday2_Midday,Weekday,Midday,20180822,1220,1230,,Light Clouds,80,UD4H,1,0,,,,,,,,,,,,,,,,,,,,,,,,,,,,,,,,,,,,,,,,,,,
"6,302",2018 People Staying Counts,RAI1,Weekday2_Evening,Weekday,Evening,20180822,1621,1631,,Light Clouds,85,UD4H,1,0,,,,,,,,,,,,,,,,,,,,,,,,,,,,,,,,,,,,,,,,,,,
"6,303",2018 People Staying Counts,PIO3,Weekend_Midday,Weekend,Midday,20180714,1222,1232,event:roadwork_construction,Sun-Shaded,70,UD4H,1,1,4,1,,,1,,,,,,,,,1,,,,,,,,1,,,,,,1,,,1,,1,,,,,,,,,,
"6,304",2018 People Staying Counts,PIO3,Weekend_Midday,Weekend,Midday,20180714,1222,1232,event:roadwork_construction,Sun-Shaded,70,UD4H,2,1,4,,1,,1,,,,,,,,,,,,1,,,,,1,,,,,,1,,,1,,,,,,,,,,,,
"6,305",2018 People Staying Counts,PIO3,Weekend_Midday,Weekend,Midday,20180714,1222,1232,event:roadwork_construction,Sun-Shaded,70,UD4H,3,1,4,,1,,1,,,,,,,,,,,1,,,,,,1,,,,,,1,,,1,,,,,,,,,,,,
"6,306",2018 People Staying Counts,PIO3,Weekend_Midday,Weekend,Midday,20180714,1222,1232,event:roadwork_construction,Sun-Shaded,70,UD4H,4,1,4,1,,,1,,,,,,,,,,,1,,,,,,1,,,,,,1,,,1,,,,,,,,,,,,
"6,307",2018 People Staying Counts,PIO3,Weekend_Midday,Weekend,Midday,20180714,1222,1232,event:roadwork_construction,Sun-Shaded,70,UD4H,5,1,1,1,,,1,,,,,,,,,,,1,,,,,,,,1,,,,,,,,,,,,,,1,,,,,
"6,308",2018 People Staying Counts,PIO3,Weekend_Midday,Weekend,Midday,20180714,1222,1232,event:roadwork_construction,Sun-Shaded,70,UD4H,6,1,1,1,,,1,,,,,,,,,,,1,,,1,,,,,,,,,,,,,,1,,,,,,,,,,
"6,309",2018 People Staying Counts,PIO3,Weekend_Midday,Weekend,Midday,20180714,1222,1232,event:roadwork_construction,Sun-Shaded,70,UD4H,7,1,1,,1,,1,,,,,,,,,,,1,,,1,,,,,,,,,,1,,,,1,,,,,,,,,,
"6,310",2018 People Staying Counts,PIO3,Weekend_Midday,Weekend,Midday,20180714,1222,1232,event:roadwork_construction,Sun-Shaded,70,UD4H,8,1,1,,1,,1,,,,,,,,,,,1,,,,,,1,,,,,,,,,,,1,,,,,,,,,,
"6,311",2018 People Staying Counts,PIO3,Weekend_Midday,Weekend,Midday,20180714,1222,1232,event:roadwork_construction,Sun-Shaded,70,UD4H,9,1,4,1,,,1,,,,,,,,,,,,1,,1,,,,,,,,,,1,,1,,,,,,,,,,,,
"6,312",2018 People Staying Counts,PIO3,Weekend_Midday,Weekend,Midday,20180714,1222,1232,event:roadwork_construction,Sun-Shaded,70,UD4H,10,1,4,,1,,1,,,,,,,,,,,,1,,1,,,,,,,,,,1,,1,,,,,,,,,,,,
"6,313",2018 People Staying Counts,PIO3,Weekend_Midday,Weekend,Midday,20180714,1222,1232,event:roadwork_construction,Sun-Shaded,70,UD4H,11,1,4,,1,,1,,,,,,,,,1,,,,,1,,,,,,,,,,1,,1,,,,,,,,,,,,
"6,314",2018 People Staying Counts,PIO3,Weekend_Midday,Weekend,Midday,20180714,1222,1232,event:roadwork_construction,Sun-Shaded,70,UD4H,12,1,4,1,,,1,,,,,,,,,1,,,,,1,,,,,,,,,,1,,1,,1,,,,,,,,,,
"6,315",2018 People Staying Counts,PIO3,Weekend_Midday,Weekend,Midday,20180714,1222,1232,event:roadwork_construction,Sun-Shaded,70,UD4H,13,1,2,,1,,1,,,,,,,,,,,1,,,1,,,,,,,,,,,,1,,,,,,,1,,,,,
"6,316",2018 People Staying Counts,PIO3,Weekend_Midday,Weekend,Midday,20180714,1222,1232,event:roadwork_construction,Sun-Shaded,70,UD4H,14,1,2,,1,,1,,,,,,,,,,,1,,,1,,,,,,,,,,,,1,,,,,,,1,,,,,
"6,317",2018 People Staying Counts,PIO3,Weekend_Midday,Weekend,Midday,20180714,1222,1232,event:roadwork_construction,Sun-Shaded,70,UD4H,15,1,1,,1,,1,,,,,,,,,,,1,,,,,,1,,,,,,1,,,,,1,,,,,,,,,,
"6,318",2018 People Staying Counts,PIO3,Weekend_Midday,Weekend,Midday,20180714,1222,1232,event:roadwork_construction,Sun-Shaded,70,UD4H,16,1,1,,1,,1,,,,,,,,,,1,,,,1,,,,,,,,,,,,,,1,,,,,,,,,,
"6,319",2018 People Staying Counts,PIO3,Weekend_Midday,Weekend,Midday,20180714,1222,1232,event:roadwork_construction,Sun-Shaded,70,UD4H,17,1,3,1,,,1,,,,,,,,,,,1,,,1,,,,,,,,,,,,1,,,,,,,,,,,,
"6,320",2018 People Staying Counts,PIO3,Weekend_Midday,Weekend,Midday,20180714,1222,1232,event:roadwork_construction,Sun-Shaded,70,UD4H,18,1,3,1,,,1,,,,,,,,,,,1,,,1,,,,,,,,,,,,1,,,,,,,,,,,,
"6,321",2018 People Staying Counts,PIO3,Weekend_Midday,Weekend,Midday,20180714,1222,1232,event:roadwork_construction,Sun-Shaded,70,UD4H,19,1,3,1,,,1,,,,,,,,,,,1,,,1,,,,,,,,,,,,1,,,,,,,,,,,,
"6,322",2018 People Staying Counts,PIO3,Weekend_Evening,Weekend,Evening,20180714,1626,1636,event:roadwork_construction,Sun-Shaded,70,UD4H,1,1,1,,1,,,,,1,,,,,,,,,1,,,,,1,,,,,,,,1,1,,,,,,,,,,,,
"6,323",2018 People Staying Counts,PIO3,Weekend_Evening,Weekend,Evening,20180714,1626,1636,event:roadwork_construction,Sun-Shaded,70,UD4H,2,1,3,1,,,1,,,,,,,,,,,1,,,,,,1,,,,,,1,,,1,,,,,,,,,,,,
"6,324",2018 People Staying Counts,PIO3,Weekend_Evening,Weekend,Evening,20180714,1626,1636,event:roadwork_construction,Sun-Shaded,70,UD4H,3,1,3,1,,,1,,,,,,,,,1,,,,,,,,1,,,,,,1,,,1,,,,,,,,,,,,
"6,325",2018 People Staying Counts,PIO3,Weekend_Evening,Weekend,Evening,20180714,1626,1636,event:roadwork_construction,Sun-Shaded,70,UD4H,4,1,3,1,,,1,,,,,,,,,,1,,,,,,,1,,,,,,1,,,1,,,,,,,,,,,,
"6,326",2018 People Staying Counts,PIO3,Weekend_Evening,Weekend,Evening,20180714,1626,1636,event:roadwork_construction,Sun-Shaded,70,UD4H,5,1,2,,1,,1,,,,,,,,,,1,,,,,,,1,,,,,,1,,1,1,,,,,,,,,,,,
"6,327",2018 People Staying Counts,PIO3,Weekend_Evening,Weekend,Evening,20180714,1626,1636,event:roadwork_construction,Sun-Shaded,70,UD4H,6,1,2,,1,,1,,,,,,,,,,1,,,,,,,1,,,,,,1,,1,1,,,,,,,,,,,,
"6,328",2018 People Staying Counts,PIO3,Weekend_Evening,Weekend,Evening,20180714,1626,1636,event:roadwork_construction,Sun-Shaded,70,UD4H,7,1,2,,1,,1,,,,,,,,,,,,1,,,,,1,,,,,,1,,1,1,,,,,,,,,,,,
"6,329",2018 People Staying Counts,PIO3,Weekend_Evening,Weekend,Evening,20180714,1626,1636,event:roadwork_construction,Sun-Shaded,70,UD4H,8,1,2,,1,,1,,,,,,,,,,,1,,,,,,1,,,,,,1,,1,1,,,,,,,,,,,,
"6,330",2018 People Staying Counts,PIO3,Weekend_Evening,Weekend,Evening,20180714,1626,1636,event:roadwork_construction,Sun-Shaded,70,UD4H,9,1,2,1,,,,,,1,,,,,,,,1,,,,,,1,,,,,1,,,,1,,,,,,,,,,,,
"6,331",2018 People Staying Counts,PIO3,Weekend_Evening,Weekend,Evening,20180714,1626,1636,event:roadwork_construction,Sun-Shaded,70,UD4H,10,1,2,1,,,,,,1,,,,,,,,,,1,,,,1,,,,,1,,,,1,,,,,,,,,,,,
"6,332",2018 People Staying Counts,PIO3,Weekend_Evening,Weekend,Evening,20180714,1626,1636,event:roadwork_construction,Sun-Shaded,70,UD4H,11,1,2,1,,,1,,,,,,,,,,,,1,,1,,,,,,,,,,,,1,,,,,,,,,,,,
"6,333",2018 People Staying Counts,PIO3,Weekend_Evening,Weekend,Evening,20180714,1626,1636,event:roadwork_construction,Sun-Shaded,70,UD4H,12,1,2,1,,,,,,1,,,,,,,,,1,,1,,,,,,,,,,,,1,,,,,,,,,,,,
"6,334",2018 People Staying Counts,PIO3,Weekend_Evening,Weekend,Evening,20180714,1626,1636,event:roadwork_construction,Sun-Shaded,70,UD4H,13,1,2,1,,,1,,,,,,,,,,,1,,,,,,1,,,,,,1,,1,1,,,,,,,,,,,,
"6,335",2018 People Staying Counts,PIO3,Weekend_Evening,Weekend,Evening,20180714,1626,1636,event:roadwork_construction,Sun-Shaded,70,UD4H,14,1,2,,1,,1,,,,,,,,,,,1,,,,,,1,,,,,,1,,1,1,,,,,,,,,,,,
"6,336",2018 People Staying Counts,PIO3,Weekend_Evening,Weekend,Evening,20180714,1626,1636,event:roadwork_construction,Sun-Shaded,70,UD4H,15,1,3,,1,,1,,,,,,,,,,,,1,,,,,1,,,,,,1,,1,1,,,,,,,,,,,,
"6,337",2018 People Staying Counts,PIO3,Weekend_Evening,Weekend,Evening,20180714,1626,1636,event:roadwork_construction,Sun-Shaded,70,UD4H,16,1,3,1,,,1,,,,,,,,,,,,1,,,,,1,,,,,,1,,1,1,,,,,,,,,,,,
"6,338",2018 People Staying Counts,PIO3,Weekend_Evening,Weekend,Evening,20180714,1626,1636,event:roadwork_construction,Sun-Shaded,70,UD4H,17,1,3,1,,,1,,,,,,,,,,,1,,,,,,1,,,,,,1,,1,1,,,,,,,,,,,,
"6,339",2018 People Staying Counts,PIO3,Weekend_Evening,Weekend,Evening,20180714,1626,1636,event:roadwork_construction,Sun-Shaded,70,UD4H,18,1,5,1,,,1,,,,,,,,,,,1,,,,,,1,,,,,,1,,1,1,,,,,,,,,,,,
"6,340",2018 People Staying Counts,PIO3,Weekend_Evening,Weekend,Evening,20180714,1626,1636,event:roadwork_construction,Sun-Shaded,70,UD4H,19,1,5,1,,,1,,,,,,,,,,1,,,,,,,1,,,,,,1,,1,1,,,,,,,,,,,,
"6,341",2018 People Staying Counts,PIO3,Weekend_Evening,Weekend,Evening,20180714,1626,1636,event:roadwork_construction,Sun-Shaded,70,UD4H,20,1,5,1,,,1,,,,,,,,,,1,,,,,,,1,,,,,,1,,1,1,,,,,,,,,,,,
"6,342",2018 People Staying Counts,PIO3,Weekend_Evening,Weekend,Evening,20180714,1626,1636,event:roadwork_construction,Sun-Shaded,70,UD4H,21,1,5,1,,,1,,,,,,,,,,1,,,,,,,1,,,,,,1,,1,1,,,,,,,,,,,,
"6,343",2018 People Staying Counts,PIO3,Weekend_Evening,Weekend,Evening,20180714,1626,1636,event:roadwork_construction,Sun-Shaded,70,UD4H,22,1,5,1,,,1,,,,,,,,,,1,,,,,,,1,,,,,,1,,1,1,,,,,,,,,,,,
"6,344",2018 People Staying Counts,PIO3,Weekday1_Morning,Weekday,Morning,20180716,0842,0852,event:roadwork_construction,Sun-Shaded,69,UD4H,1,1,1,1,,,,,,,,1,,,,,,1,,,1,,,,,,,,,,,,,,,,,,1,,,,,,
"6,345",2018 People Staying Counts,PIO3,Weekday1_Morning,Weekday,Morning,20180716,0842,0852,event:roadwork_construction,Sun-Shaded,69,UD4H,2,1,1,1,,,,1,,,,,,,,,,1,,,1,,,,,,,,,,,,,,,,,,1,,,,,,
"6,346",2018 People Staying Counts,PIO3,Weekday1_Morning,Weekday,Morning,20180716,0842,0852,event:roadwork_construction,Sun-Shaded,69,UD4H,3,1,1,1,,,1,,,,,,,,,,,1,,,,,,1,,,,,,,,,,,,,,,,1,,,,,
"6,347",2018 People Staying Counts,PIO3,Weekday1_Midday,Weekday,Midday,20180716,1236,1246,event:roadwork_construction,Sun-Exposed,66,UD4H,1,1,1,1,,,,,,,,1,,,,,,1,,,1,,,,,,,,,,,,,,1,,,,,,,,,,
"6,348",2018 People Staying Counts,PIO3,Weekday1_Midday,Weekday,Midday,20180716,1236,1246,event:roadwork_construction,Sun-Exposed,66,UD4H,2,1,1,1,,,1,,,,,,,,,,,1,,,,1,,,,,,,,,,,,,1,,,,,,,,,,
"6,349",2018 People Staying Counts,PIO3,Weekday1_Midday,Weekday,Midday,20180716,1236,1246,event:roadwork_construction,Sun-Exposed,66,UD4H,3,1,1,1,,,1,,,,,,,,,,,1,,,,,,1,,,,,,,,,,,1,,,,,,,,,,
"6,350",2018 People Staying Counts,PIO3,Weekday1_Midday,Weekday,Midday,20180716,1236,1246,event:roadwork_construction,Sun-Exposed,66,UD4H,4,1,1,,1,,,,,1,,,,,,,,,,1,,1,,,,,,,,,,,,,1,,,,,1,,,,,
"6,351",2018 People Staying Counts,PIO3,Weekday1_Midday,Weekday,Midday,20180716,1236,1246,event:roadwork_construction,Sun-Exposed,66,UD4H,5,1,1,1,,,,,,,,1,,,,,,1,,,1,,,,,,,,,,,,,,,,,,,1,,,,,
"6,352",2018 People Staying Counts,PIO3,Weekday1_Evening,Weekday,Evening,20180716,1636,1646,event:roadwork_construction,Sun-Shaded,66,UD4H,1,1,1,1,,,1,,,,,,,,,,,1,,,,1,,,,,,,,,,,,,1,,,,,,,,,,
"6,353",2018 People Staying Counts,PIO3,Weekday1_Evening,Weekday,Evening,20180716,1636,1646,event:roadwork_construction,Sun-Shaded,66,UD4H,2,1,1,1,,,,,,,,1,,,,,,,1,,,,,,,1,,,,,,,,,,,,,,1,,,,,
"6,354",2018 People Staying Counts,PIO3,Weekday1_Evening,Weekday,Evening,20180716,1636,1646,event:roadwork_construction,Sun-Shaded,66,UD4H,3,1,1,1,,,1,,,,,,,,,,,1,,,,,,,,1,,,,,,,,,1,,,,,,,,,,
"6,355",2018 People Staying Counts,PIO3,Weekday1_Evening,Weekday,Evening,20180716,1636,1646,event:roadwork_construction,Sun-Shaded,66,UD4H,4,1,1,,1,,1,,,,,,,,,,,1,,,,,,1,,,,,,,,1,,,1,,,,,,,,,,
"6,356",2018 People Staying Counts,PIO3,Weekday1_Evening,Weekday,Evening,20180716,1636,1646,event:roadwork_construction,Sun-Shaded,66,UD4H,5,1,1,1,,,,1,,,,,,,,,,1,,,1,,,,,,,,,,,,,,,,1,,,,,,,,
"6,357",2018 People Staying Counts,PIO3,Weekday1_Evening,Weekday,Evening,20180716,1636,1646,event:roadwork_construction,Sun-Shaded,66,UD4H,6,1,1,1,,,,1,,,,,,,,,1,,,,1,,,,,,,,,,,,,,1,,,,,,,,,,
"6,358",2018 People Staying Counts,PIO3,Weekday1_Evening,Weekday,Evening,20180716,1636,1646,event:roadwork_construction,Sun-Shaded,66,UD4H,7,1,1,1,,,1,,,,,,,,,,,1,,,,,,1,,,,,,,,,,,1,,,,,,,,,,
"6,359",2018 People Staying Counts,PIO3,Weekday1_Evening,Weekday,Evening,20180716,1636,1646,event:roadwork_construction,Sun-Shaded,66,UD4H,8,1,1,1,,,,,,,,1,,,,,,1,,,1,,,,,,,,,,,,,,1,,,,,,,,,,
"6,360",2018 People Staying Counts,PIO3,Weekday1_Evening,Weekday,Evening,20180716,1636,1646,event:roadwork_construction,Sun-Shaded,66,UD4H,9,1,1,1,,,,1,,,,,,,,,,1,,,1,,,,,,,,,,,,,,1,,,,,1,,,,,
"6,361",2018 People Staying Counts,PIO3,Weekday2_Morning,Weekday,Morning,20180717,0818,0828,event:roadwork_construction,Sun-Shaded,65,UD4H,1,1,1,,1,,,,,1,,,,,,,,,,1,,1,,,,,,,,,,,1,,,,,,,1,,,,,
"6,362",2018 People Staying Counts,PIO3,Weekday2_Midday,Weekday,Midday,20180717,1222,1232,event:roadwork_construction,Sun-Exposed,75,UD4H,1,1,2,,1,,1,,,,,,,,,,1,,,,1,,,,,,,,,,,,1,,,,,,,,,,,,
"6,363",2018 People Staying Counts,PIO3,Weekday2_Midday,Weekday,Midday,20180717,1222,1232,event:roadwork_construction,Sun-Exposed,75,UD4H,2,1,2,1,,,1,,,,,,,,,,1,,,,1,,,,,,,,,,,,1,,,,,,,,,,,,
"6,364",2018 People Staying Counts,PIO3,Weekday2_Midday,Weekday,Midday,20180717,1222,1232,event:roadwork_construction,Sun-Exposed,75,UD4H,3,1,1,1,,,1,,,,,,,,,,1,,,,1,,,,,,,,,1,,,,,,,,,,,,,,,
"6,365",2018 People Staying Counts,PIO3,Weekday2_Midday,Weekday,Midday,20180717,1222,1232,event:roadwork_construction,Sun-Exposed,75,UD4H,4,1,1,,1,,,1,,,,,,,,,,1,,,,1,,,,,,,,,,,,,,,,,,1,,,,,
"6,366",2018 People Staying Counts,PIO3,Weekday2_Midday,Weekday,Midday,20180717,1222,1232,event:roadwork_construction,Sun-Exposed,75,UD4H,5,1,1,1,,,1,,,,,,,,,,,1,,,,1,,,,,,,,,,,,,1,,,,,,,,,,
"6,367",2018 People Staying Counts,PIO3,Weekday2_Midday,Weekday,Midday,20180717,1222,1232,event:roadwork_construction,Sun-Exposed,75,UD4H,6,1,1,,1,,1,,,,,,,,,,,1,,,1,,,,,,,,,,,,,,,,1,,,,,,,,
"6,368",2018 People Staying Counts,PIO3,Weekday2_Midday,Weekday,Midday,20180717,1222,1232,event:roadwork_construction,Sun-Exposed,75,UD4H,7,1,2,1,,,1,,,,,,,,,,,1,,,1,,,,,,,,,,1,,1,,,,,,,,,,,,
"6,369",2018 People Staying Counts,PIO3,Weekday2_Midday,Weekday,Midday,20180717,1222,1232,event:roadwork_construction,Sun-Exposed,75,UD4H,8,1,1,,1,,1,,,,,,,,,,,1,,,,,,1,,,,,,1,,1,,,1,,,,,,,,,,
"6,370",2018 People Staying Counts,PIO3,Weekday2_Midday,Weekday,Midday,20180717,1222,1232,event:roadwork_construction,Sun-Exposed,75,UD4H,9,1,1,,1,,1,,,,,,,,,,1,,,,1,,,,,,,,,,,,,,1,,,,,,,,,,
"6,371",2018 People Staying Counts,PIO3,Weekday2_Midday,Weekday,Midday,20180717,1222,1232,event:roadwork_construction,Sun-Exposed,75,UD4H,10,1,2,1,,,1,,,,,,,,,,,1,,,1,,,,,,,,,,,,1,,,,,,,,,,,,
"6,372",2018 People Staying Counts,PIO3,Weekday2_Midday,Weekday,Midday,20180717,1222,1232,event:roadwork_construction,Sun-Exposed,75,UD4H,11,1,2,,1,,1,,,,,,,,,,,1,,,1,,,,,,,,,,,,1,,,,,,,,,,,,
"6,373",2018 People Staying Counts,PIO3,Weekday2_Midday,Weekday,Midday,20180717,1222,1232,event:roadwork_construction,Sun-Exposed,75,UD4H,12,1,1,1,,,1,,,,,,,,,,,1,,,1,,,,,,,,,,,,,,1,,,,,1,,,,,
"6,374",2018 People Staying Counts,PIO3,Weekday2_Midday,Weekday,Midday,20180717,1222,1232,event:roadwork_construction,Sun-Exposed,75,UD4H,13,1,1,1,,,1,,,,,,,,,,,1,,,1,,,,,,,,,,,,,,1,,,,,,,,,,
"6,375",2018 People Staying Counts,PIO3,Weekday2_Midday,Weekday,Midday,20180717,1222,1232,event:roadwork_construction,Sun-Exposed,75,UD4H,14,1,3,1,,,1,,,,,,,,,,1,,,,1,,,,,,,,,,,,1,,,,,,,,,,,,
"6,376",2018 People Staying Counts,PIO3,Weekday2_Midday,Weekday,Midday,20180717,1222,1232,event:roadwork_construction,Sun-Exposed,75,UD4H,15,1,3,,1,,1,,,,,,,,,1,,,,,1,,,,,,,,,,,,1,,,,,,,,,,,,
"6,377",2018 People Staying Counts,PIO3,Weekday2_Midday,Weekday,Midday,20180717,1222,1232,event:roadwork_construction,Sun-Exposed,75,UD4H,16,1,3,1,,,1,,,,,,,,,,,,1,,1,,,,,,,,,,,,1,,,,,,,,,,,,
"6,378",2018 People Staying Counts,PIO3,Weekday2_Midday,Weekday,Midday,20180717,1222,1232,event:roadwork_construction,Sun-Exposed,75,UD4H,17,1,2,1,,,1,,,,,,,,,,,,1,,1,,,,,,,,,,,,1,,,,,,,,,,,,
"6,379",2018 People Staying Counts,PIO3,Weekday2_Midday,Weekday,Midday,20180717,1222,1232,event:roadwork_construction,Sun-Exposed,75,UD4H,18,1,2,,1,,1,,,,,,,,,,,,1,,1,,,,,,,,,,,,1,,1,,,,,1,,,,,
"6,380",2018 People Staying Counts,PIO3,Weekday2_Midday,Weekday,Midday,20180717,1222,1232,event:roadwork_construction,Sun-Exposed,75,UD4H,19,1,2,1,,,1,,,,,,,,,,,,1,,1,,,,,,,,,,,,1,,,,,,,,,,,,
"6,381",2018 People Staying Counts,PIO3,Weekday2_Midday,Weekday,Midday,20180717,1222,1232,event:roadwork_construction,Sun-Exposed,75,UD4H,20,1,2,1,,,1,,,,,,,,,,,1,,,1,,,,,,,,,,,,1,,,,,,,,,,,,
"6,382",2018 People Staying Counts,PIO3,Weekday2_Midday,Weekday,Midday,20180717,1222,1232,event:roadwork_construction,Sun-Exposed,75,UD4H,21,1,1,1,,,1,,,,,,,,,,,1,,,1,,,,,,,,,,,,,,,,,,,1,,,,,
"6,383",2018 People Staying Counts,PIO3,Weekday2_Evening,Weekday,Evening,20180717,1630,1640,event:roadwork_construction,Sun-Shaded,70,UD4H,1,1,2,1,,,1,,,,,,,,,,,1,,,,,,1,,,,,,1,,1,1,,,,,,,,,,,,
"6,384",2018 People Staying Counts,PIO3,Weekday2_Evening,Weekday,Evening,20180717,1630,1640,event:roadwork_construction,Sun-Shaded,70,UD4H,2,1,2,1,,,1,,,,,,,,,,,1,,,,,,1,,,,,,1,,1,1,,,,,,,,,,,,
"6,385",2018 People Staying Counts,PIO3,Weekday2_Evening,Weekday,Evening,20180717,1630,1640,event:roadwork_construction,Sun-Shaded,70,UD4H,3,1,2,1,,,1,,,,,,,,,,,1,,,1,,,,,,,,,,,,,,,,,,,1,,,,,
"6,386",2018 People Staying Counts,PIO3,Weekday2_Evening,Weekday,Evening,20180717,1630,1640,event:roadwork_construction,Sun-Shaded,70,UD4H,4,1,2,,1,,1,,,,,,,,,,,1,,,1,,,,,,,,,,,,,,1,,,,,,,,,,
"6,387",2018 People Staying Counts,PIO3,Weekday2_Evening,Weekday,Evening,20180717,1630,1640,event:roadwork_construction,Sun-Shaded,70,UD4H,5,1,1,1,,,1,,,,,,,,,,,1,,,,,,1,,,,,,1,,1,,,1,,,,,1,,,,,
"6,388",2018 People Staying Counts,PIO3,Weekday2_Evening,Weekday,Evening,20180717,1630,1640,event:roadwork_construction,Sun-Shaded,70,UD4H,6,1,1,1,,,,,,,,1,,,,,,1,,,,1,,,,,,,,,,,,,1,,,,,,,,,,
"6,389",2018 People Staying Counts,PIO3,Weekday2_Evening,Weekday,Evening,20180717,1630,1640,event:roadwork_construction,Sun-Shaded,70,UD4H,7,1,1,1,,,1,,,,,,,,,,,1,,,,,,1,,,,,,1,,1,,,1,,,,,,,,,,
"6,390",2018 People Staying Counts,PIO3,Weekday2_Evening,Weekday,Evening,20180717,1630,1640,event:roadwork_construction,Sun-Shaded,70,UD4H,8,1,1,1,,,1,,,,,,,,,,,1,,,1,,,,,,,,,,,,,,1,,,,,1,,,,,
"6,391",2018 People Staying Counts,PIO3,Weekday2_Evening,Weekday,Evening,20180717,1630,1640,event:roadwork_construction,Sun-Shaded,70,UD4H,9,1,4,,1,,1,,,,,,,,,,,1,,,,,,1,,,,,,1,,1,1,,,,,,,,,,,,
"6,392",2018 People Staying Counts,PIO3,Weekday2_Evening,Weekday,Evening,20180717,1630,1640,event:roadwork_construction,Sun-Shaded,70,UD4H,10,1,4,,1,,1,,,,,,,,,,,,1,,,,,1,,,,,,1,,1,1,,,,,,,,,,,,
"6,393",2018 People Staying Counts,PIO3,Weekday2_Evening,Weekday,Evening,20180717,1630,1640,event:roadwork_construction,Sun-Shaded,70,UD4H,11,1,4,,1,,1,,,,,,,,,,,,1,,,,,1,,,,,,1,,1,1,,,,,,,,,,,,
"6,394",2018 People Staying Counts,PIO3,Weekday2_Evening,Weekday,Evening,20180717,1630,1640,event:roadwork_construction,Sun-Shaded,70,UD4H,12,1,4,,1,,1,,,,,,,,,,,,1,,1,,,,,,,,,1,,1,1,,1,,,,,,,,,,
"6,395",2018 People Staying Counts,PIO3,Weekday2_Evening,Weekday,Evening,20180717,1630,1640,event:roadwork_construction,Sun-Shaded,70,UD4H,13,1,2,,1,,1,,,,,,,,,,,1,,,,,,1,,,,,,1,,1,1,,,,,,,,,,,,
"6,396",2018 People Staying Counts,PIO3,Weekday2_Evening,Weekday,Evening,20180717,1630,1640,event:roadwork_construction,Sun-Shaded,70,UD4H,14,1,2,1,,,1,,,,,,,,,,,1,,,,,,1,,,,,,1,,1,1,,,,,,,,,,,,
"6,397",2018 People Staying Counts,SLU2,Weekend_Midday,Weekend,Midday,20180714,1326,1336,,Sun-Shaded,72,UD4H,1,1,1,,1,,,1,,,,,,,,,,,1,,1,,,,,,,,,,,,,,1,,,,,,,,,,
"6,398",2018 People Staying Counts,SLU2,Weekend_Midday,Weekend,Midday,20180714,1326,1336,,Sun-Shaded,72,UD4H,2,1,2,,1,,,,,1,,,,,,,,1,,,1,,,,,,,,,1,,,1,,,,,1,,,,,,,
"6,399",2018 People Staying Counts,SLU2,Weekend_Midday,Weekend,Midday,20180714,1326,1336,,Sun-Shaded,72,UD4H,3,1,2,1,,,,,,1,,,,,,,,1,,,1,,,,,,,,,1,,,1,,1,,,1,,,,,,,
"6,400",2018 People Staying Counts,SLU2,Weekend_Midday,Weekend,Midday,20180714,1326,1336,,Sun-Shaded,72,UD4H,4,1,1,,1,,1,,,,,,,,,,,,1,,,,1,,,,,,,,1,,,,,,,,,1,,,,,
"6,401",2018 People Staying Counts,SLU2,Weekend_Midday,Weekend,Midday,20180714,1326,1336,,Sun-Shaded,72,UD4H,5,1,2,,1,,,1,,,,,,,,,,1,,,1,,,,,,,,,,,,1,,,,,,,,,,,,
"6,402",2018 People Staying Counts,SLU2,Weekend_Midday,Weekend,Midday,20180714,1326,1336,,Sun-Shaded,72,UD4H,6,1,2,1,,,1,,,,,,,,,,,1,,,1,,,,,,,,,,,,1,,,,1,,,,,,,,
"6,403",2018 People Staying Counts,SLU2,Weekend_Midday,Weekend,Midday,20180714,1326,1336,,Sun-Shaded,72,UD4H,7,1,1,1,,,1,,,,,,,,,,,,1,,,1,,,,,,,,,,,,,1,,,,,,,,,,
"6,404",2018 People Staying Counts,SLU2,Weekend_Midday,Weekend,Midday,20180714,1326,1336,,Sun-Shaded,72,UD4H,8,1,3,,1,,,,,1,,,,,,,,,1,,1,,,,,,,,,1,,,1,,,,,,,,,,,,
"6,405",2018 People Staying Counts,SLU2,Weekend_Midday,Weekend,Midday,20180714,1326,1336,,Sun-Shaded,72,UD4H,9,1,3,,1,,,,,1,,,,,,,,1,,,1,,,,,,,,,1,,,1,,,,,,,,,,,,
"6,406",2018 People Staying Counts,SLU2,Weekend_Midday,Weekend,Midday,20180714,1326,1336,,Sun-Shaded,72,UD4H,10,1,3,,1,,,,,1,,,,,1,,,,,,1,,,,,,,,,,,,1,,,,1,,,,,,,,
"6,407",2018 People Staying Counts,SLU2,Weekend_Midday,Weekend,Midday,20180714,1326,1336,,Sun-Shaded,72,UD4H,11,1,2,,1,,,,,1,,,,,,,1,,,,1,,,,,,,,,,1,,1,,,,,,,,,,,,
"6,408",2018 People Staying Counts,SLU2,Weekend_Midday,Weekend,Midday,20180714,1326,1336,,Sun-Shaded,72,UD4H,12,1,2,1,,,1,,,,,,,,,,1,,,,,1,,,,,,,,,1,,1,,,,,,,,,,,,
"6,409",2018 People Staying Counts,SLU2,Weekend_Midday,Weekend,Midday,20180714,1326,1336,,Sun-Shaded,72,UD4H,13,1,2,,1,,,,,1,,,,,,,,1,,,1,,,,,,,,,,1,,,,,,1,,,,,,,,
"6,410",2018 People Staying Counts,SLU2,Weekend_Midday,Weekend,Midday,20180714,1326,1336,,Sun-Shaded,72,UD4H,14,1,2,,,1,,,,1,,,,,1,,,,,,,,,,1,,,,,,,,,,,,1,,,,,,,,
"6,411",2018 People Staying Counts,SLU2,Weekend_Midday,Weekend,Midday,20180714,1326,1336,,Sun-Shaded,72,UD4H,15,1,1,1,,,,,,1,,,,,,,,1,,,1,,,,,,,,,1,,,,,,,,,,,,,,,
"6,412",2018 People Staying Counts,SLU2,Weekend_Evening,Weekend,Evening,20180714,1725,1735,,Sun-Shaded,80,UD4H,1,1,1,1,,,,,,1,,,,,,,,1,,,,,1,,,,,,,,,,,,1,,,,,,,,,,
"6,413",2018 People Staying Counts,SLU2,Weekend_Evening,Weekend,Evening,20180714,1725,1735,,Sun-Shaded,80,UD4H,2,1,1,,1,,1,,,,,,,,,,,,1,,,,1,,,,,,,,,,,,1,,1,,,,,,,,
"6,414",2018 People Staying Counts,SLU2,Weekend_Evening,Weekend,Evening,20180714,1725,1735,,Sun-Shaded,80,UD4H,3,1,1,1,,,1,,,,,,,,,,,1,,,1,,,,,,,,,,,,,,1,,,1,,,,,,,
"6,415",2018 People Staying Counts,SLU2,Weekend_Evening,Weekend,Evening,20180714,1725,1735,,Sun-Shaded,80,UD4H,4,1,1,,1,,,,,1,,,,,,,,,,1,1,,,,,,,,,,,,,,1,,1,,,,,,,,
"6,416",2018 People Staying Counts,SLU2,Weekday1_Morning,Weekday,Morning,20180718,0815,0825,event:cultural_communal,Heavy Clouds,61,UD4H,1,1,1,,1,,1,,,,,,,,,,,,1,,1,,,,,,,,,,1,,,,,,1,,,,,,,,
"6,417",2018 People Staying Counts,SLU2,Weekday1_Morning,Weekday,Morning,20180718,0815,0825,event:cultural_communal,Heavy Clouds,61,UD4H,2,1,1,,1,,,,,1,,,,,,,1,,,,1,,,,,,,,,,1,,,1,1,,,,,,,,,,
"6,418",2018 People Staying Counts,SLU2,Weekday1_Morning,Weekday,Morning,20180718,0815,0825,event:cultural_communal,Heavy Clouds,61,UD4H,3,1,1,1,,,1,,,,,,,,,,,1,,,,,,,1,,,,,,1,,,,,1,,,,,,,,,
"6,419",2018 People Staying Counts,SLU2,Weekday1_Morning,Weekday,Morning,20180718,0815,0825,event:cultural_communal,Heavy Clouds,61,UD4H,4,1,1,1,,,1,,,,,,,,,,,1,,,,,,,1,,,,,,1,,,,,1,,,,,,,,,
"6,420",2018 People Staying Counts,SLU2,Weekday1_Morning,Weekday,Morning,20180718,0815,0825,event:cultural_communal,Heavy Clouds,61,UD4H,5,1,2,,1,,,,,1,,,,,,,,1,,,1,,,,,,,,,,,,1,,,,,,,,,,,,
"6,421",2018 People Staying Counts,SLU2,Weekday1_Morning,Weekday,Morning,20180718,0815,0825,event:cultural_communal,Heavy Clouds,61,UD4H,6,1,2,1,,,,,,1,,,,,,,,1,,,1,,,,,,,,,,,,1,,,,,,,,,,,,
"6,422",2018 People Staying Counts,SLU2,Weekday1_Morning,Weekday,Morning,20180718,0815,0825,event:cultural_communal,Heavy Clouds,61,UD4H,7,1,2,,1,,,,,1,,,,,,,1,,,,1,,,,,,,,,,,,1,,,,,,,,,,,,
"6,423",2018 People Staying Counts,SLU2,Weekday1_Morning,Weekday,Morning,20180718,0815,0825,event:cultural_communal,Heavy Clouds,61,UD4H,8,1,2,1,,,,,,1,,,,,,,1,,,,1,,,,,,,,,,,,1,,,,,,,,,,,,
"6,424",2018 People Staying Counts,SLU2,Weekday1_Morning,Weekday,Morning,20180718,0815,0825,event:cultural_communal,Heavy Clouds,61,UD4H,9,1,1,,1,,1,,,,,,,,,,,1,,,1,,,,,,,,,,,,,,1,,,,,1,,,,,
"6,425",2018 People Staying Counts,SLU2,Weekday1_Midday,Weekday,Midday,20180718,1222,1232,event:cultural_communal,Sun-Shaded,66,UD4H,1,1,3,,1,,,,,1,,,,,,,,,1,,1,,,,,,,,,,1,,1,,1,,,,,,,,,,
"6,426",2018 People Staying Counts,SLU2,Weekday1_Midday,Weekday,Midday,20180718,1222,1232,event:cultural_communal,Sun-Shaded,66,UD4H,2,1,3,,1,,,,,1,,,,,,,,1,,,1,,,,,,,,,,1,,1,,,,,,,,,,,,
"6,427",2018 People Staying Counts,SLU2,Weekday1_Midday,Weekday,Midday,20180718,1222,1232,event:cultural_communal,Sun-Shaded,66,UD4H,3,1,3,,,1,,,,1,,,,,1,,,,,,,,,,1,,,,,,,,,,,,1,,,,,,,,
"6,428",2018 People Staying Counts,SLU2,Weekday1_Midday,Weekday,Midday,20180718,1222,1232,event:cultural_communal,Sun-Shaded,66,UD4H,4,1,3,1,,,1,,,,,,,,,,,1,,,1,,,,,,,,,,,,1,,,,,,,,,,,,
"6,429",2018 People Staying Counts,SLU2,Weekday1_Midday,Weekday,Midday,20180718,1222,1232,event:cultural_communal,Sun-Shaded,66,UD4H,5,1,3,1,,,1,,,,,,,,,,,1,,,1,,,,,,,,,,,,1,,,,,,,,,,,,
"6,430",2018 People Staying Counts,SLU2,Weekday1_Midday,Weekday,Midday,20180718,1222,1232,event:cultural_communal,Sun-Shaded,66,UD4H,6,1,3,1,,,1,,,,,,,,,,,1,,,1,,,,,,,,,,,,1,,,,,,,,,,,,
"6,431",2018 People Staying Counts,SLU2,Weekday1_Midday,Weekday,Midday,20180718,1222,1232,event:cultural_communal,Sun-Shaded,66,UD4H,7,1,2,,1,,1,,,,,,,,,,1,,,,,,1,,,,,,1,,1,,,,1,,,,,,,,,,
"6,432",2018 People Staying Counts,SLU2,Weekday1_Midday,Weekday,Midday,20180718,1222,1232,event:cultural_communal,Sun-Shaded,66,UD4H,8,1,1,1,,,1,,,,,,,,,,,,,1,1,,,,,,,,,,1,,,,,1,,,,,,,,,
"6,433",2018 People Staying Counts,SLU2,Weekday1_Midday,Weekday,Midday,20180718,1222,1232,event:cultural_communal,Sun-Shaded,66,UD4H,9,1,1,1,,,1,,,,,,,,,,,,1,,1,,,,,,,,,,1,1,,,,,,,,,,,,,
"6,434",2018 People Staying Counts,SLU2,Weekday1_Midday,Weekday,Midday,20180718,1222,1232,event:cultural_communal,Sun-Shaded,66,UD4H,10,1,1,1,,,,1,,,,,,,,,,1,,,1,,,,,,,,,,1,,,,1,1,,,,,,,,,
"6,435",2018 People Staying Counts,SLU2,Weekday1_Midday,Weekday,Midday,20180718,1222,1232,event:cultural_communal,Sun-Shaded,66,UD4H,11,1,1,,1,,1,,,,,,,,,,1,,,,,1,,,,,,,1,,1,,1,,,,,,,,,,,,
"6,436",2018 People Staying Counts,SLU2,Weekday1_Midday,Weekday,Midday,20180718,1222,1232,event:cultural_communal,Sun-Shaded,66,UD4H,12,1,1,,1,,,,,,,1,,,,,1,,,,,,1,,,,,,,1,,1,,,1,,,,,,,,,,
"6,437",2018 People Staying Counts,SLU2,Weekday1_Midday,Weekday,Midday,20180718,1222,1232,event:cultural_communal,Sun-Shaded,66,UD4H,13,1,1,,1,,1,,,,,,,,,,,1,,,1,,,,,,,,,,1,,,,,1,,,,,,,,,
"6,438",2018 People Staying Counts,SLU2,Weekday1_Midday,Weekday,Midday,20180718,1222,1232,event:cultural_communal,Sun-Shaded,66,UD4H,14,1,3,1,,,1,,,,,,,,,,,1,,,1,,,,,,,,,,,,1,,1,,,,,1,,,,,
"6,439",2018 People Staying Counts,SLU2,Weekday1_Midday,Weekday,Midday,20180718,1222,1232,event:cultural_communal,Sun-Shaded,66,UD4H,15,1,3,,1,,1,,,,,,,,,,,1,,,1,,,,,,,,,,,,1,,,,,,,1,,,,,
"6,440",2018 People Staying Counts,SLU2,Weekday1_Midday,Weekday,Midday,20180718,1222,1232,event:cultural_communal,Sun-Shaded,66,UD4H,16,1,3,,1,,1,,,,,,,,,,,1,,,1,,,,,,,,,,,1,1,,,,,,,1,,,,,
"6,441",2018 People Staying Counts,SLU2,Weekday1_Midday,Weekday,Midday,20180718,1222,1232,event:cultural_communal,Sun-Shaded,66,UD4H,17,1,1,1,,,,,,1,,,,,,,1,,,,,,1,,,,,,,,,,,,1,,,,,,,,,,
"6,442",2018 People Staying Counts,SLU2,Weekday1_Midday,Weekday,Midday,20180718,1222,1232,event:cultural_communal,Sun-Shaded,66,UD4H,18,1,1,1,,,1,,,,,,,,,,,1,,,,,1,,,,,,,,1,,,,1,,,,,,,,,,
"6,443",2018 People Staying Counts,SLU2,Weekday1_Midday,Weekday,Midday,20180718,1222,1232,event:cultural_communal,Sun-Shaded,66,UD4H,19,1,2,1,,,1,,,,,,,,,,,1,,,,,1,,,,,,,,,,1,,,,,,,,,,,,
"6,444",2018 People Staying Counts,SLU2,Weekday1_Midday,Weekday,Midday,20180718,1222,1232,event:cultural_communal,Sun-Shaded,66,UD4H,20,1,2,,1,,,,,,,,,1,,,1,,,,,,1,,,,,,,,,,1,,,,,,,1,,,,,
"6,445",2018 People Staying Counts,SLU2,Weekday1_Midday,Weekday,Midday,20180718,1222,1232,event:cultural_communal,Sun-Shaded,66,UD4H,21,1,1,1,,,1,,,,,,,,,,,,1,,1,,,,,,,,,,1,1,,,,,1,,,,,,,,
"6,446",2018 People Staying Counts,SLU2,Weekday1_Midday,Weekday,Midday,20180718,1222,1232,event:cultural_communal,Sun-Shaded,66,UD4H,22,1,1,1,,,1,,,,,,,,,,,,1,,1,,,,,,,,,,,,,,1,,,,,,,,,,
"6,447",2018 People Staying Counts,SLU2,Weekday1_Midday,Weekday,Midday,20180718,1222,1232,event:cultural_communal,Sun-Shaded,66,UD4H,23,1,2,1,,,,,,1,,,,,,,,1,,,1,,,,,,,,,,1,1,1,,,,,,,,,,,,
"6,448",2018 People Staying Counts,SLU2,Weekday1_Midday,Weekday,Midday,20180718,1222,1232,event:cultural_communal,Sun-Shaded,66,UD4H,24,1,2,1,,,1,,,,,,,,,,,1,,,1,,,,,,,,,,1,,1,,,,,,,,,,,,
"6,449",2018 People Staying Counts,SLU2,Weekday1_Midday,Weekday,Midday,20180718,1222,1232,event:cultural_communal,Sun-Shaded,66,UD4H,25,1,1,1,,,,,,,,1,,,,,,1,,,,,1,,,,,,,,1,,,,,,1,,,,,,,,
"6,450",2018 People Staying Counts,SLU2,Weekday1_Midday,Weekday,Midday,20180718,1222,1232,event:cultural_communal,Sun-Shaded,66,UD4H,26,1,1,1,,,1,,,,,,,,,,,1,,,,,1,,,,,,,,,,,,1,,1,,,,,,,,
"6,451",2018 People Staying Counts,SLU2,Weekday1_Midday,Weekday,Midday,20180718,1222,1232,event:cultural_communal,Sun-Shaded,66,UD4H,27,1,1,,1,,1,,,,,,,,,,,1,,,,,1,,,,,,,,,,,,1,,,,,,,,,,
"6,452",2018 People Staying Counts,SLU2,Weekday1_Evening,Weekday,Evening,20180718,1621,1631,,Sun-Shaded,74,UD4H,1,1,1,1,,,1,,,,,,,,,,,,1,,1,,,,,,,,,,,,,,1,,,,,,,,,,
"6,453",2018 People Staying Counts,SLU2,Weekday1_Evening,Weekday,Evening,20180718,1621,1631,,Sun-Shaded,74,UD4H,2,1,1,,1,,1,,,,,,,,,,,,1,,,,1,,,,,,,,,,,,1,1,,,,,,,,,
"6,454",2018 People Staying Counts,SLU2,Weekday1_Evening,Weekday,Evening,20180718,1621,1631,,Sun-Shaded,74,UD4H,3,1,1,1,,,,,,1,,,,,,,,1,,,,,1,,,,,,,,,,,,1,,,,,,,,,,
"6,455",2018 People Staying Counts,SLU2,Weekday1_Evening,Weekday,Evening,20180718,1621,1631,,Sun-Shaded,74,UD4H,4,1,1,1,,,,,,1,,,,,,,,,1,,1,,,,,,,,,,,,1,,,,,1,,,,,,,
"6,456",2018 People Staying Counts,SLU2,Weekday1_Evening,Weekday,Evening,20180718,1621,1631,,Sun-Shaded,74,UD4H,5,1,1,1,,,,1,,,,,,,,,,,1,,1,,,,,,,,,,,,,,,,1,,,,,,,,
"6,457",2018 People Staying Counts,SLU2,Weekday1_Evening,Weekday,Evening,20180718,1621,1631,,Sun-Shaded,74,UD4H,6,1,1,,1,,,,,1,,,,,,,1,,,,,,1,,,,,,,,,,,,1,,,1,,,,,,,
"6,458",2018 People Staying Counts,SLU2,Weekday1_Evening,Weekday,Evening,20180718,1621,1631,,Sun-Shaded,74,UD4H,7,1,1,,1,,1,,,,,,,,,,,1,,,,,1,,,,,,,,,,,,1,,,1,1,,,,,,
"6,459",2018 People Staying Counts,SLU2,Weekday1_Evening,Weekday,Evening,20180718,1621,1631,,Sun-Shaded,74,UD4H,8,1,1,,1,,,,,1,,,,,,,1,,,,1,,,,,,,,,,,,,,1,,,1,,,,,,,
"6,460",2018 People Staying Counts,SLU2,Weekday1_Evening,Weekday,Evening,20180718,1621,1631,,Sun-Shaded,74,UD4H,9,1,1,1,,,1,,,,,,,,,,1,,,,,,1,,,,,,,,,,,,1,,,1,,,,,,,
"6,461",2018 People Staying Counts,SLU2,Weekday1_Evening,Weekday,Evening,20180718,1621,1631,,Sun-Shaded,74,UD4H,10,1,1,1,,,1,,,,,,,,,,1,,,,,,1,,,,,,,,,,,,1,,,1,,,,,,,
"6,462",2018 People Staying Counts,SLU2,Weekday1_Evening,Weekday,Evening,20180718,1621,1631,,Sun-Shaded,74,UD4H,11,1,1,,1,,,1,,,,,,,,,,1,,,1,,,,,,,,,,,,,,1,,,1,,,,,,,
"6,463",2018 People Staying Counts,SLU2,Weekday1_Evening,Weekday,Evening,20180718,1621,1631,,Sun-Shaded,74,UD4H,12,1,1,,1,,1,,,,,,,,,,1,,,,1,,,,,,,,,,,,,,1,,,1,,,,,,,
"6,464",2018 People Staying Counts,SLU2,Weekday1_Evening,Weekday,Evening,20180718,1621,1631,,Sun-Shaded,74,UD4H,13,1,1,,1,,,,,1,,,,,,,1,,,,,,1,,,,,,,,,,,,1,,,,,,,,,,
"6,465",2018 People Staying Counts,SLU2,Weekday1_Evening,Weekday,Evening,20180718,1621,1631,,Sun-Shaded,74,UD4H,14,1,1,1,,,1,,,,,,,,,,1,,,,1,,,,,,,,,,,,,,1,,,1,,,,,,,
"6,466",2018 People Staying Counts,SLU2,Weekday1_Evening,Weekday,Evening,20180718,1621,1631,,Sun-Shaded,74,UD4H,15,1,1,1,,,,1,,,,,,,,,,,1,,,,1,,,,,,,,,,,,1,,,,,,,,,,
"6,467",2018 People Staying Counts,SLU2,Weekday1_Evening,Weekday,Evening,20180718,1621,1631,,Sun-Shaded,74,UD4H,16,1,1,1,,,,,,1,,,,,,,1,,,,1,,,,,,,,,,,,,,1,,,,,,,,,,
"6,468",2018 People Staying Counts,SLU2,Weekday1_Evening,Weekday,Evening,20180718,1621,1631,,Sun-Shaded,74,UD4H,17,1,1,1,,,1,,,,,,,,,,1,,,,1,,,,,,,,,,,,,,1,1,,,,,,,,,
"6,469",2018 People Staying Counts,SLU2,Weekday1_Evening,Weekday,Evening,20180718,1621,1631,,Sun-Shaded,74,UD4H,18,1,1,,1,,1,,,,,,,,,,,,1,,,,1,,,,,,,,,,,,1,,,1,,,,,,,
"6,470",2018 People Staying Counts,SLU2,Weekday1_Evening,Weekday,Evening,20180718,1621,1631,,Sun-Shaded,74,UD4H,19,1,1,1,,,,1,,,,,,,,,1,,,,1,,,,,,,,,,,,,,1,1,,,,,,,,,
"6,471",2018 People Staying Counts,SLU2,Weekday2_Morning,Weekday,Morning,20180719,0823,0833,event:commercial_event,Heavy Clouds,61,UD4H,1,1,2,,1,,,,,1,,,,,,,,1,,,1,,,,,,,,1,,,,1,,,,,,,,,,,,
"6,472",2018 People Staying Counts,SLU2,Weekday2_Morning,Weekday,Morning,20180719,0823,0833,event:commercial_event,Heavy Clouds,61,UD4H,2,1,2,1,,,,,,1,,,,,,,,1,,,1,,,,,,,,1,,,,1,,,,,,,,,,,,
"6,473",2018 People Staying Counts,SLU2,Weekday2_Morning,Weekday,Morning,20180719,0823,0833,event:commercial_event,Heavy Clouds,61,UD4H,3,1,3,,1,,,,,1,,,,,,,,1,,,1,,,,,,,,1,,,,1,,,,,,,,,,,,
"6,474",2018 People Staying Counts,SLU2,Weekday2_Morning,Weekday,Morning,20180719,0823,0833,event:commercial_event,Heavy Clouds,61,UD4H,4,1,3,,1,,,,,1,,,,,,,,1,,,1,,,,,,,,1,,,,1,,,,,,,,,,,,
"6,475",2018 People Staying Counts,SLU2,Weekday2_Morning,Weekday,Morning,20180719,0823,0833,event:commercial_event,Heavy Clouds,61,UD4H,5,1,3,1,,,,,,1,,,,,,1,,,,,1,,,,,,,,1,,,,1,,,,,,,,,,,,
"6,476",2018 People Staying Counts,SLU2,Weekday2_Morning,Weekday,Morning,20180719,0823,0833,event:commercial_event,Heavy Clouds,61,UD4H,6,1,1,1,,,1,,,,,,,,,,,,1,,1,,,,,,,,,,,,,,1,1,,,,,,,,,
"6,477",2018 People Staying Counts,SLU2,Weekday2_Morning,Weekday,Morning,20180719,0823,0833,event:commercial_event,Heavy Clouds,61,UD4H,7,1,4,,1,,,,,,,1,,,,1,,,,,1,,,,,,,,1,,,,1,,,,,,,,,,,,
"6,478",2018 People Staying Counts,SLU2,Weekday2_Morning,Weekday,Morning,20180719,0823,0833,event:commercial_event,Heavy Clouds,61,UD4H,8,1,4,1,,,,,,,,1,,,,1,,,,,1,,,,,,,,1,,,,1,,,,,,,,,,,,
"6,479",2018 People Staying Counts,SLU2,Weekday2_Morning,Weekday,Morning,20180719,0823,0833,event:commercial_event,Heavy Clouds,61,UD4H,9,1,4,1,,,,,,,,1,,,,,,1,,,1,,,,,,,,1,,,,1,,,,,,,,,,,,
"6,480",2018 People Staying Counts,SLU2,Weekday2_Morning,Weekday,Morning,20180719,0823,0833,event:commercial_event,Heavy Clouds,61,UD4H,10,1,4,1,,,,,,,,1,,,,,,1,,,1,,,,,,,,1,,,,1,,,,,,,,,,,,
"6,481",2018 People Staying Counts,SLU2,Weekday2_Morning,Weekday,Morning,20180719,0823,0833,event:commercial_event,Heavy Clouds,61,UD4H,11,1,3,,1,,,,,1,,,,,,1,,,,,1,,,,,,,,1,,,,1,,,,,,,,,,,,
"6,482",2018 People Staying Counts,SLU2,Weekday2_Morning,Weekday,Morning,20180719,0823,0833,event:commercial_event,Heavy Clouds,61,UD4H,12,1,3,1,,,,,,1,,,,,,1,,,,,1,,,,,,,,1,,,,1,,,,,,,,,,,,
"6,483",2018 People Staying Counts,SLU2,Weekday2_Morning,Weekday,Morning,20180719,0823,0833,event:commercial_event,Heavy Clouds,61,UD4H,13,1,3,1,,,,,,1,,,,,,,,,1,,1,,,,,,,,1,,,,1,,,,,,,,,,,,
"6,484",2018 People Staying Counts,SLU2,Weekday2_Morning,Weekday,Morning,20180719,0823,0833,event:commercial_event,Heavy Clouds,61,UD4H,14,1,1,1,,,1,,,,,,,,,,,1,,,1,,,,,,,,,1,,,,,,,,,,,,,,,
"6,485",2018 People Staying Counts,SLU2,Weekday2_Morning,Weekday,Morning,20180719,0823,0833,event:commercial_event,Heavy Clouds,61,UD4H,15,1,1,,1,,1,,,,,,,,,,,1,,,1,,,,,,,,1,,,,,,,,,,,,,,,,
"6,486",2018 People Staying Counts,SLU2,Weekday2_Morning,Weekday,Morning,20180719,0823,0833,event:commercial_event,Heavy Clouds,61,UD4H,16,1,2,1,,,1,,,,,,,,,,,,,1,1,,,,,,,,1,,,,1,,,,,,,,,,,,
"6,487",2018 People Staying Counts,SLU2,Weekday2_Morning,Weekday,Morning,20180719,0823,0833,event:commercial_event,Heavy Clouds,61,UD4H,17,1,2,1,,,,,,1,,,,,,,,,1,,1,,,,,,,,1,,,,1,,,,,,,1,,,,,
"6,488",2018 People Staying Counts,SLU2,Weekday2_Morning,Weekday,Morning,20180719,0823,0833,event:commercial_event,Heavy Clouds,61,UD4H,18,1,1,1,,,1,,,,,,,,,,,1,,,,1,,,,,,,,,1,,,,1,,,,1,,,,,,
"6,489",2018 People Staying Counts,SLU2,Weekday2_Morning,Weekday,Morning,20180719,0823,0833,event:commercial_event,Heavy Clouds,61,UD4H,19,1,1,1,,,1,,,,,,,,,,,1,,,1,,,,,,,,,1,,,,,,,,,,,,,,,
"6,490",2018 People Staying Counts,SLU2,Weekday2_Morning,Weekday,Morning,20180719,0823,0833,event:commercial_event,Heavy Clouds,61,UD4H,20,1,1,,1,,,,,1,,,,,,,,1,,,,1,,,,,,,,,,1,,,1,,,,,,,,,,
"6,491",2018 People Staying Counts,SLU2,Weekday2_Morning,Weekday,Morning,20180719,0823,0833,event:commercial_event,Heavy Clouds,61,UD4H,21,1,1,,1,,,1,,,,,,,,,,,1,,1,,,,,,,,,1,,1,,,,,,,,,,,,,
"6,492",2018 People Staying Counts,SLU2,Weekday2_Morning,Weekday,Morning,20180719,0823,0833,event:commercial_event,Heavy Clouds,61,UD4H,22,1,1,1,,,1,,,,,,,,,,,1,,,1,,,,,,,,,,1,,1,,,1,,,,,,,,,
"6,493",2018 People Staying Counts,SLU2,Weekday2_Morning,Weekday,Morning,20180719,0823,0833,event:commercial_event,Heavy Clouds,61,UD4H,23,1,1,,1,,,1,,,,,,,,,1,,,,1,,,,,,,,,,,,,,1,,,,,,,,,,
"6,494",2018 People Staying Counts,SLU2,Weekday2_Midday,Weekday,Midday,20180719,1250,1300,,Heavy Clouds,65,UD4H,1,1,2,1,,,,,,,,1,,,,,,,1,,,,1,,,,,,1,,,,1,,,,,,,,,,,,
"6,495",2018 People Staying Counts,SLU2,Weekday2_Midday,Weekday,Midday,20180719,1250,1300,,Heavy Clouds,65,UD4H,2,1,2,,1,,,,,1,,,,,,,,1,,,1,,,,,,,,1,,,,1,,,,,,,,,,,,
"6,496",2018 People Staying Counts,SLU2,Weekday2_Midday,Weekday,Midday,20180719,1250,1300,,Heavy Clouds,65,UD4H,3,1,2,1,,,,,,1,,,,,,,,,,1,1,,,,,,,,,,1,,1,,,,,,,,,,,,
"6,497",2018 People Staying Counts,SLU2,Weekday2_Midday,Weekday,Midday,20180719,1250,1300,,Heavy Clouds,65,UD4H,4,1,2,1,,,,,,,,1,,,,,,,1,,1,,,,,,,,,,1,,1,,,,,,,,,,,,
"6,498",2018 People Staying Counts,SLU2,Weekday2_Midday,Weekday,Midday,20180719,1250,1300,,Heavy Clouds,65,UD4H,5,1,3,,1,,1,,,,,,,,,,,,1,,1,,,,,,,,,1,,,1,,,,,,,,,,,,
"6,499",2018 People Staying Counts,SLU2,Weekday2_Midday,Weekday,Midday,20180719,1250,1300,,Heavy Clouds,65,UD4H,6,1,3,,1,,1,,,,,,,,,,,1,,,1,,,,,,,,,1,,,1,,1,,,,,,,,,,
"6,500",2018 People Staying Counts,SLU2,Weekday2_Midday,Weekday,Midday,20180719,1250,1300,,Heavy Clouds,65,UD4H,7,1,3,,1,,1,,,,,,,,,,,1,,,1,,,,,,,,,,1,,1,,1,,1,,,,,,,,
"6,501",2018 People Staying Counts,SLU2,Weekday2_Midday,Weekday,Midday,20180719,1250,1300,,Heavy Clouds,65,UD4H,8,1,1,1,,,1,,,,,,,,,,,1,,,1,,,,,,,,,1,,,,,,,,,,,,,,,
"6,502",2018 People Staying Counts,SLU2,Weekday2_Midday,Weekday,Midday,20180719,1250,1300,,Heavy Clouds,65,UD4H,9,1,1,1,,,1,,,,,,,,,,,1,,,1,,,,,,,,,,1,,,,1,,,,,,,,,,
"6,503",2018 People Staying Counts,SLU2,Weekday2_Midday,Weekday,Midday,20180719,1250,1300,,Heavy Clouds,65,UD4H,10,1,1,1,,,,,,,1,,,,,,,,1,,,1,,,,,,,,,1,,,,1,,,,,,,,,,
"6,504",2018 People Staying Counts,SLU2,Weekday2_Midday,Weekday,Midday,20180719,1250,1300,,Heavy Clouds,65,UD4H,11,1,1,1,,,1,,,,,,,,,,,,1,,1,,,,,,,,,1,,,,,,,,,,,,,,,
"6,505",2018 People Staying Counts,SLU2,Weekday2_Midday,Weekday,Midday,20180719,1250,1300,,Heavy Clouds,65,UD4H,12,1,1,,1,,,,,1,,,,,,,,1,,,1,,,,,,,,,1,,,,,1,,,,,,,,,,
"6,506",2018 People Staying Counts,SLU2,Weekday2_Midday,Weekday,Midday,20180719,1250,1300,,Heavy Clouds,65,UD4H,13,1,2,,1,,,,,1,,,,,,,,,1,,1,,,,,,,,,1,,,1,,1,,,,,,,,,,
"6,507",2018 People Staying Counts,SLU2,Weekday2_Midday,Weekday,Midday,20180719,1250,1300,,Heavy Clouds,65,UD4H,14,1,3,,1,,,,,1,,,,,,,,,1,,1,,,,,,,,,,1,,1,,1,,,,,,,,,,
"6,508",2018 People Staying Counts,SLU2,Weekday2_Midday,Weekday,Midday,20180719,1250,1300,,Heavy Clouds,65,UD4H,15,1,3,,1,,,,,1,,,,,,,,1,,,1,,,,,,,,,,1,,1,,1,,,,,,,,,,
"6,509",2018 People Staying Counts,SLU2,Weekday2_Midday,Weekday,Midday,20180719,1250,1300,,Heavy Clouds,65,UD4H,16,1,1,,1,,1,,,,,,,,,,,,1,,1,,,,,,,,,,1,,,,,,,,,,,,,,
"6,510",2018 People Staying Counts,SLU2,Weekday2_Midday,Weekday,Midday,20180719,1250,1300,,Heavy Clouds,65,UD4H,17,1,1,,1,,1,,,,,,,,,,1,,,,1,,,,,,,,1,,,,1,,,,,,,,,,,,
"6,511",2018 People Staying Counts,SLU2,Weekday2_Midday,Weekday,Midday,20180719,1250,1300,,Heavy Clouds,65,UD4H,18,1,2,1,,,,,,1,,,,,,,,1,,,1,,,,,,,,1,,,1,1,,,,,,,,,,,,
"6,512",2018 People Staying Counts,SLU2,Weekday2_Midday,Weekday,Midday,20180719,1250,1300,,Heavy Clouds,65,UD4H,19,1,2,,1,,,,,1,,,,,,,,1,,,1,,,,,,,,1,,,,1,,,,,,,,,,,,
"6,513",2018 People Staying Counts,SLU2,Weekday2_Midday,Weekday,Midday,20180719,1250,1300,,Heavy Clouds,65,UD4H,20,1,1,1,,,,,,1,,,,,,,1,,,,1,,,,,,,,,1,,,1,1,,,,,,,,,,,
"6,514",2018 People Staying Counts,SLU2,Weekday2_Midday,Weekday,Midday,20180719,1250,1300,,Heavy Clouds,65,UD4H,21,1,1,,1,,1,,,,,,,,,,,,1,,1,,,,,,,,,1,,,1,,,,,,,,,,,,
"6,515",2018 People Staying Counts,SLU2,Weekday2_Midday,Weekday,Midday,20180719,1250,1300,,Heavy Clouds,65,UD4H,22,1,1,1,,,,,,1,,,,,,,,1,,,1,,,,,,,,,1,,,,,,,,,,,,,,,
"6,516",2018 People Staying Counts,SLU2,Weekday2_Midday,Weekday,Midday,20180719,1250,1300,,Heavy Clouds,65,UD4H,23,1,2,1,,,1,,,,,,,,,,,,1,,1,,,,,,,,,1,,,1,,,,,,,,,,,,
"6,517",2018 People Staying Counts,SLU2,Weekday2_Midday,Weekday,Midday,20180719,1250,1300,,Heavy Clouds,65,UD4H,24,1,2,,1,,1,,,,,,,,,,,1,,,1,,,,,,,,,,1,,1,,1,,,,,,,,,,
"6,518",2018 People Staying Counts,SLU2,Weekday2_Evening,Weekday,Evening,20180719,1623,1633,,Heavy Clouds,67,UD4H,1,1,3,1,,,1,,,,,,,,,,1,,,,1,,,,,,,,,,,,1,,,,,,,,,,,1,
"6,519",2018 People Staying Counts,SLU2,Weekday2_Evening,Weekday,Evening,20180719,1623,1633,,Heavy Clouds,67,UD4H,2,1,3,1,,,,,,1,,,,,,,1,,,,1,,,,,,,,,,,,1,,,,,,,,,,,1,
"6,520",2018 People Staying Counts,SLU2,Weekday2_Evening,Weekday,Evening,20180719,1623,1633,,Heavy Clouds,67,UD4H,3,1,3,1,,,,,,1,,,,,,,1,,,,1,,,,,,,,,,,,1,,,,,,,,,,,1,
"6,521",2018 People Staying Counts,SLU2,Weekday2_Evening,Weekday,Evening,20180719,1623,1633,,Heavy Clouds,67,UD4H,4,1,1,,1,,1,,,,,,,,,,,,1,,1,,,,,,,,,,,,,,1,,,1,,,,,,,
"6,522",2018 People Staying Counts,SLU2,Weekday2_Evening,Weekday,Evening,20180719,1623,1633,,Heavy Clouds,67,UD4H,5,1,1,1,,,1,,,,,,,,,,,,1,,1,,,,,,,,,,,,,,,1,,,,,,,,,
"6,523",2018 People Staying Counts,SLU2,Weekday2_Evening,Weekday,Evening,20180719,1623,1633,,Heavy Clouds,67,UD4H,6,1,1,1,,,,,,1,,,,,,,1,,,,,,1,,,,,,,,,,,,1,,,,,1,,,,,
"6,524",2018 People Staying Counts,SLU2,Weekday2_Evening,Weekday,Evening,20180719,1623,1633,,Heavy Clouds,67,UD4H,7,1,1,1,,,,,,1,,,,,,,1,,,,1,,,,,,,,,,,,,,1,,,1,,,,,,,
"6,525",2018 People Staying Counts,SLU2,Weekday2_Evening,Weekday,Evening,20180719,1623,1633,,Heavy Clouds,67,UD4H,8,1,1,,1,,1,,,,,,,,,,,,1,,,1,,,,,,,,,,,,,,,1,,,,,,,,
"6,526",2018 People Staying Counts,SLU2,Weekday2_Evening,Weekday,Evening,20180719,1623,1633,,Heavy Clouds,67,UD4H,9,1,2,1,,,1,,,,,,,,,,,,1,,1,,,,,,,,,,,,1,,,,,,,,,,,,
"6,527",2018 People Staying Counts,SLU2,Weekday2_Evening,Weekday,Evening,20180719,1623,1633,,Heavy Clouds,67,UD4H,10,1,2,,1,,1,,,,,,,,,,,1,,,1,,,,,,,,,,,,1,,,,,,,,,,,,
"6,528",2018 People Staying Counts,SLU2,Weekday2_Evening,Weekday,Evening,20180719,1623,1633,,Heavy Clouds,67,UD4H,11,1,1,1,,,1,,,,,,,,,,,1,,,1,,,,,,,,,,,,,,1,,,,,,,,,,
"6,529",2018 People Staying Counts,SLU2,Weekday2_Evening,Weekday,Evening,20180719,1623,1633,,Heavy Clouds,67,UD4H,12,1,2,1,,,,1,,,,,,,,,1,,,,1,,,,,,,,,,,,1,,1,,,,,,,,,,
"6,530",2018 People Staying Counts,SLU2,Weekday2_Evening,Weekday,Evening,20180719,1623,1633,,Heavy Clouds,67,UD4H,13,1,2,,1,,,1,,,,,,,,,1,,,,1,,,,,,,,,,,,1,,1,,,,,,,,,,
"6,531",2018 People Staying Counts,SLU2,Weekday2_Evening,Weekday,Evening,20180719,1623,1633,,Heavy Clouds,67,UD4H,14,1,1,,1,,,,,1,,,,,,,1,,,,1,,,,,,,,,,,,,,,,1,1,,,,,,,
"6,532",2018 People Staying Counts,SLU2,Weekday2_Evening,Weekday,Evening,20180719,1623,1633,,Heavy Clouds,67,UD4H,15,1,1,1,,,1,,,,,,,,,,,1,,,1,,,,,,,,,,,,,,1,,,1,,,,,,,
"6,533",2018 People Staying Counts,SLU2,Weekday2_Evening,Weekday,Evening,20180719,1623,1633,,Heavy Clouds,67,UD4H,16,1,1,,1,,1,,,,,,,,,,,,1,,1,,,,,,,,,,,,,,1,,,,,,,,,,
"6,534",2018 People Staying Counts,SLU2,Weekday2_Evening,Weekday,Evening,20180719,1623,1633,,Heavy Clouds,67,UD4H,17,1,2,1,,,,,,1,,,,,,,,,1,,1,,,,,,,,,,,,1,,,,,,,,,,,,
"6,535",2018 People Staying Counts,SLU2,Weekday2_Evening,Weekday,Evening,20180719,1623,1633,,Heavy Clouds,67,UD4H,18,1,2,,1,,,,,1,,,,,,,,,1,,1,,,,,,,,,,,,,,1,,,,,,,,,,
"6,536",2018 People Staying Counts,SLU2,Weekday2_Evening,Weekday,Evening,20180719,1623,1633,,Heavy Clouds,67,UD4H,19,1,1,,1,,,,,1,,,,,,,,,1,,1,,,,,,,,,,,,1,,,,,,,,,,,,
